0000141333310720131638012413798716
0000141343310720131642013375008561
0000141353310720131651013143911548
0000141363310720131707019008788767
0000141373310720131715012801628567
0000141383310720131716012537695897
0000141393310720131743012413798716
0000141403310720131822012288622123
0000141413310720131844012956105541
0000141423310720131845013775780938
0000141433310720131846013282398602
0000141443310720131853013108643583
0000141453310720131856013281185567
0000141463310720131856013324120623
0000141473310720131856012363099119
0000141483310720131857012363171936
0000141493310720131900012328355066
0000141503310720131901012805962097
0000141513310720131901012477101643
0000141523310720131906012490932707
0000141533310720131908012986288563
0000141543310720131908013078181854
0000141553310720131909018221479905
0000141563310720131909013340720605
0000141573310720131910012050927365
0000141583310720131910012698827582
0000141593310720131943012008677348
0000141603010820130618013282366603
0000141613010820130618013324120623
0000141623010820130635016559102905
0000141633010820130636012537137908
0000141643010820130636012434438913
0000141653010820130638010746412220
0000141663010820130639012371544266
0000141673010820130644016561215258
0000141683010820130647012456557427
0000141693010820130654012624503546
0000141703010820130654013401848541
0000141713010820130656013016004606
0000141723010820130656013775780938
0000141733010820130657012990449932
0000141743010820130657012611822621
0000141753010820130657012307450175
0000141763010820130659013003689621
0000141773010820130700019036823792
0000141783010820130700012288622123
0000141793010820130700013266223623
0000141803010820130702012219909451
0000141813010820130702012219909451
0000141823010820130702012363171936
0000141833010820130703021079846680
0000141843010820130703013023523621
0000141853010820130703020737056546
0000141863010820130705013054086606
0000141873010820130705012901774603
0000141883010820130707012195819652
0000141893010820130707012698827582
0000141903010820130707012866650478
0000141913010820130708013001901542
0000141923010820130708012907889569
0000141933010820130708012231146209
0000141943010820130710010831104454
0000141953010820130710013282398602
0000141963010820130711012710115567
0000141973010820130712012710115567
0000141983010820130712012956105541
0000141993010820130713013078181854
0000142003010820130714019027518257
0000142013010820130715017014719201
0000142023010820130717013340720605
0000142033010820130724013368683607
0000142043010820130724020469666271
0000142053010820130727013402189568
0000142063010820130727014492005273
0000142073010820130740013123898546
0000142083010820130740019008788767
0000142093010820130742013337517608
0000142103010820130747013340555604
0000142113010820130749012807241567
0000142123010820130751012496991179
0000142133010820130808012801628567
0000142163010820130811013375117603
0000142193010820130816012307071360
0000142203010820130837013348177625
0000142213010820130837012413798716
0000142223010820130837013143911548
0000142263010820130843013015174567
0000142273010820130845012537695897
0000144323010820131609012801628567
0000144333010820131656019008788767
0000144343010820131657012537695897
0000144353010820131744013143911548
0000144363010820131744013348177625
0000144373010820131826012184420354
0000144383010820131828014813722276
0000144393010820131829012098256436
0000144403010820131832012599798606
0000144413010820131840012580778626
0000144423010820131841013282366603
0000144433010820131844016559102905
0000144443010820131850012807241567
0000144453010820131851013015174567
0000144463010820131855012948690546
0000144473010820131856013340555604
0000144483010820131856016561215258
0000144493010820131858012430750645
0000144503010820131902012307450175
0000144513010820131904019013646452
0000144523010820131905012307071360
0000144533010820131908012866650478
0000144543010820131920012831502561
0000144553010820131925012496991179
0000144563010820131927012205262353
0000144573010820131930013016004606
0000144583010820131949013223620299
0000144593020820130626013324120623
0000144603020820130627012363099119
0000144613020820130632012514436755
0000144623020820130634012050927365
0000144633020820130634012019979200
0000144643020820130639012805962097
0000144653020820130640013281185567
0000144663020820130649012328355066
0000144673020820130653012815191131
0000144683020820130653012477101643
0000144693020820130654012701349607
0000144703020820130654018221479905
0000144713020820130654012205262353
0000144723020820130654010746412220
0000144733020820130656013335552546
0000144743020820130656013158042850
0000144753020820130658012599798606
0000144763020820130658012098256436
0000144773020820130700012580778626
0000144783020820130700012430750645
0000144793020820130700014813722276
0000144803020820130701014813722276
0000144813020820130701012831502561
0000144823020820130703019035856492
0000144833020820130703012990449932
0000144843020820130704012750071587
0000144853020820130708012371544266
0000144863020820130708019013646452
0000144873020820130710019028115687
0000144883020820130711013003689621
0000144893020820130711012184420354
0000144903020820130712013402189568
0000144913020820130713020737056546
0000144923020820130716013401848541
0000144933020820130717012434438913
0000144943020820130717013023813603
0000144953020820130720019020254203
0000144963020820130721013101611899
0000144973020820130721013033365581
0000144983020820130722012319976096
0000144993020820130724012624503546
0000145003020820130727012456557427
0000145013020820130727013001901542
0000145023020820130728012430762570
0000145033020820130730012008677348
0000145043020820130733012231146209
0000145053020820130740020157049145
0000145063020820130818012801628567
0000145073020820130827012537695897
0000145083020820130833019008788767
0000145093020820130839013143911548
