0000141333310720131638012413798716
0000141343310720131642013375008561
0000141353310720131651013143911548
0000141363310720131707019008788767
0000141373310720131715012801628567
0000141383310720131716012537695897
0000141393310720131743012413798716
0000141403310720131822012288622123
0000141413310720131844012956105541
0000141423310720131845013775780938
0000141433310720131846013282398602
0000141443310720131853013108643583
0000141453310720131856013281185567
0000141463310720131856013324120623
0000141473310720131856012363099119
0000141483310720131857012363171936
0000141493310720131900012328355066
0000141503310720131901012805962097
0000141513310720131901012477101643
0000141523310720131906012490932707
0000141533310720131908012986288563
0000141543310720131908013078181854
0000141553310720131909018221479905
0000141563310720131909013340720605
0000141573310720131910012050927365
0000141583310720131910012698827582
0000141593310720131943012008677348
0000141603010820130618013282366603
0000141613010820130618013324120623
0000141623010820130635016559102905
0000141633010820130636012537137908
0000141643010820130636012434438913
0000141653010820130638010746412220
0000141663010820130639012371544266
0000141673010820130644016561215258
0000141683010820130647012456557427
0000141693010820130654012624503546
0000141703010820130654013401848541
0000141713010820130656013016004606
0000141723010820130656013775780938
0000141733010820130657012990449932
0000141743010820130657012611822621
0000141753010820130657012307450175
0000141763010820130659013003689621
0000141773010820130700019036823792
0000141783010820130700012288622123
0000141793010820130700013266223623
0000141803010820130702012219909451
0000141813010820130702012219909451
0000141823010820130702012363171936
0000141833010820130703021079846680
0000141843010820130703013023523621
0000141853010820130703020737056546
0000141863010820130705013054086606
0000141873010820130705012901774603
0000141883010820130707012195819652
0000141893010820130707012698827582
0000141903010820130707012866650478
0000141913010820130708013001901542
0000141923010820130708012907889569
0000141933010820130708012231146209
0000141943010820130710010831104454
0000141953010820130710013282398602
0000141963010820130711012710115567
0000141973010820130712012710115567
0000141983010820130712012956105541
0000141993010820130713013078181854
0000142003010820130714019027518257
0000142013010820130715017014719201
0000142023010820130717013340720605
0000142033010820130724013368683607
0000142043010820130724020469666271
0000142053010820130727013402189568
0000142063010820130727014492005273
0000142073010820130740013123898546
0000142083010820130740019008788767
0000142093010820130742013337517608
0000142103010820130747013340555604
0000142113010820130749012807241567
0000142123010820130751012496991179
0000142133010820130808012801628567
0000142163010820130811013375117603
0000142193010820130816012307071360
0000142203010820130837013348177625
0000142213010820130837012413798716
0000142223010820130837013143911548
0000142263010820130843013015174567
0000142273010820130845012537695897
0000144323010820131609012801628567
0000144333010820131656019008788767
0000144343010820131657012537695897
0000144353010820131744013143911548
0000144363010820131744013348177625
0000144373010820131826012184420354
0000144383010820131828014813722276
0000144393010820131829012098256436
0000144403010820131832012599798606
0000144413010820131840012580778626
0000144423010820131841013282366603
0000144433010820131844016559102905
0000144443010820131850012807241567
0000144453010820131851013015174567
0000144463010820131855012948690546
0000144473010820131856013340555604
0000144483010820131856016561215258
0000144493010820131858012430750645
0000144503010820131902012307450175
0000144513010820131904019013646452
0000144523010820131905012307071360
0000144533010820131908012866650478
0000144543010820131920012831502561
0000144553010820131925012496991179
0000144563010820131927012205262353
0000144573010820131930013016004606
0000144583010820131949013223620299
0000144593020820130626013324120623
0000144603020820130627012363099119
0000144613020820130632012514436755
0000144623020820130634012050927365
0000144633020820130634012019979200
0000144643020820130639012805962097
0000144653020820130640013281185567
0000144663020820130649012328355066
0000144673020820130653012815191131
0000144683020820130653012477101643
0000144693020820130654012701349607
0000144703020820130654018221479905
0000144713020820130654012205262353
0000144723020820130654010746412220
0000144733020820130656013335552546
0000144743020820130656013158042850
0000144753020820130658012599798606
0000144763020820130658012098256436
0000144773020820130700012580778626
0000144783020820130700012430750645
0000144793020820130700014813722276
0000144803020820130701014813722276
0000144813020820130701012831502561
0000144823020820130703019035856492
0000144833020820130703012990449932
0000144843020820130704012750071587
0000144853020820130708012371544266
0000144863020820130708019013646452
0000144873020820130710019028115687
0000144883020820130711013003689621
0000144893020820130711012184420354
0000144903020820130712013402189568
0000144913020820130713020737056546
0000144923020820130716013401848541
0000144933020820130717012434438913
0000144943020820130717013023813603
0000144953020820130720019020254203
0000144963020820130721013101611899
0000144973020820130721013033365581
0000144983020820130722012319976096
0000144993020820130724012624503546
0000145003020820130727012456557427
0000145013020820130727013001901542
0000145023020820130728012430762570
0000145033020820130730012008677348
0000145043020820130733012231146209
0000145053020820130740020157049145
0000145063020820130818012801628567
0000145073020820130827012537695897
0000145083020820130833019008788767
0000145093020820130839013143911548
0000145123020820131700013348177625
0000145133020820131701012537695897
0000145143020820131703019008788767
0000145153020820131728012801628567
0000145163020820131832013775780938
0000145173020820131833012288622123
0000145183020820131846019028115687
0000145193020820131852012363171936
0000145203020820131900012805962097
0000145213020820131900012328355066
0000145223020820131900012363099119
0000145233020820131901013016004606
0000145243020820131901018221479905
0000145253020820131901013281185567
0000145263020820131903012477101643
0000145273020820131903012008677348
0000145283020820131906017017226737
0000145293020820131906017017226737
0000145303020820131913012912871540
0000145313020820131914013223620299
0000145323020820131917012698827582
0000145333020820131918013078181854
0000145343020820131918012050927365
0000145353020820131921013340720605
0000145363020820131921012537137908
0000145373020820131921012956105541
0000145383020820132017013143911548
0000145393020820132017013348177625
0000145403030820130626012462093267
0000145413030820130627016561215258
0000145423030820130633013015174567
0000145433030820130638012538135755
0000145443030820130639013282366603
0000145453030820130640012724154543
0000145463030820130648010094962488
0000145473030820130650016559443273
0000145483030820130652014585442835
0000145493030820130654019018711759
0000145503030820130654013024837131
0000145513030820130654012205098138
0000145523030820130656013775780938
0000145533030820130656012866650478
0000145543030820130657013020335603
0000145553030820130700013023813603
0000145563030820130700012514436755
0000145573030820130700012288622123
0000145583030820130701012992819621
0000145593030820130701012912871540
0000145603030820130701013335552546
0000145613030820130702019020254203
0000145623030820130702012879773549
0000145633030820130702012386578293
0000145643030820130702012319976096
0000145653030820130704012500170243
0000145663030820130706012559622582
0000145673030820130706013158042850
0000145683030820130707012594062547
0000145693030820130710012019979200
0000145703030820130710017023709736
0000145713030820130715012698827582
0000145723030820130715012363171936
0000145733030820130715013016004606
0000145743030820130716012956105541
0000145753030820130717019008204943
0000145763030820130718012750071587
0000145773030820130718013078181854
0000145783030820130719013101611899
0000145793030820130725016559102905
0000145803030820130726012701349607
0000145813030820130732013340720605
0000145823030820130734017017226737
0000145833030820130753019035856492
0000145863030820130931013393339604
0000145893030820130942015971167271
0000145903030820131253013324120623
0000145913030820131830014813722276
0000145923030820131834012599798606
0000145933030820131848012363171936
0000145943030820131856013282366603
0000145953030820131901013015174567
0000145963030820131912012496991179
0000145973030820131917012205262353
0000145983030820131918012430750645
0000145993030820131926015971167271
0000146003040820130641012805962097
0000146013040820130645020035500934
0000146023040820130645020035500934
0000146033040820130649012928375548
0000146043040820130650016561215258
0000146053040820130651012328355066
0000146063040820130652012363171936
0000146073040820130653017007888257
0000146083040820130659012050927365
0000146093040820130700012462093267
0000146103040820130701019008204943
0000146113040820130702013393339604
0000146123040820130702013310508543
0000146133040820130702012205098138
0000146143040820130703012594062547
0000146153040820130704012363099119
0000146163040820130706014813722276
0000146173040820130706013042840580
0000146183040820130706014585442835
0000146193040820130707018221479905
0000146203040820130707013281185567
0000146213040820130709012599798606
0000146223040820130713012500170243
0000146233040820130713012500170243
0000146243040820130714012477101643
0000146253040820130716012205262353
0000146263040820130716013230041606
0000146273040820130722019018711759
0000146303040820130725013110988622
0000146313040820130726012430750645
0000146323040820130726010094962488
0000146333040820130727012008677348
0000146343040820130727012964126544
0000146353040820130728013020335603
0000146363040820130728013248344562
0000146373040820130728013324120623
0000146383040820130728017023709736
0000146393040820130740012992819621
0000146403040820130752016559443273
0000146413040820130807012559622582
0000146423040820130810013040688609
0000146433040820131339013109731567
0000146443040820131400013080174568
0000146453040820131627013284800564
0000146463040820131655012723818197
0000146473040820131842013775780938
0000146483040820131850012288622123
0000146493040820131857012328355066
0000146503040820131857013340720605
0000146513040820131859012698827582
0000146523040820131900012008677348
0000146533040820131901013375117603
0000146543040820131902012363099119
0000146553040820131906012805962097
0000146563040820131906018221479905
0000146593040820131909011678204123
0000146603040820131909012477101643
0000146613040820131909012050927365
0000146623040820131910013375008561
0000146633040820131912012912871540
0000146643040820131914013078181854
0000146673040820131917013388088542
0000146683040820131918020035500934
0000146693040820131919013281185567
0000146703040820131933012895308545
0000146713040820131933012283119229
0000146723040820132051013324120623
0000146733050820130618013775780938
0000146743050820130627016561215258
0000146753050820130632013015174567
0000146763050820130633016382873463
0000146773050820130649012876146586
0000146783050820130649016559102905
0000146793050820130652013108773568
0000146803050820130653011687628046
0000146813050820130653016873416585
0000146823050820130655013282366603
0000146833050820130656012646880601
0000146843050820130658019035856492
0000146853050820130658013110988622
0000146863050820130700012288622123
0000146873050820130700020035500934
0000146883050820130700012912871540
0000146893050820130701010563286471
0000146903050820130701012871807606
0000146913050820130702012386578293
0000146923050820130703013057168565
0000146933050820130704013310508543
0000146943050820130704012490619537
0000146953050820130705013248344562
0000146963050820130705017007888257
0000146973050820130706012363171936
0000146983050820130706013080174568
0000146993050820130706012698827582
0000147003050820130707013388088542
0000147013050820130708013123898546
0000147023050820130712012723818197
0000147033050820130713012612719581
0000147043050820130716011678204123
0000147053050820130717013042840580
0000147063050820130719013340720605
0000147073050820130719013375117603
0000147083050820130719012283119229
0000147093050820130720012928375548
0000147103050820130724015971167271
0000147113050820130725013109731567
0000147123050820130742013040688609
0000147133050820130753019008788767
0000147143050820130801013348177625
0000147153050820130801013110799609
0000147163050820130807012801628567
0000147173050820130823016561215258
0000147183050820130828012413798716
0000147193050820130843013143911548
0000147233050820131453012282798475
0000147243050820131743019008788767
0000147253050820131807012801628567
0000147263050820131830012580778626
0000147273050820131834014813722276
0000147283050820131845012098256436
0000147293050820131848013015174567
0000147303050820131849013282366603
0000147313050820131902012948690546
0000147323050820131902012895308545
0000147333050820131903013110799609
0000147343050820131907012205262353
0000147353050820131912019013646452
0000147363050820131913012599798606
0000147373050820131916012831502561
0000147383050820131927012831502561
0000147393050820131935012496991179
0000147403050820131946015971167271
0000147413060820130624013324120623
0000147423060820130627010746412220
0000147433060820130629019027518257
0000147443060820130635010605420464
0000147453060820130640012898221548
0000147463060820130646012893025562
0000147473060820130646010831104454
0000147483060820130647013054086606
0000147493060820130647012805962097
0000147503060820130649012050927365
0000147513060820130649012363099119
0000147523060820130650013281185567
0000147533060820130654012328355066
0000147543060820130655013352646588
0000147553060820130655018221479905
0000147563060820130657012901774603
0000147573060820130659012205262353
0000147583060820130700014813722276
0000147593060820130700016382873463
0000147603060820130700017014719201
0000147613060820130700012008677348
0000147623060820130700016873416585
0000147633060820130700012580778626
0000147643060820130701012430750645
0000147653060820130701019036823792
0000147663060820130701012477101643
0000147673060820130701012195819652
0000147683060820130703012599798606
0000147693060820130703012098256436
0000147703060820130703013368683607
0000147713060820130704012948690546
0000147723060820130704012831502561
0000147733060820130705012612719581
0000147743060820130706012282798475
0000147753060820130707013123898546
0000147763060820130708010563286471
0000147773060820130710012646880601
0000147783060820130713012895308545
0000147793060820130713014492005273
0000147803060820130715012876146586
0000147813060820130715019013646452
0000147823060820130726021079846680
0000147833060820130730012986288563
0000147843060820130730013340555604
0000147853060820130731013108773568
0000147863060820130732012386578293
0000147873060820130732013230041606
0000147883060820130734011687628046
0000147893060820130734020035500934
0000147903060820130741020469666271
0000147913060820130744019035856492
0000147923060820130745019043562036
0000147933060820130746014419746277
0000147943060820130747012430762570
0000147953060820130805013348177625
0000147963060820130806013348177625
0000147973060820130806013085261604
0000147983060820130813010690576568
0000147993060820130813012801628567
0000148003060820130829012537695897
0000148013060820130835013143911548
0000148023060820131041012413798716
0000148073060820131537013341463622
0000148083060820131701012801628567
0000148093060820131712012537695897
0000148103060820131718013348177625
0000148113060820131718012413798716
0000148123060820131835011678204123
0000148133060820131844012288622123
0000148143060820131850019043562036
0000148153060820131850014419746277
0000148163060820131854013340555604
0000148173060820131856012956105541
0000148183060820131857012363171936
0000148193060820131858013775780938
0000148203060820131900013281185567
0000148213060820131900012008677348
0000148223060820131900018221479905
0000148233060820131900012328355066
0000148243060820131901012363099119
0000148253060820131901012430762570
0000148263060820131904012986288563
0000148273060820131904013341463622
0000148283060820131906012805962097
0000148293060820131917013078181854
0000148303060820131920013340720605
0000148313060820131921012477101643
0000148323060820131921012050927365
0000148333060820131924010690576568
0000148343060820131927012912871540
0000148353060820131936012698827582
0000148383060820131945012292349576
0000148393070820130604013324120623
0000148403070820130628013001901542
0000148413070820130631013282366603
0000148423070820130631012537137908
0000148433070820130635016559102905
0000148443070820130636016328907177
0000148453070820130637013015174567
0000148463070820130645012371544266
0000148473070820130649012907889569
0000148483070820130652012456557427
0000148493070820130653013003689621
0000148503070820130653016561215258
0000148513070820130654010746412220
0000148523070820130655013266223623
0000148533070820130656012611822621
0000148543070820130657012231146209
0000148553070820130659010605420464
0000148563070820130659012363171936
0000148573070820130700012912871540
0000148583070820130700013775780938
0000148593070820130701019036823792
0000148603070820130701012219909451
0000148613070820130701012288622123
0000148623070820130704012697536622
0000148633070820130705012698827582
0000148643070820130706013402189568
0000148653070820130708014492005273
0000148663070820130708012893025562
0000148673070820130709013282398602
0000148683070820130709013054086606
0000148693070820130710012901774603
0000148703070820130710012195819652
0000148713070820130711019027518257
0000148723070820130711012898221548
0000148733070820130711010831104454
0000148743070820130713012710115567
0000148753070820130714012990449932
0000148763070820130714012292349576
0000148773070820130715012866650478
0000148783070820130722012956105541
0000148793070820130722013352646588
0000148803070820130722017014719201
0000148813070820130724020469666271
0000148823070820130724013368683607
0000148833070820130725012624503546
0000148843070820130725011678204123
0000148853070820130729021079846680
0000148863070820130733013078181854
0000148873070820130733012496991179
0000148883070820130734020157049145
0000148893070820130735012429067007
0000148903070820130735013337517608
0000148913070820130736019008788767
0000148923070820130740012184420354
0000148933070820130740013401848541
0000148943070820130752013340720605
0000148953070820130754012986288563
0000148963070820130807013348177625
0000148973070820130814013143911548
0000148983070820130819012801628567
0000148993070820130836012537695897
0000149003070820131702012801628567
0000149013070820131702019008788767
0000149023070820131705012537695897
0000149033070820131723013375008561
0000149043070820131725012413798716
0000149053070820131726013143911548
0000149063070820131831014813722276
0000149073070820131834012580778626
0000149083070820131851012986288563
0000149093070820131856012866650478
0000149103070820131904012948690546
0000149113070820131904012599798606
0000149123070820131912012098256436
0000149133070820131915013015174567
0000149143070820131920019018711759
0000149153070820131923012624503546
0000149163070820131924012430750645
0000149173070820131934016561215258
0000149183070820131952012831502561
0000149193070820132039012205262353
0000149203080820130627012363099119
0000149213080820130636012307450175
0000149223080820130640013281185567
0000149233080820130642012205262353
0000149243080820130644012434438913
0000149253080820130646012805962097
0000149263080820130651012050927365
0000149273080820130652012020334773
0000149283080820130653013335552546
0000149293080820130656013375117603
0000149303080820130659012319976096
0000149313080820130659012734943567
0000149323080820130659012734943567
0000149333080820130700012599798606
0000149343080820130700013266223623
0000149353080820130700012184420354
0000149363080820130700012333477700
0000149373080820130700012580778626
0000149383080820130701014813722276
0000149393080820130701012008677348
0000149403080820130703013158042850
0000149413080820130703012948690546
0000149423080820130704012219909451
0000149433080820130705012098256436
0000149443080820130705012831502561
0000149453080820130705016328907177
0000149463080820130706012611822621
0000149473080820130707012710115567
0000149483080820130707019018711759
0000149493080820130710012328355066
0000149503080820130710012697536622
0000149513080820130710013023813603
0000149523080820130711012537137908
0000149533080820130711012371544266
0000149543080820130711013101611899
0000149553080820130712017060753395
0000149563080820130713013003689621
0000149573080820130714013223076580
0000149583080820130716012990449932
0000149593080820130716012430750645
0000149603080820130717012907889569
0000149613080820130717012750071587
0000149623080820130718012477101643
0000149633080820130719012456557427
0000149643080820130721013282398602
0000149653080820130722012429067007
0000149663080820130722018221479905
0000149673080820130725013001901542
0000149683080820130726015101175270
0000149693080820130727015931944277
0000149703080820130734013402189568
0000149713080820130739012231146209
0000149723080820130739012231146209
0000149733080820130740012701349607
0000149743080820130746013401848541
0000149753080820130753019008788767
0000149763080820130801013340555604
0000149773080820130803012801628567
0000149783080820130804012807241567
0000149793080820130813013348177625
0000149803080820130813020157049145
0000149813080820130833013143911548
0000149823080820130905012537695897
0000149833080820131032012413798716
0000149873080820131100013337507564
0000149883080820131209012801628567
0000149923080820131526012323040040
0000149933080820131710012537695897
0000149943080820131711013143911548
0000149953080820131711012413798716
0000149963080820131712013348177625
0000149973080820131810012288622123
0000149983080820131824012815191131
0000149993080820131846012956105541
0000150003080820131846012807241567
0000150013080820131857013340555604
0000150023080820131857013016004606
0000150033080820131858013078181854
0000150043080820131858012363099119
0000150053080820131859012307450175
0000150063080820131903015931944277
0000150073080820131904012477101643
0000150083080820131904012050927365
0000150093080820131904013281185567
0000150103080820131905012008677348
0000150113080820131906012698827582
0000150123080820131914012363171936
0000150133080820131916018221479905
0000150143080820131916013340720605
0000150153080820131917013775780938
0000150163080820131922012805962097
0000150173080820131922012292349576
0000150183080820131926012912871540
0000150193080820131927019013646452
0000150203080820131933012328355066
0000150213080820131937013223620299
0000150223090820130629016561215258
0000150233090820130632012514436755
0000150243090820130637013015174567
0000150253090820130642016559102905
0000150263090820130643012559622582
0000150273090820130643013775780938
0000150283090820130646013024399622
0000150293090820130651013282366603
0000150303090820130652012664892608
0000150313090820130655012624503546
0000150323090820130655019008204943
0000150333090820130655019035856492
0000150343090820130656012019979200
0000150353090820130657019013646452
0000150363090820130657012363171936
0000150373090820130658013042840580
0000150383090820130659012750071587
0000150393090820130700013023813603
0000150403090820130700012912871540
0000150413090820130700013335552546
0000150423090820130701012992819621
0000150433090820130701012462093267
0000150443090820130701014492005273
0000150453090820130701012020334773
0000150463090820130703012288622123
0000150473090820130705012319976096
0000150483090820130705012538135755
0000150493090820130705012698827582
0000150503090820130706012430762570
0000150513090820130706012210531197
0000150523090820130706016559443273
0000150533090820130707012434438913
0000150543090820130708014585442835
0000150553090820130710021079846680
0000150563090820130711015101175270
0000150573090820130712017060753395
0000150583090820130715013078181854
0000150593090820130719013016004606
0000150603090820130719013340720605
0000150613090820130723012879773549
0000150623090820130724012866650478
0000150633090820130725012956105541
0000150643090820130726012701349607
0000150653090820130727013223076580
0000150663090820130729019020254203
0000150673090820130730013033365581
0000150683090820130739012496991179
0000150693090820130739013375117603
0000150703090820130743019028115687
0000150713090820130743013158042850
0000150723090820130743012815191131
0000150733090820130754012323040040
0000150743090820130807013348177625
0000150753090820130812012333477700
0000150763090820130854012537695897
0000150773090820131804013348177625
0000150783090820131808012430750645
0000150793090820131815021079846680
0000150803090820131823014813722276
0000150813090820131836012496991179
0000150823090820131837012098256436
0000150833090820131837012580778626
0000150843090820131849012599798606
0000150853090820131855014492005273
0000150863090820131855016561215258
0000150873090820131856013282366603
0000150883090820131900013223620299
0000150893090820131901013223620299
0000150903090820131903019028115687
0000150913090820131905012831502561
0000150923090820131910016559102905
0000150933090820131911012866650478
0000150943090820131921017017226737
0000150953090820131921015971167271
0000150963090820131923012205262353
0000150973090820131946013015174567
0000150983100820130632012724154543
0000150993100820130638012050927365
0000151003100820130639018221479905
0000151013100820130644013393339604
0000151023100820130646012328355066
0000151033100820130648012594062547
0000151043100820130652012205098138
0000151053100820130652012566865622
0000151063100820130652012805962097
0000151073100820130653013099075565
0000151083100820130654013044241587
0000151093100820130655012490619537
0000151103100820130657012599798606
0000151113100820130658012477101643
0000151123100820130658012205262353
0000151133100820130659010094962488
0000151143100820130659013024837131
0000151153100820130700014813722276
0000151163100820130700012580778626
0000151173100820130700012098256436
0000151183100820130700012831502561
0000151193100820130700012514436755
0000151203100820130701017023709736
0000151213100820130701012761722541
0000151223100820130702013109731567
0000151233100820130702012363099119
0000151243100820130702013281185567
0000151253100820130703019020254203
0000151263100820130703012538135755
0000151273100820130704019008204943
0000151283100820130704012992819621
0000151293100820130704012964126544
0000151303100820130707013310508543
0000151313100820130710013042840580
0000151323100820130710012430750645
0000151333100820130712012624503546
0000151343100820130714012674856604
0000151353100820130716013024399622
0000151363100820130717012019979200
0000151373100820130720012210531197
0000151383100820130720012559622582
0000151393100820130720016559443273
0000151403100820130721012430762570
0000151413100820130724012871807606
0000151423100820130726012664892608
0000151433100820130726012462093267
0000151443100820130733014585442835
0000151453100820130736017017226737
0000151463100820130736017017226737
0000151473100820130739019035856492
0000151483100820130755012008677348
0000151493100820131826012580778626
0000151503100820131840013775780938
0000151513100820131841012698827582
0000151523100820131853012050927365
0000151533100820131854012477101643
0000151543100820131857012328355066
0000151553100820131858012805962097
0000151563100820131859018221479905
0000151573100820131901012363099119
0000151583100820131901012363099119
0000151593100820131902013281185567
0000151603100820131905013078181854
0000151613100820131905013340720605
0000151623100820131921013341463622
0000151633100820131921015971167271
0000151643100820131926012956105541
0000151653100820131941012912871540
0000151663100820132021012008677348
0000151673110820130621012599798606
0000151683110820130622012098256436
0000151693110820130651012646880601
0000151703110820130652012831502561
0000151713110820130656010563286471
0000151723110820130656011687628046
0000151733110820130657013057168565
0000151743110820130657013108773568
0000151753110820130658013123898546
0000151763110820130659013340720605
0000151773110820130659012456526580
0000151783110820130659013393339604
0000151793110820130659013775780938
0000151803110820130700013024837131
0000151813110820130700017007888257
0000151823110820130701017007888257
0000151833110820130701012363099119
0000151843110820130701012912871540
0000151853110820130702012698827582
0000151863110820130703012580778626
0000151873110820130703013044241587
0000151883110820130704013230041606
0000151893110820130704012363352817
0000151903110820130704013099075565
0000151913110820130705012490619537
0000151923110820130705012386578293
0000151933110820130707020035500934
0000151943110820130707016382873463
0000151953110820130707012876146586
0000151963110820130707013040688609
0000151973110820130708012205098138
0000151983110820130709013281813622
0000151993110820130709013078181854
0000152003110820130709012594062547
0000152013110820130710017023709736
0000152023110820130714014660472279
0000152033110820130715013110988622
0000152043110820130718016873416585
0000152053110820130719013310508543
0000152063110820130719012871807606
0000152073110820130720012956105541
0000152083110820130720012956105541
0000152093110820130722010094962488
0000152103110820130735013341463622
0000152113110820130750012761722541
0000152123110820130758011678204123
0000152133110820130812013109731567
0000152143110820131818013015174567
0000152153110820131818012580778626
0000152163110820131832014813722276
0000152173110820131840012599798606
0000152183110820131905014660472279
0000152193110820131906013388088542
0000152203110820131908013375008561
0000152213110820131917012292349576
0000152223110820131917012956105541
0000152233110820131918012205262353
0000152243110820131926012430750645
0000152253110820132006013375117603
0000152263120820130636010605420464
0000152273120820130638010831104454
0000152283120820130639019027518257
0000152293120820130641012805962097
0000152303120820130641013281185567
0000152313120820130642012898221548
0000152323120820130644012893025562
0000152333120820130645012008677348
0000152343120820130649013054086606
0000152353120820130649012195819652
0000152363120820130653012205262353
0000152373120820130653018221479905
0000152383120820130653012328355066
0000152393120820130654013110988622
0000152403120820130656012928375548
0000152413120820130658012231146209
0000152423120820130659017007888257
0000152433120820130700020469666271
0000152443120820130700012580778626
0000152453120820130700019036823792
0000152463120820130701012895308545
0000152473120820130701012098256436
0000152483120820130701014492005273
0000152493120820130703016382873463
0000152503120820130703012876146586
0000152513120820130703012612719581
0000152523120820130703016873416585
0000152533120820130704012050927365
0000152543120820130707012646880601
0000152553120820130708012477101643
0000152563120820130710014813722276
0000152573120820130710013368683607
0000152583120820130712021079846680
0000152593120820130713013281813622
0000152603120820130713013015174567
0000152613120820130713013388088542
0000152623120820130718020035500934
0000152633120820130718013057168565
0000152643120820130719013023523621
0000152653120820130719012901774603
0000152663120820130719013040688609
0000152673120820130720013123898546
0000152683120820130720013341463622
0000152693120820130720013108773568
0000152703120820130720012363352817
0000152713120820130722013375008561
0000152723120820130723012831502561
0000152733120820130727018194135678
0000152743120820130728015971167271
0000152753120820130739013230041606
0000152763120820130739012386578293
0000152773120820130751012430750645
0000152783120820130752019008788767
0000152793120820130753013375117603
0000152803120820130753011678204123
0000152813120820130754013348177625
0000152823120820130825013143911548
0000152833120820130828012537695897
0000152843120820130922012413798716
0000152863120820131028012477101643
0000152893120820131253010614412827
0000152903120820131757012413798716
0000152913120820131806012288622123
0000152923120820131811013348177625
0000152933120820131822012964126544
0000152943120820131845013775780938
0000152953120820131846012698827582
0000152963120820131849012956105541
0000152973120820131849012537695897
0000152983120820131850012805962097
0000152993120820131857021079846680
0000153003120820131858013281185567
0000153013120820131859012363099119
0000153023120820131900013143911548
0000153033120820131901013340720605
0000153043120820131902012050927365
0000153053120820131903019013646452
0000153063120820131906018221479905
0000153073120820131907012328355066
0000153083120820131907012363171936
0000153093120820131912013341463622
0000153103120820131916012912871540
0000153113120820131944013337517608
0000153123120820131944019034340492
0000153133120820132001015971167271
0000153143120820132008012008677348
0000153153130820130637016561215258
0000153163130820130638013775780938
0000153173130820130641010746412220
0000153183130820130641012456557427
0000153193130820130643012537137908
0000153203130820130643016328907177
0000153213130820130643012371544266
0000153223130820130647012184420354
0000153233130820130650013015174567
0000153243130820130650013003689621
0000153253130820130651016559102905
0000153263130820130654012231146209
0000153273130820130655020737056546
0000153283130820130657013054086606
0000153293130820130658012195819652
0000153303130820130658013352646588
0000153313130820130658013368683607
0000153323130820130658019027518257
0000153333130820130658013402189568
0000153343130820130659017014719201
0000153353130820130700010831104454
0000153363130820130700013023523621
0000153373130820130700012912871540
0000153383130820130700012901774603
0000153393130820130700013401848541
0000153403130820130700012990449932
0000153413130820130703019036823792
0000153423130820130704012698827582
0000153433130820130704012964126544
0000153443130820130704012964126544
0000153453130820130707012288622123
0000153463130820130711012612719581
0000153473130820130711010852235647
0000153483130820130713012490619537
0000153493130820130713012866650478
0000153503130820130714012956105541
0000153513130820130714013078181854
0000153523130820130717012893025562
0000153533130820130718010605420464
0000153543130820130725012697536622
0000153553130820130728013282366603
0000153563130820130730012363171936
0000153573130820130732013001901542
0000153583130820130732014419746277
0000153593130820130732019043562036
0000153603130820130733012701349607
0000153613130820130737020469666271
0000153623130820130737013340555604
0000153633130820130737012898221548
0000153643130820130739013341463622
0000153653130820130741014492005273
0000153663130820130752012986288563
0000153673130820130754013085261604
0000153683130820130757012611822621
0000153693130820130759019008788767
0000153703130820130801013340720605
0000153713130820130811010690576568
0000153723130820130813013348177625
0000153733130820130816013282398602
0000153743130820130848012537695897
0000153753130820131012012430762570
0000153763130820131656019008788767
0000153773130820131703012537695897
0000153783130820131729013348177625
0000153793130820131830012580778626
0000153803130820131840014813722276
0000153813130820131847012948690546
0000153823130820131850011678204123
0000153833130820131851012098256436
0000153843130820131852019043562036
0000153853130820131854013291658603
0000153863130820131858012986288563
0000153873130820131900013340555604
0000153883130820131900014419746277
0000153893130820131900013282366603
0000153903130820131900016559102905
0000153913130820131901013015174567
0000153923130820131901012496991179
0000153933130820131901012496991179
0000153943130820131902016561215258
0000153953130820131904012866650478
0000153963130820131908012205262353
0000153973130820131911012599798606
0000153983130820131913013375008561
0000153993130820131916012430750645
0000154003130820131919012831502561
0000154013130820131924012430762570
0000154023130820131925013341463622
0000154033130820131925010690576568
0000154043140820130621012323040040
0000154053140820130627013324120623
0000154063140820130629013266223623
0000154073140820130637012050927365
0000154083140820130644012907889569
0000154093140820130646012363099119
0000154103140820130647013016004606
0000154113140820130650013335552546
0000154123140820130650013281185567
0000154133140820130651012328355066
0000154143140820130653012450071042
0000154153140820130653012948690546
0000154163140820130654013337507564
0000154173140820130655012008677348
0000154183140820130655013158042850
0000154193140820130656012490932707
0000154203140820130657012205262353
0000154213140820130657010746412220
0000154223140820130658012815191131
0000154233140820130659012020334773
0000154243140820130700014813722276
0000154253140820130701012430750645
0000154263140820130701012219909451
0000154273140820130703013003689621
0000154283140820130703012734943567
0000154293140820130704012580778626
0000154303140820130704012599798606
0000154313140820130704012990449932
0000154323140820130705012371544266
0000154333140820130705018221479905
0000154343140820130706012098256436
0000154353140820130706012429067007
0000154363140820130706012750071587
0000154373140820130707013101611899
0000154383140820130708013023813603
0000154393140820130710012831502561
0000154403140820130712013001901542
0000154413140820130714012537137908
0000154423140820130714020737056546
0000154433140820130715012611822621
0000154443140820130715016328907177
0000154453140820130716012710115567
0000154463140820130718013375008561
0000154473140820130720012319976096
0000154483140820130720013282398602
0000154493140820130723012701349607
0000154503140820130724020157049145
0000154513140820130726012490619537
0000154523140820130728011678204123
0000154533140820130728011678204123
0000154543140820130728019008788767
0000154553140820130732013402189568
0000154563140820130734012456557427
0000154573140820130734013352646588
0000154583140820130739012805962097
0000154593140820130740013401848541
0000154603140820130749013108643583
0000154613140820130807013348177625
0000154623140820130826013143911548
0000154633140820130904012537695897
0000154643140820131003012413798716
0000154663140820131415012537695897
0000154673140820131553013375008561
0000154683140820131713019008788767
0000154693140820131714013143911548
0000154703140820131734012413798716
0000154713140820131817012288622123
0000154723140820131833012956105541
0000154733140820131840014813722276
0000154743140820131844012698827582
0000154753140820131853013775780938
0000154763140820131856013108643583
0000154773140820131858012050927365
0000154783140820131900012805962097
0000154793140820131900012363171936
0000154803140820131900013078181854
0000154813140820131901012328355066
0000154823140820131902013281185567
0000154833140820131902013340720605
0000154843140820131902012490932707
0000154853140820131904012363099119
0000154863140820131907018221479905
0000154873140820131915012008677348
0000154883150820130628013282366603
0000154893150820130631016559102905
0000154903150820130640012462093267
0000154913150820130642016561215258
0000154923150820130643012664892608
0000154933150820130644012538135755
0000154943150820130649013775780938
0000154953150820130650012500170243
0000154963150820130651014585442835
0000154973150820130651016559443273
0000154983150820130655012992819621
0000154993150820130655019018711759
0000155003150820130658012559622582
0000155013150820130658012710115567
0000155023150820130659012333477700
0000155033150820130700012319976096
0000155043150820130700012020334773
0000155053150820130700014813722276
0000155063150820130700012219909451
0000155073150820130700013023813603
0000155083150820130700013335552546
0000155093150820130700012288622123
0000155103150820130701012323040040
0000155113150820130701013266223623
0000155123150820130702013015174567
0000155133150820130703012734943567
0000155143150820130703012750071587
0000155153150820130704013024399622
0000155163150820130704013101611899
0000155173150820130705013078181854
0000155183150820130705012956105541
0000155193150820130706013340720605
0000155203150820130706013042840580
0000155213150820130706013158042850
0000155223150820130707013375117603
0000155233150820130707013375008561
0000155243150820130708014492005273
0000155253150820130709012210531197
0000155263150820130709012363171936
0000155273150820130709012698827582
0000155283150820130710019008204943
0000155293150820130711013324120623
0000155303150820130711012307450175
0000155313150820130712017060753395
0000155323150820130713012879773549
0000155333150820130713012450071042
0000155343150820130713012907889569
0000155353150820130717013016004606
0000155363150820130720012866650478
0000155373150820130725015931944277
0000155383150820130729013337507564
0000155393150820130729012496991179
0000155403150820130737013340555604
0000155413150820130738013340555604
0000155423150820130742013223076580
0000155433150820130747012815191131
0000155443150820130757012462093267
0000155453150820130803012434438913
0000155463150820130804012807241567
0000155473150820130806013348177625
0000155483150820130807019008788767
0000155493150820130811012801628567
0000155503150820130831012537695897
0000155513150820130836012413798716
0000155523150820130840013143911548
0000155533150820131330012462093267
0000155543150820131659019008788767
0000155553150820131659012801628567
0000155563150820131704012413798716
0000155573150820131749012098256436
0000155583150820131819012580778626
0000155593150820131820012537695897
0000155603150820131843012807241567
0000155613150820131844012831502561
0000155623150820131844014813722276
0000155633150820131845016561215258
0000155643150820131854013282366603
0000155653150820131857012599798606
0000155663150820131858021079846680
0000155673150820131859013015174567
0000155683150820131900015931944277
0000155693150820131900012948690546
0000155703150820131900016559102905
0000155713150820131902013340555604
0000155723150820131903012866650478
0000155733150820131905013230041606
0000155743150820131912014585442835
0000155753150820131912019013646452
0000155763150820131914014585442835
0000155773150820131915014492005273
0000155783150820131917012292349576
0000155793150820131927012205262353
0000155803150820131932012430750645
0000155813150820132029013223620299
0000155823160820130631012761722541
0000155833160820130634012514436755
0000155843160820130635012363099119
0000155853160820130638012019979200
0000155863160820130638012019979200
0000155873160820130642012050927365
0000155883160820130642012624503546
0000155893160820130643010614412827
0000155903160820130643013281185567
0000155913160820130645012805962097
0000155923160820130646012723818197
0000155933160820130646018221479905
0000155943160820130648012328355066
0000155953160820130654012646880601
0000155963160820130700012210531197
0000155973160820130700012580778626
0000155983160820130702013080174568
0000155993160820130703012098256436
0000156003160820130706012462093267
0000156013160820130706012538135755
0000156023160820130706019008204943
0000156033160820130706012500170243
0000156043160820130707021079846680
0000156053160820130707012724154543
0000156063160820130708013310508543
0000156073160820130708012831502561
0000156083160820130709014813722276
0000156093160820130709012599798606
0000156103160820130709019018711759
0000156113160820130709013042840580
0000156123160820130710019028115687
0000156133160820130711015101175270
0000156143160820130711013024399622
0000156153160820130711012664892608
0000156163160820130714012434438913
0000156173160820130714012948690546
0000156183160820130716012430750645
0000156193160820130716012430762570
0000156203160820130717013099075565
0000156213160820130717016559443273
0000156223160820130718012307450175
0000156233160820130719012205262353
0000156243160820130723017060753395
0000156253160820130725013230041606
0000156263160820130726013109731567
0000156273160820130727012992819621
0000156283160820130730012333477700
0000156293160820130737013223076580
0000156303160820130737013223076580
0000156313160820130738019020254203
0000156323160820130742013248344562
0000156333160820130747012008677348
0000156343160820130756012537695897
0000156353160820130802013348177625
0000156363160820130802019008788767
0000156373160820130810012801628567
0000156383160820130938019019769882
0000156403160820131659012801628567
0000156413160820131705019008788767
0000156423160820131709013348177625
0000156433160820131746012537695897
0000156443160820131755012050927365
0000156453160820131755012698827582
0000156463160820131806012288622123
0000156473160820131843019028115687
0000156483160820131846013078181854
0000156493160820131847013775780938
0000156503160820131853013223620299
0000156513160820131859012363099119
0000156523160820131900012805962097
0000156533160820131901018221479905
0000156543160820131901013281185567
0000156553160820131903015971167271
0000156563160820131920012912871540
0000156573160820131926013340720605
0000156583160820131928017017226737
0000156593160820131948012328355066
0000156603160820131949012328355066
0000156613160820132008012008677348
0000156623170820130620016561215258
0000156633170820130638013775780938
0000156643170820130640012866650478
0000156653170820130640013057168565
0000156663170820130642010563286471
0000156673170820130643011687628046
0000156683170820130644016382873463
0000156693170820130645013282366603
0000156703170820130647013393339604
0000156713170820130652012019979200
0000156723170820130652012019979200
0000156733170820130653012594062547
0000156743170820130654020035500934
0000156753170820130654013015174567
0000156763170820130655015971167271
0000156773170820130655012205098138
0000156783170820130655012912871540
0000156793170820130656013033365581
0000156803170820130657012363352817
0000156813170820130700012514436755
0000156823170820130700013108773568
0000156833170820130700013123898546
0000156843170820130700013024837131
0000156853170820130702010094962488
0000156863170820130702017023709736
0000156873170820130703010614412827
0000156883170820130703013080174568
0000156893170820130704013281813622
0000156903170820130704016559102905
0000156913170820130704013044241587
0000156923170820130705012698827582
0000156933170820130706019020254203
0000156943170820130706012895308545
0000156953170820130707012288622123
0000156963170820130707012646880601
0000156973170820130708013310508543
0000156983170820130708012723818197
0000156993170820130710013078181854
0000157003170820130711012876146586
0000157013170820130713012724154543
0000157023170820130715012624503546
0000157033170820130718013099075565
0000157043170820130723013248344562
0000157053170820130723017017226737
0000157063170820130725012496991179
0000157073170820130729012761722541
0000157083170820130729012761722541
0000157093170820130730013109731567
0000157103170820130751013340720605
0000157113170820131725012098256436
0000157123170820131808012580778626
0000157133170820131812012831502561
0000157143170820131846012430750645
0000157153170820131846012430750645
0000157163170820131852016561215258
0000157173170820131859012205262353
0000157183170820131902012912871540
0000157193170820131903012386578293
0000157203170820131942012496991179
0000157213170820131948016559102905
0000157223170820131958012948690546
0000157233180820130629012288622123
0000157243180820130642013054086606
0000157253180820130648012020334773
0000157263180820130650013123898546
0000157273180820130651010605420464
0000157283180820130651013020335603
0000157293180820130652012477101643
0000157303180820130653019027518257
0000157313180820130655013078181854
0000157323180820130656013393339604
0000157333180820130656012912871540
0000157343180820130656013057168565
0000157353180820130656012008677348
0000157363180820130657012895308545
0000157373180820130657016873416585
0000157383180820130658012050927365
0000157393180820130658012328355066
0000157403180820130659019036823792
0000157413180820130659012845679620
0000157423180820130659017007888257
0000157433180820130700013281813622
0000157443180820130700010563286471
0000157453180820130700012098256436
0000157463180820130701013023523621
0000157473180820130701012205098138
0000157483180820130701012901774603
0000157493180820130701017014719201
0000157503180820130701012580778626
0000157513180820130702013024837131
0000157523180820130702012195819652
0000157533180820130703012831502561
0000157543180820130703012594062547
0000157553180820130705016328907177
0000157563180820130705013368683607
0000157573180820130706013044241587
0000157583180820130706018221479905
0000157593180820130710012893025562
0000157603180820130712014660472279
0000157613180820130712020469666271
0000157623180820130712013080174568
0000157633180820130714012948690546
0000157643180820130716013108773568
0000157653180820130717012805962097
0000157663180820130720016382873463
0000157673180820130721020035500934
0000157683180820130721012876146586
0000157693180820130723012430750645
0000157703180820130725017023709736
0000157713180820130726011687628046
0000157723180820130727013110988622
0000157733180820130728012205262353
0000157743180820130745015931944277
0000157753180820130750011678204123
0000157763180820130750011678204123
0000157773180820131749013040688609
0000157783180820131828013775780938
0000157793180820131837012698827582
0000157803180820131846012363171936
0000157813180820131847013375117603
0000157823180820131856012328355066
0000157833180820131857021079846680
0000157843180820131857012050927365
0000157853180820131857012805962097
0000157863180820131857012912871540
0000157873180820131900018221479905
0000157883180820131901012008677348
0000157893180820131903013340720605
0000157903180820131906012956105541
0000157913180820131906012477101643
0000157923180820131908013375008561
0000157933180820131908014660472279
0000157943180820131913013388088542
0000157953180820131918012292349576
0000157963180820131922013020335603
0000157973180820131924014492005273
0000157983180820131943010831104454
0000157993180820132037014660472279
0000158003190820130635012184420354
0000158013190820130636016561215258
0000158023190820130639012537137908
0000158033190820130642013775780938
0000158043190820130643013110988622
0000158053190820130646013282366603
0000158063190820130648016328907177
0000158073190820130649012371544266
0000158083190820130651013001901542
0000158093190820130652013015174567
0000158103190820130653016559102905
0000158113190820130657012624503546
0000158123190820130659012363171936
0000158133190820130659010605420464
0000158143190820130659012901774603
0000158153190820130700013023523621
0000158163190820130700012611822621
0000158173190820130700012288622123
0000158183190820130700012956105541
0000158193190820130700012866650478
0000158203190820130700010614412827
0000158213190820130700012928375548
0000158223190820130701013078181854
0000158233190820130701016873416585
0000158243190820130701012912871540
0000158253190820130701019036823792
0000158263190820130701017007888257
0000158273190820130701020737056546
0000158283190820130702012845679620
0000158293190820130702012231146209
0000158303190820130702012231146209
0000158313190820130703012990449932
0000158323190820130704010831104454
0000158333190820130704013040688609
0000158343190820130705013003689621
0000158353190820130705019027518257
0000158363190820130706013341463622
0000158373190820130707013080174568
0000158383190820130707012698827582
0000158393190820130709013340720605
0000158403190820130709017014719201
0000158413190820130709010852235647
0000158423190820130712013054086606
0000158433190820130714013368683607
0000158443190820130714013375117603
0000158453190820130717012893025562
0000158463190820130719012195819652
0000158473190820130719012697536622
0000158483190820130720021079846680
0000158493190820130721020469666271
0000158503190820130722013401848541
0000158513190820130729012496991179
0000158523190820130729012612719581
0000158533190820130736013375008561
0000158543190820130736019008788767
0000158553190820130744013388088542
0000158563190820130744011678204123
0000158573190820130808012537695897
0000158583190820130813013348177625
0000158613190820130830013143911548
0000158623190820130831012801628567
0000158633190820130834012413798716
0000158643190820131628012948690546
0000158653190820131700012801628567
0000158663190820131704019008788767
0000158673190820131711012098256436
0000158683190820131714012537695897
0000158693190820131731013143911548
0000158703190820131806012580778626
0000158713190820131827014813722276
0000158723190820131834016559102905
0000158733190820131834018194135678
0000158743190820131843012599798606
0000158753190820131853016561215258
0000158763190820131856013282366603
0000158773190820131856013015174567
0000158783190820131858012866650478
0000158793190820131900012496991179
0000158803190820131902012205262353
0000158813190820131904012430750645
0000158823190820131927019013646452
0000158833190820131939013341463622
0000158843190820132014012831502561
0000158853200820130631013281185567
0000158863200820130633012323040040
0000158873200820130638010746412220
0000158883200820130638013324120623
0000158893200820130641012477101643
0000158903200820130641012319976096
0000158913200820130642013352646588
0000158923200820130644012805962097
0000158933200820130645012815191131
0000158943200820130645012050927365
0000158953200820130648019018711759
0000158963200820130649012020334773
0000158973200820130649012363099119
0000158983200820130649012098256436
0000158993200820130650012611822621
0000159003200820130651012205262353
0000159013200820130654012328355066
0000159023200820130654013337507564
0000159033200820130657013016004606
0000159043200820130657010614412827
0000159053200820130657012008677348
0000159063200820130657013402189568
0000159073200820130659012948690546
0000159083200820130659013158042850
0000159093200820130659012734943567
0000159103200820130659012599798606
0000159113200820130700012580778626
0000159123200820130700014813722276
0000159133200820130703012928375548
0000159143200820130704012701349607
0000159153200820130704012831502561
0000159163200820130705013341463622
0000159173200820130707010614412827
0000159183200820130707013023813603
0000159193200820130707012456557427
0000159203200820130708012537137908
0000159213200820130709012371544266
0000159223200820130710012990449932
0000159233200820130711012430750645
0000159243200820130712012697536622
0000159253200820130712016328907177
0000159263200820130712020737056546
0000159273200820130713013003689621
0000159283200820130713012231146209
0000159293200820130716012612719581
0000159303200820130718012750071587
0000159313200820130720012184420354
0000159323200820130722013001901542
0000159333200820130722012624503546
0000159343200820130723018221479905
0000159353200820130729019043562036
0000159363200820130730014419746277
0000159373200820130736013340555604
0000159383200820130742013401848541
0000159393200820130742020157049145
0000159403200820130749013085261604
0000159413200820130750010690576568
0000159423200820130757012801628567
0000159433200820130800013348177625
0000159443200820130801012430762570
0000159453200820130810012986288563
0000159463200820130830012537695897
0000159473200820130844012413798716
0000159483200820130854013143911548
0000159493200820131656012801628567
0000159503200820131711012413798716
0000159513200820131731013348177625
0000159523200820131739012537695897
0000159533200820131741013143911548
0000159543200820131807012288622123
0000159553200820131835012723818197
0000159563200820131844013282398602
0000159573200820131847012956105541
0000159583200820131854013340555604
0000159593200820131857013341463622
0000159603200820131900013775780938
0000159613200820131900013281185567
0000159623200820131900013324120623
0000159633200820131900019043562036
0000159643200820131900014419746277
0000159653200820131901012008677348
0000159663200820131901012363099119
0000159673200820131906012805962097
0000159683200820131907013291658603
0000159693200820131909018221479905
0000159703200820131909013078181854
0000159713200820131909012363171936
0000159723200820131910013375008561
0000159733200820131910013085261604
0000159743200820131911012986288563
0000159753200820131916012912871540
0000159763200820131917012050927365
0000159773200820131918012477101643
0000159783200820131921012328355066
0000159793200820131923010690576568
0000159803200820131927012430762570
0000159813200820131927012430762570
0000159823200820131929011678204123
0000159833200820131936013340720605
0000159843200820131946012292349576
0000159873200820131948013557802344
0000159883200820131957012698827582
0000159913200820132007019013677145
0000159923210820130621016559102905
0000159933210820130635012907889569
0000159943210820130641013015174567
0000159953210820130642016561215258
0000159963210820130642012462093267
0000159973210820130643016559443273
0000159983210820130646014585442835
0000159993210820130648012559622582
0000160003210820130648012538135755
0000160013210820130651012879773549
0000160023210820130653013024399622
0000160033210820130656012363171936
0000160043210820130657012992819621
0000160053210820130657013324120623
0000160063210820130659010746412220
0000160073210820130659012490932707
0000160083210820130700012319976096
0000160093210820130700013023813603
0000160103210820130700012912871540
0000160113210820130700013016004606
0000160123210820130700012020334773
0000160133210820130700012698827582
0000160143210820130700012219909451
0000160153210820130701012210531197
0000160163210820130702013078181854
0000160173210820130703012288622123
0000160183210820130703012750071587
0000160193210820130703013337507564
0000160203210820130704012723818197
0000160213210820130704012323040040
0000160223210820130706013282398602
0000160233210820130706013266223623
0000160243210820130707012956105541
0000160253210820130707012429067007
0000160263210820130708013108643583
0000160273210820130710012500170243
0000160283210820130712019018711759
0000160293210820130712013375008561
0000160303210820130714012734943567
0000160313210820130714013158042850
0000160323210820130714012710115567
0000160333210820130717013402189568
0000160343210820130717012456557427
0000160353210820130719019008204943
0000160363210820130723019008788767
0000160373210820130723012701349607
0000160383210820130731019013677145
0000160393210820130732013352646588
0000160403210820130740011678204123
0000160413210820130757013340720605
0000160423210820130810012986288563
0000160433210820130827012537695897
0000160443210820130844013143911548
0000160453210820130904012413798716
0000160463210820131600013375008561
0000160473210820131709019008788767
0000160483210820131710012580778626
0000160493210820131718012098256436
0000160503210820131725013143911548
0000160513210820131726012537695897
0000160523210820131829014813722276
0000160533210820131837012948690546
0000160543210820131838012599798606
0000160553210820131849016561215258
0000160563210820131851013108643583
0000160573210820131853013282398602
0000160583210820131857013015174567
0000160593210820131900012490932707
0000160603210820131901012831502561
0000160613210820131904012986288563
0000160623210820131912012205262353
0000160633210820131914013324120623
0000160643210820131916012430750645
0000160653220820130623012434438913
0000160663220820130628012363099119
0000160673220820130630012050927365
0000160683220820130632012514436755
0000160693220820130633013281185567
0000160703220820130645013375117603
0000160713220820130648012328355066
0000160723220820130648012831502561
0000160733220820130650012307450175
0000160743220820130654012477101643
0000160753220820130655012646880601
0000160763220820130700012098256436
0000160773220820130700012580778626
0000160783220820130701012907889569
0000160793220820130701014813722276
0000160803220820130701012205262353
0000160813220820130702013266223623
0000160823220820130702013109731567
0000160833220820130702013310508543
0000160843220820130704012210531197
0000160853220820130704013223076580
0000160863220820130704012599798606
0000160873220820130704012674856604
0000160883220820130705012805962097
0000160893220820130706012490619537
0000160903220820130706012538135755
0000160913220820130706012992819621
0000160923220820130707013042840580
0000160933220820130707012710115567
0000160943220820130707012500170243
0000160953220820130708012948690546
0000160963220820130709012219909451
0000160973220820130710013282398602
0000160983220820130714012964126544
0000160993220820130717018221479905
0000161003220820130718019008204943
0000161013220820130721012559622582
0000161023220820130721013099075565
0000161033220820130724012008677348
0000161043220820130725015931944277
0000161053220820130725013375008561
0000161063220820130725012430750645
0000161073220820130726015101175270
0000161083220820130730012462093267
0000161093220820130730013340555604
0000161103220820130736014585442835
0000161113220820130739013080174568
0000161123220820130745013024399622
0000161133220820130752017060753395
0000161143220820130755019008788767
0000161153220820130758012537695897
0000161163220820130803013348177625
0000161173220820130804013248344562
0000161183220820130834012307071360
0000161193220820130846012413798716
0000161203220820130911013143911548
0000161213220820131701012413798716
0000161223220820131705019008788767
0000161233220820131706012537695897
0000161243220820131724013348177625
0000161253220820131808012288622123
0000161263220820131834013375117603
0000161273220820131845012723818197
0000161283220820131849013775780938
0000161293220820131851012956105541
0000161303220820131900015931944277
0000161313220820131900013281185567
0000161323220820131901012008677348
0000161333220820131901012328355066
0000161343220820131902012363099119
0000161353220820131902012363171936
0000161363220820131904019013646452
0000161373220820131905013340555604
0000161383220820131909012698827582
0000161393220820131911012805962097
0000161403220820131912012050927365
0000161413220820131912013078181854
0000161423220820131914012477101643
0000161433220820131915018221479905
0000161443220820131916013340720605
0000161453220820131923012912871540
0000161463220820131956012292349576
0000161473220820132000013557802344
0000161483220820132035013223620299
0000161493230820130614016559102905
0000161503230820130627013015174567
0000161513230820130632013057168565
0000161523230820130639016561215258
0000161533230820130639012333477700
0000161543230820130641013775780938
0000161553230820130647013282366603
0000161563230820130647011687628046
0000161573230820130651020035500934
0000161583230820130652012363352817
0000161593230820130654012866650478
0000161603230820130656016382873463
0000161613230820130656013108773568
0000161623230820130659012019979200
0000161633230820130700012912871540
0000161643230820130700012514436755
0000161653230820130701012698827582
0000161663230820130701012956105541
0000161673230820130701013078181854
0000161683230820130701010614412827
0000161693230820130702012434438913
0000161703230820130702013223076580
0000161713230820130704012876146586
0000161723230820130704012288622123
0000161733230820130704010563286471
0000161743230820130704013123898546
0000161753230820130704013099075565
0000161763230820130706012895308545
0000161773230820130707013281813622
0000161783230820130707012723818197
0000161793230820130707019028115687
0000161803230820130708012490619537
0000161813230820130708012386578293
0000161823230820130711012363171936
0000161833230820130712013109731567
0000161843230820130714013557802344
0000161853230820130718013248344562
0000161863230820130720013033365581
0000161873230820130720019020254203
0000161883230820130728012646880601
0000161893230820130731012674856604
0000161903230820130732010852235647
0000161913230820130734013340720605
0000161923230820130734012761722541
0000161933230820130735012307450175
0000161943230820130758015101175270
0000161953230820130806019008788767
0000161963230820130806013348177625
0000161973230820130810012801628567
