0000221563300920131801012098256436
0000221573300920131839014813722276
0000221583300920131856012580778626
0000221593300920131857013016004606
0000221603300920131858012831502561
0000221613300920131902013015174567
0000221623300920131902016561215258
0000221633300920131902013282366603
0000221643300920131906012184420354
0000221653300920131910012496991179
0000221663300920131913012866650478
0000221673300920131914012430750645
0000221683300920131920019013646452
0000221693300920131932015971167271
0000221703300920131953012205262353
0000221713011020130624013016004606
0000221723011020130626012328355066
0000221733011020130629010746412220
0000221743011020130642012319976096
0000221753011020130644018221479905
0000221763011020130644013324120623
0000221773011020130644013281185567
0000221783011020130646013158042850
0000221793011020130647012205262353
0000221803011020130647012450071042
0000221813011020130649012805962097
0000221823011020130650013337507564
0000221833011020130650013352646588
0000221843011020130651012831502561
0000221853011020130652012380739570
0000221863011020130652012363099119
0000221873011020130655012879773549
0000221883011020130655012050927365
0000221893011020130655013335552546
0000221903011020130657013023813603
0000221913011020130657012323040040
0000221923011020130700012701349607
0000221933011020130700012928375548
0000221943011020130700012580778626
0000221953011020130700014813722276
0000221963011020130701012430750645
0000221973011020130704013402189568
0000221983011020130705012098256436
0000221993011020130705012734943567
0000222003011020130709012612719581
0000222013011020130712019013646452
0000222023011020130714012611822621
0000222033011020130715013003689621
0000222043011020130715016328907177
0000222053011020130717012624503546
0000222063011020130727012537137908
0000222073011020130727012371544266
0000222083011020130727013001901542
0000222093011020130729021079846680
0000222103011020130730014419746277
0000222113011020130730019043562036
0000222123011020130731012008677348
0000222133011020130732012986288563
0000222143011020130738020737056546
0000222153011020130738013401848541
0000222163011020130738019035856492
0000222173011020130740010690576568
0000222183011020130747012430762570
0000222193011020130749013085261604
0000222203011020130749013085261604
0000222213011020130800012697536622
0000222223011020130806013348177625
0000222233011020130807019008788767
0000222243011020130812012801628567
0000222253011020130813012413798716
0000222263011020130818013143911548
