0000141333310720131638012413798716
0000141343310720131642013375008561
0000141353310720131651013143911548
0000141363310720131707019008788767
0000141373310720131715012801628567
0000141383310720131716012537695897
0000141393310720131743012413798716
0000141403310720131822012288622123
0000141413310720131844012956105541
0000141423310720131845013775780938
0000141433310720131846013282398602
0000141443310720131853013108643583
0000141453310720131856013281185567
0000141463310720131856013324120623
0000141473310720131856012363099119
0000141483310720131857012363171936
0000141493310720131900012328355066
0000141503310720131901012805962097
0000141513310720131901012477101643
0000141523310720131906012490932707
0000141533310720131908012986288563
0000141543310720131908013078181854
0000141553310720131909018221479905
0000141563310720131909013340720605
0000141573310720131910012050927365
0000141583310720131910012698827582
0000141593310720131943012008677348
0000141603010820130618013282366603
0000141613010820130618013324120623
0000141623010820130635016559102905
0000141633010820130636012537137908
0000141643010820130636012434438913
0000141653010820130638010746412220
0000141663010820130639012371544266
0000141673010820130644016561215258
0000141683010820130647012456557427
0000141693010820130654012624503546
0000141703010820130654013401848541
0000141713010820130656013016004606
0000141723010820130656013775780938
0000141733010820130657012990449932
0000141743010820130657012611822621
0000141753010820130657012307450175
0000141763010820130659013003689621
0000141773010820130700019036823792
0000141783010820130700012288622123
0000141793010820130700013266223623
0000141803010820130702012219909451
0000141813010820130702012219909451
0000141823010820130702012363171936
0000141833010820130703021079846680
0000141843010820130703013023523621
0000141853010820130703020737056546
0000141863010820130705013054086606
0000141873010820130705012901774603
0000141883010820130707012195819652
0000141893010820130707012698827582
0000141903010820130707012866650478
0000141913010820130708013001901542
0000141923010820130708012907889569
0000141933010820130708012231146209
0000141943010820130710010831104454
0000141953010820130710013282398602
0000141963010820130711012710115567
0000141973010820130712012710115567
0000141983010820130712012956105541
0000141993010820130713013078181854
0000142003010820130714019027518257
0000142013010820130715017014719201
0000142023010820130717013340720605
0000142033010820130724013368683607
0000142043010820130724020469666271
0000142053010820130727013402189568
0000142063010820130727014492005273
0000142073010820130740013123898546
0000142083010820130740019008788767
0000142093010820130742013337517608
0000142103010820130747013340555604
0000142113010820130749012807241567
0000142123010820130751012496991179
0000142133010820130808012801628567
0000142163010820130811013375117603
0000142193010820130816012307071360
0000142203010820130837013348177625
0000142213010820130837012413798716
0000142223010820130837013143911548
0000142263010820130843013015174567
0000142273010820130845012537695897
0000144323010820131609012801628567
0000144333010820131656019008788767
0000144343010820131657012537695897
0000144353010820131744013143911548
0000144363010820131744013348177625
0000144373010820131826012184420354
0000144383010820131828014813722276
0000144393010820131829012098256436
0000144403010820131832012599798606
0000144413010820131840012580778626
0000144423010820131841013282366603
0000144433010820131844016559102905
0000144443010820131850012807241567
0000144453010820131851013015174567
0000144463010820131855012948690546
0000144473010820131856013340555604
0000144483010820131856016561215258
0000144493010820131858012430750645
0000144503010820131902012307450175
0000144513010820131904019013646452
0000144523010820131905012307071360
0000144533010820131908012866650478
0000144543010820131920012831502561
0000144553010820131925012496991179
0000144563010820131927012205262353
0000144573010820131930013016004606
0000144583010820131949013223620299
0000144593020820130626013324120623
0000144603020820130627012363099119
0000144613020820130632012514436755
0000144623020820130634012050927365
0000144633020820130634012019979200
0000144643020820130639012805962097
0000144653020820130640013281185567
0000144663020820130649012328355066
0000144673020820130653012815191131
0000144683020820130653012477101643
0000144693020820130654012701349607
0000144703020820130654018221479905
0000144713020820130654012205262353
0000144723020820130654010746412220
0000144733020820130656013335552546
0000144743020820130656013158042850
0000144753020820130658012599798606
0000144763020820130658012098256436
0000144773020820130700012580778626
0000144783020820130700012430750645
0000144793020820130700014813722276
0000144803020820130701014813722276
0000144813020820130701012831502561
0000144823020820130703019035856492
0000144833020820130703012990449932
0000144843020820130704012750071587
0000144853020820130708012371544266
0000144863020820130708019013646452
0000144873020820130710019028115687
0000144883020820130711013003689621
0000144893020820130711012184420354
0000144903020820130712013402189568
0000144913020820130713020737056546
0000144923020820130716013401848541
0000144933020820130717012434438913
0000144943020820130717013023813603
0000144953020820130720019020254203
0000144963020820130721013101611899
0000144973020820130721013033365581
0000144983020820130722012319976096
0000144993020820130724012624503546
0000145003020820130727012456557427
0000145013020820130727013001901542
0000145023020820130728012430762570
0000145033020820130730012008677348
0000145043020820130733012231146209
0000145053020820130740020157049145
0000145063020820130818012801628567
0000145073020820130827012537695897
0000145083020820130833019008788767
0000145093020820130839013143911548
0000145123020820131700013348177625
0000145133020820131701012537695897
0000145143020820131703019008788767
0000145153020820131728012801628567
0000145163020820131832013775780938
0000145173020820131833012288622123
0000145183020820131846019028115687
0000145193020820131852012363171936
0000145203020820131900012805962097
0000145213020820131900012328355066
0000145223020820131900012363099119
0000145233020820131901013016004606
0000145243020820131901018221479905
0000145253020820131901013281185567
0000145263020820131903012477101643
0000145273020820131903012008677348
0000145283020820131906017017226737
0000145293020820131906017017226737
0000145303020820131913012912871540
0000145313020820131914013223620299
0000145323020820131917012698827582
0000145333020820131918013078181854
0000145343020820131918012050927365
0000145353020820131921013340720605
0000145363020820131921012537137908
0000145373020820131921012956105541
0000145383020820132017013143911548
0000145393020820132017013348177625
0000145403030820130626012462093267
0000145413030820130627016561215258
0000145423030820130633013015174567
0000145433030820130638012538135755
0000145443030820130639013282366603
0000145453030820130640012724154543
0000145463030820130648010094962488
0000145473030820130650016559443273
0000145483030820130652014585442835
0000145493030820130654019018711759
0000145503030820130654013024837131
0000145513030820130654012205098138
0000145523030820130656013775780938
0000145533030820130656012866650478
0000145543030820130657013020335603
0000145553030820130700013023813603
0000145563030820130700012514436755
0000145573030820130700012288622123
0000145583030820130701012992819621
0000145593030820130701012912871540
0000145603030820130701013335552546
0000145613030820130702019020254203
0000145623030820130702012879773549
0000145633030820130702012386578293
0000145643030820130702012319976096
0000145653030820130704012500170243
0000145663030820130706012559622582
0000145673030820130706013158042850
0000145683030820130707012594062547
0000145693030820130710012019979200
0000145703030820130710017023709736
0000145713030820130715012698827582
0000145723030820130715012363171936
0000145733030820130715013016004606
0000145743030820130716012956105541
0000145753030820130717019008204943
0000145763030820130718012750071587
0000145773030820130718013078181854
0000145783030820130719013101611899
0000145793030820130725016559102905
0000145803030820130726012701349607
0000145813030820130732013340720605
0000145823030820130734017017226737
0000145833030820130753019035856492
0000145863030820130931013393339604
0000145893030820130942015971167271
0000145903030820131253013324120623
0000145913030820131830014813722276
0000145923030820131834012599798606
0000145933030820131848012363171936
0000145943030820131856013282366603
0000145953030820131901013015174567
0000145963030820131912012496991179
0000145973030820131917012205262353
0000145983030820131918012430750645
0000145993030820131926015971167271
0000146003040820130641012805962097
0000146013040820130645020035500934
0000146023040820130645020035500934
0000146033040820130649012928375548
0000146043040820130650016561215258
0000146053040820130651012328355066
0000146063040820130652012363171936
0000146073040820130653017007888257
0000146083040820130659012050927365
0000146093040820130700012462093267
0000146103040820130701019008204943
0000146113040820130702013393339604
0000146123040820130702013310508543
0000146133040820130702012205098138
0000146143040820130703012594062547
0000146153040820130704012363099119
0000146163040820130706014813722276
0000146173040820130706013042840580
0000146183040820130706014585442835
0000146193040820130707018221479905
0000146203040820130707013281185567
0000146213040820130709012599798606
0000146223040820130713012500170243
0000146233040820130713012500170243
0000146243040820130714012477101643
0000146253040820130716012205262353
0000146263040820130716013230041606
0000146273040820130722019018711759
0000146303040820130725013110988622
0000146313040820130726012430750645
0000146323040820130726010094962488
0000146333040820130727012008677348
0000146343040820130727012964126544
0000146353040820130728013020335603
0000146363040820130728013248344562
0000146373040820130728013324120623
0000146383040820130728017023709736
0000146393040820130740012992819621
0000146403040820130752016559443273
0000146413040820130807012559622582
0000146423040820130810013040688609
0000146433040820131339013109731567
0000146443040820131400013080174568
0000146453040820131627013284800564
0000146463040820131655012723818197
0000146473040820131842013775780938
0000146483040820131850012288622123
0000146493040820131857012328355066
0000146503040820131857013340720605
0000146513040820131859012698827582
0000146523040820131900012008677348
0000146533040820131901013375117603
0000146543040820131902012363099119
0000146553040820131906012805962097
0000146563040820131906018221479905
0000146593040820131909011678204123
0000146603040820131909012477101643
0000146613040820131909012050927365
0000146623040820131910013375008561
0000146633040820131912012912871540
0000146643040820131914013078181854
0000146673040820131917013388088542
0000146683040820131918020035500934
0000146693040820131919013281185567
0000146703040820131933012895308545
0000146713040820131933012283119229
0000146723040820132051013324120623
0000146733050820130618013775780938
0000146743050820130627016561215258
0000146753050820130632013015174567
0000146763050820130633016382873463
0000146773050820130649012876146586
0000146783050820130649016559102905
0000146793050820130652013108773568
0000146803050820130653011687628046
0000146813050820130653016873416585
0000146823050820130655013282366603
0000146833050820130656012646880601
0000146843050820130658019035856492
0000146853050820130658013110988622
0000146863050820130700012288622123
0000146873050820130700020035500934
0000146883050820130700012912871540
0000146893050820130701010563286471
0000146903050820130701012871807606
0000146913050820130702012386578293
0000146923050820130703013057168565
0000146933050820130704013310508543
0000146943050820130704012490619537
0000146953050820130705013248344562
0000146963050820130705017007888257
0000146973050820130706012363171936
0000146983050820130706013080174568
0000146993050820130706012698827582
0000147003050820130707013388088542
0000147013050820130708013123898546
0000147023050820130712012723818197
0000147033050820130713012612719581
0000147043050820130716011678204123
0000147053050820130717013042840580
0000147063050820130719013340720605
0000147073050820130719013375117603
0000147083050820130719012283119229
0000147093050820130720012928375548
0000147103050820130724015971167271
0000147113050820130725013109731567
0000147123050820130742013040688609
0000147133050820130753019008788767
0000147143050820130801013348177625
0000147153050820130801013110799609
