0000167663300820131722012801628567
0000167673300820131728012537695897
0000167683300820131729012413798716
0000167693300820131804013143911548
0000167703300820131828012288622123
0000167713300820131831021079846680
0000167723300820131831012964126544
0000167733300820131851013223620299
0000167743300820131852013775780938
0000167753300820131853012956105541
0000167763300820131857015101175270
0000167773300820131857015101175270
0000167783300820131857015971167271
0000167793300820131858012363171936
0000167803300820131859013078181854
0000167813300820131900012328355066
0000167823300820131900013281185567
0000167833300820131901012363099119
0000167843300820131903012477101643
0000167853300820131903012050927365
0000167863300820131909012805962097
0000167873300820131910014492005273
0000167883300820131911019019769882
0000167893300820131917018221479905
0000167903300820131918012912871540
0000167913300820131918013340720605
0000167923300820131919017017226737
0000167933300820131923012698827582
0000167943300820131930012008677348
0000167953310820130627012231146209
0000167963310820130630013015174567
0000167973310820130637016561215258
0000167983310820130637013775780938
0000167993310820130640016559102905
0000168003310820130651013393339604
0000168013310820130651013282366603
0000168023310820130651012205098138
0000168033310820130653012990449932
0000168043310820130653012537137908
0000168053310820130654013401848541
0000168063310820130654012371544266
0000168073310820130655012761722541
0000168083310820130655013003689621
0000168093310820130655012019979200
0000168103310820130656012831502561
0000168113310820130657012594062547
0000168123310820130657013033365581
0000168133310820130658020737056546
0000168143310820130659012964126544
0000168153310820130700012020334773
0000168163310820130700012901774603
0000168173310820130700013023523621
0000168183310820130700013054086606
0000168193310820130701019036823792
0000168203310820130701012912871540
0000168213310820130701013335552546
0000168223310820130702012698827582
0000168233310820130702012195819652
0000168243310820130703013024837131
0000168253310820130703013340720605
0000168263310820130705013078181854
0000168273310820130705012866650478
0000168283310820130705019020254203
0000168293310820130706012288622123
0000168303310820130709019027518257
0000168313310820130709010094962488
0000168323310820130709012956105541
0000168333310820130710017023709736
0000168343310820130710017017226737
0000168353310820130710012697536622
0000168363310820130711013044241587
0000168373310820130711012514436755
0000168383310820130715012363171936
0000168393310820130717013281813622
0000168403310820130735020469666271
0000168413310820130735013368683607
0000168423310820130745010614412827
0000168433310820130746012893025562
0000168443310820131818013001901542
0000168453310820131831012948690546
0000168463310820131837012363171936
0000168473310820131848013016004606
0000168483310820131850016559102905
0000168493310820131902012205262353
0000168503310820131907015971167271
0000168513310820131919014813722276
0000168523310820131925012430750645
0000168533010920130624012328355066
0000168543010920130643012323040040
0000168553010920130644012020334773
0000168563010920130645012701349607
0000168573010920130645018221479905
0000168583010920130646013337507564
0000168593010920130648012205262353
0000168603010920130650012805962097
0000168613010920130652012319976096
0000168623010920130652017007888257
0000168633010920130656013101611899
0000168643010920130657013158042850
0000168653010920130658012363099119
0000168663010920130658012333401038
0000168673010920130658013281185567
0000168683010920130659012879773549
0000168693010920130700013393339604
0000168703010920130700016873416585
0000168713010920130701014813722276
0000168723010920130701012594062547
0000168733010920130701013024837131
0000168743010920130701012831502561
0000168753010920130701012948690546
0000168763010920130701012371544266
0000168773010920130701012537137908
0000168783010920130702012363171936
0000168793010920130703013003689621
0000168803010920130704012050927365
0000168813010920130704012477101643
0000168823010920130705013040688609
0000168833010920130705012990449932
0000168843010920130706020737056546
0000168853010920130706012734943567
0000168863010920130707016561215258
0000168873010920130707012205098138
0000168883010920130707017023709736
0000168893010920130710012750071587
0000168903010920130712012697536622
0000168913010920130713016328907177
0000168923010920130714013001901542
0000168933010920130715013044241587
0000168943010920130716013401848541
0000168953010920130723012231146209
0000168963010920130724011678204123
0000168973010920130732014660472279
0000168983010920130732013340555604
0000168993010920130747010094962488
0000169003010920130749012008677348
0000169013010920130750012430750645
0000169023010920131829016559102905
0000169033010920131848012363171936
0000169043010920131850012956105541
0000169053010920131851013078181854
0000169063010920131859013340555604
0000169073010920131859012050927365
0000169083010920131900012477101643
0000169093010920131900013281185567
0000169103010920131900012363099119
0000169113010920131901013388088542
0000169123010920131902013016004606
0000169133010920131903012805962097
0000169143010920131904012328355066
0000169153010920131904012805962097
0000169163010920131904013340720605
0000169173010920131906018221479905
0000169183010920131912013375117603
0000169193010920131912013375008561
0000169203010920131913012912871540
0000169213010920131928014660472279
0000169223010920131931012292349576
0000169233010920132047012008677348
0000169243020920130636013015174567
0000169253020920130636013282366603
0000169263020920130638010746412220
0000169273020920130643013020335603
0000169283020920130649016559443273
0000169293020920130649013024399622
0000169303020920130649016561215258
0000169313020920130650012559622582
0000169323020920130654012538135755
0000169333020920130654012992819621
0000169343020920130654012462093267
0000169353020920130659012664892608
0000169363020920130700012319976096
0000169373020920130700016873416585
0000169383020920130700013023813603
0000169393020920130700012020334773
0000169403020920130700013337507564
0000169413020920130701012912871540
0000169423020920130702014492005273
0000169433020920130703012805962097
0000169443020920130704019035856492
0000169453020920130704013101611899
0000169463020920130707012323040040
0000169473020920130708012750071587
0000169483020920130709013078181854
0000169493020920130709012956105541
0000169503020920130711012879773549
0000169513020920130713014585442835
0000169523020920130714019008204943
0000169533020920130714012500170243
0000169543020920130714012701349607
0000169553020920130715012701349607
0000169563020920130715013388088542
0000169573020920130716013042840580
0000169583020920130716012363171936
0000169593020920130716013375008561
0000169603020920130716012866650478
0000169613020920130716013158042850
0000169623020920130718013402189568
0000169633020920130721012496991179
0000169643020920130724013341463622
0000169653020920130725011678204123
0000169663020920130726012333401038
0000169673020920130727015971167271
0000169683020920130731019008788767
0000169693020920130735012612719581
0000169703020920130813013348177625
0000169713020920130817012801628567
0000169723020920130829012413798716
0000169733020920130833013143911548
0000169743020920130834018194135678
0000169753020920130857012537695897
0000169763020920131701012801628567
0000169773020920131702019008788767
0000169783020920131702012537695897
0000169793020920131702013143911548
0000169803020920131703013348177625
0000169813020920131723012413798716
0000169823020920131725012098256436
0000169833020920131834012964126544
0000169843020920131839012580778626
0000169853020920131845012831502561
0000169863020920131848016561215258
0000169873020920131849012948690546
0000169883020920131855013282366603
0000169893020920131857012205262353
0000169903020920131900014492005273
0000169913020920131900013015174567
0000169923020920131905016559102905
0000169933020920131907012866650478
0000169943020920131908013341463622
0000169953020920131908019013646452
0000169963020920131917014813722276
0000169973020920131927012496991179
0000169983020920131938012430750645
0000169993020920131938015971167271
0000170003030920130628012328355066
0000170013030920130636012723818197
0000170023030920130637012928375548
0000170033030920130644012283119229
0000170043030920130645012805962097
0000170053030920130645018221479905
0000170063030920130650012363099119
0000170073030920130650012490619537
0000170083030920130652012646880601
0000170093030920130653013281185567
0000170103030920130655012205262353
0000170113030920130656012761722541
0000170123030920130656012050927365
0000170133030920130656012456526580
0000170143030920130700012664892608
0000170153030920130700012948690546
0000170163030920130700014813722276
0000170173030920130700012580778626
0000170183030920130700012430750645
0000170193030920130702012831502561
0000170203030920130703010746412220
0000170213030920130703012098256436
0000170223030920130704012815191131
0000170233030920130704014585442835
0000170243030920130704013352646588
0000170253030920130706013310508543
0000170263030920130710013024399622
0000170273030920130714013109731567
0000170283030920130715012538135755
0000170293030920130715013042840580
0000170303030920130715012992819621
0000170313030920130716012477101643
0000170323030920130716013080174568
0000170333030920130718012210531197
0000170343030920130721012612719581
0000170353030920130721019008204943
0000170363030920130721012462093267
0000170373030920130724019043562036
0000170383030920130724014419746277
0000170393030920130725012986288563
0000170403030920130726012008677348
0000170413030920130738013340555604
0000170423030920130739013085261604
0000170433030920130740016559443273
0000170443030920130740012559622582
0000170453030920130740012559622582
0000170463030920130748013248344562
0000170473030920130752019035856492
0000170483030920130759012801628567
0000170493030920130800013282398602
0000170503030920130804013348177625
0000170513030920130812012413798716
0000170523030920130828013143911548
0000170533030920130856012537695897
0000170543030920130957012805962097
0000170553030920131700019008788767
0000170563030920131700012801628567
0000170573030920131701013348177625
0000170583030920131701013143911548
0000170593030920131701012537695897
0000170603030920131723013375008561
0000170613030920131837011678204123
0000170623030920131844012956105541
0000170633030920131856013281185567
0000170643030920131857012292349576
0000170653030920131859013085261604
0000170663030920131859012986288563
0000170673030920131900013078181854
0000170683030920131900012008677348
0000170693030920131901013557802344
0000170703030920131901018221479905
0000170713030920131902019043562036
0000170723030920131903013340555604
0000170733030920131904014419746277
0000170743030920131905013291658603
0000170753030920131906013775780938
0000170763030920131907012477101643
0000170773030920131907012050927365
0000170783030920131913012912871540
0000170793030920131915012363099119
0000170803030920131916013340720605
0000170813030920131916012363171936
0000170823030920131917012698827582
0000170833030920131919012328355066
0000170843040920130645016561215258
0000170853040920130646012893025562
0000170863040920130646013775780938
0000170893040920130652012936499560
0000170903040920130653013282366603
0000170913040920130653013230041606
0000170923040920130654012866650478
0000170933040920130655013015174567
0000170943040920130655020035500934
0000170953040920130656013057168565
0000170963040920130657012050927365
0000170973040920130657011687628046
0000170983040920130657013324120623
0000170993040920130659013080174568
0000171003040920130659012219909451
0000171013040920130659012283119229
0000171023040920130700012907889569
0000171033040920130702013078181854
0000171043040920130703012698827582
0000171053040920130704012724154543
0000171063040920130704012490619537
0000171073040920130705012956105541
0000171083040920130706012912871540
0000171093040920130706012928375548
0000171103040920130707013282398602
0000171113040920130707016559102905
0000171123040920130708013266223623
0000171133040920130708013123898546
0000171143040920130708012386578293
0000171153040920130709011678204123
0000171163040920130709012646880601
0000171173040920130711012490932707
0000171183040920130711010563286471
0000171193040920130711013352646588
0000171203040920130713013340720605
0000171213040920130716012363171936
0000171223040920130717012876146586
0000171233040920130719016382873463
0000171243040920130719012815191131
0000171253040920130719013248344562
0000171263040920130720013310508543
0000171273040920130723013281813622
0000171283040920130724013108643583
0000171293040920130729012710115567
0000171303040920130731012986288563
0000171313040920130732013557802344
0000171323040920130734013375008561
0000171333040920130751012761722541
0000171343040920130752012456526580
0000171353040920130801019008788767
0000171363040920130815013348177625
0000171373040920130827012537695897
0000171383040920130906013143911548
0000173453040920131615013375008561
0000173463040920131700019008788767
0000173473040920131701012537695897
0000173483040920131701013348177625
0000173493040920131703013143911548
0000173503040920131730012098256436
0000173513040920131730012430750645
0000173523040920131844016561215258
0000173533040920131844014813722276
0000173543040920131847012831502561
0000173553040920131848013282366603
0000173563040920131850013108643583
0000173573040920131851012948690546
0000173583040920131859012050927365
0000173593040920131859012580778626
0000173603040920131900013015174567
0000173613040920131900012986288563
0000173623040920131901012490932707
0000173633040920131938012205262353
0000173643050920130628012434438913
0000173653050920130645012845679620
0000173663050920130649013054086606
0000173673050920130650012363099119
0000173683050920130650012333477700
0000173693050920130651012205262353
0000173703050920130652019027518257
0000173713050920130652012328355066
0000173723050920130652013281185567
0000173733050920130654010831104454
0000173743050920130656013375117603
0000173753050920130656012898221548
0000173763050920130656013057168565
0000173773050920130656012895308545
0000173783050920130659012430750645
0000173793050920130659017014719201
0000173803050920130659018221479905
0000173813050920130700010563286471
0000173823050920130700014813722276
0000173833050920130701013324120623
0000173843050920130703013266223623
0000173853050920130706016382873463
0000173863050920130707013123898546
0000173873050920130709020035500934
0000173883050920130710012807241567
0000173893050920130711012710115567
0000173903050920130712017060753395
0000173913050920130713012386578293
0000173923050920130713012907889569
0000173933050920130716012580778626
0000173943050920130716012098256436
0000173953050920130716012876146586
0000173963050920130716021079846680
0000173973050920130717014492005273
0000173983050920130717013023523621
0000173993050920130717012901774603
0000174003050920130717013223076580
0000174013050920130717012219909451
0000174023050920130717011687628046
0000174033050920130718013281813622
0000174043050920130718012195819652
0000174053050920130718015931944277
0000174063050920130720012477101643
0000174073050920130724015101175270
0000174083050920130724012805962097
0000174093050920130725012936499560
0000174103050920130732012893025562
0000174113050920130739019036823792
0000174123050920130741013340555604
0000174133050920130743013230041606
0000174143050920130748013368683607
0000174153050920130753019008788767
