0000221563300920131801012098256436
0000221573300920131839014813722276
0000221583300920131856012580778626
0000221593300920131857013016004606
0000221603300920131858012831502561
0000221613300920131902013015174567
0000221623300920131902016561215258
0000221633300920131902013282366603
0000221643300920131906012184420354
0000221653300920131910012496991179
0000221663300920131913012866650478
0000221673300920131914012430750645
0000221683300920131920019013646452
0000221693300920131932015971167271
0000221703300920131953012205262353
0000221713011020130624013016004606
0000221723011020130626012328355066
0000221733011020130629010746412220
0000221743011020130642012319976096
0000221753011020130644018221479905
0000221763011020130644013324120623
0000221773011020130644013281185567
0000221783011020130646013158042850
0000221793011020130647012205262353
0000221803011020130647012450071042
0000221813011020130649012805962097
0000221823011020130650013337507564
0000221833011020130650013352646588
0000221843011020130651012831502561
0000221853011020130652012380739570
0000221863011020130652012363099119
0000221873011020130655012879773549
0000221883011020130655012050927365
0000221893011020130655013335552546
0000221903011020130657013023813603
0000221913011020130657012323040040
0000221923011020130700012701349607
0000221933011020130700012928375548
0000221943011020130700012580778626
0000221953011020130700014813722276
0000221963011020130701012430750645
0000221973011020130704013402189568
0000221983011020130705012098256436
0000221993011020130705012734943567
0000222003011020130709012612719581
0000222013011020130712019013646452
0000222023011020130714012611822621
0000222033011020130715013003689621
0000222043011020130715016328907177
0000222053011020130717012624503546
0000222063011020130727012537137908
0000222073011020130727012371544266
0000222083011020130727013001901542
0000222093011020130729021079846680
0000222103011020130730014419746277
0000222113011020130730019043562036
0000222123011020130731012008677348
0000222133011020130732012986288563
0000222143011020130738020737056546
0000222153011020130738013401848541
0000222163011020130738019035856492
0000222173011020130740010690576568
0000222183011020130747012430762570
0000222193011020130749013085261604
0000222203011020130749013085261604
0000222213011020130800012697536622
0000222223011020130806013348177625
0000222233011020130807019008788767
0000222243011020130812012801628567
0000222253011020130813012413798716
0000222263011020130818013143911548
0000224223011020131703019008788767
0000224233011020131729012801628567
0000224243011020131730013143911548
0000224253011020131733013348177625
0000224263011020131741012413798716
0000224273011020131819012288622123
0000224283011020131838012477101643
0000224293011020131839013085261604
0000224303011020131845012292349576
0000224313011020131852012363171936
0000224323011020131853012986288563
0000224333011020131854021079846680
0000224343011020131900012008677348
0000224353011020131901012363099119
0000224363011020131901014419746277
0000224373011020131901019043562036
0000224383011020131901013023523621
0000224393011020131902013281185567
0000224403011020131904012328355066
0000224413011020131905012698827582
0000224423011020131906013340720605
0000224433011020131906010690576568
0000224443011020131907018221479905
0000224453011020131907012805962097
0000224463011020131911013375008561
0000224473011020131912012912871540
0000224483011020131913012430762570
0000224493011020131915012956105541
0000224503011020131916012050927365
0000224513011020131921019013677145
0000224523011020131936011678204123
0000224533021020130613013282366603
0000224543021020130618016559102905
0000224553021020130623013015174567
0000224563021020130623013042840580
0000224573021020130632012907889569
0000224583021020130635016561215258
0000224593021020130642013023813603
0000224603021020130643012462093267
0000224613021020130644013020335603
0000224623021020130646012664892608
0000224633021020130648013023523621
0000224643021020130650014585442835
0000224653021020130652012912871540
0000224663021020130653012559622582
0000224673021020130657012219909451
0000224683021020130658012496991179
0000224693021020130700012319976096
0000224703021020130700013335552546
0000224713021020130700012477101643
0000224723021020130700012956105541
0000224733021020130701012698827582
0000224743021020130701013324120623
0000224753021020130701013337507564
0000224763021020130701012288622123
0000224773021020130701016559443273
0000224783021020130702014492005273
0000224793021020130702013143911548
0000224803021020130702012380739570
0000224813021020130704012363171936
0000224823021020130706012734943567
0000224833021020130711013266223623
0000224843021020130711019018711759
0000224853021020130712013340720605
0000224863021020130712019008204943
0000224873021020130714013352646588
0000224883021020130715012500170243
0000224893021020130717012429067007
0000224903021020130718019013677145
0000224913021020130720012538135755
0000224923021020130723011678204123
0000224933021020130723013016004606
0000224943021020130724013158042850
0000224953021020130727012490932707
0000224963021020130736012386578293
0000224973021020130736012879773549
0000224983021020130740012701349607
0000224993021020130749013282398602
0000225003021020130753012801628567
0000225013021020130759013348177625
0000225023021020130800019008788767
0000225033021020130805013024399622
0000225043021020130805012992819621
0000225053021020130806012986288563
0000225063021020130812012413798716
0000225073021020131701012801628567
0000225083021020131708019008788767
0000225093021020131710013348177625
0000225103021020131710013143911548
0000225113021020131713012413798716
0000225123021020131835012831502561
0000225133021020131840012098256436
0000225143021020131841014813722276
0000225153021020131852016561215258
0000225163021020131853012430750645
0000225173021020131858012580778626
0000225183021020131900012664892608
0000225193021020131900013015174567
0000225203021020131901012986288563
0000225213021020131904013282366603
0000225223021020131910012490932707
0000225233021020131911014492005273
0000225243021020132023012205262353
0000225253021020132035013393339604
0000225263031020130542013393339604
0000225273031020130614012328355066
0000225283031020130614012724154543
0000225293031020130624012434438913
0000225303031020130636012205262353
0000225313031020130637012283119229
0000225323031020130643012490619537
0000225333031020130647012805962097
0000225343031020130650012333477700
0000225353031020130651012456526580
0000225363031020130654013375117603
0000225373031020130656012646880601
0000225383031020130657019018711759
0000225393031020130659018221479905
0000225403031020130659013080174568
0000225413031020130700014813722276
0000225423031020130700012761722541
0000225433031020130701012580778626
0000225443031020130701012363099119
0000225453031020130701012430750645
0000225463031020130701013322850608
0000225473031020130703012050927365
0000225483031020130704012831502561
0000225493031020130706012219909451
0000225503031020130707013310508543
0000225513031020130707013266223623
0000225523031020130707013109731567
0000225533031020130711013024399622
0000225543031020130712019008204943
0000225553031020130713013230041606
0000225563031020130713012462093267
0000225573031020130713014585442835
0000225583031020130715013223076580
0000225593031020130715012815191131
0000225603031020130716013042840580
0000225613031020130719012008677348
0000225623031020130720013282398602
0000225633031020130723012500170243
0000225643031020130723012500170243
0000225653031020130724012538135755
0000225663031020130728012907889569
0000225673031020130730013340555604
0000225683031020130731015931944277
0000225693031020130739012307071360
0000225703031020130739012559622582
0000225713031020130739013020335603
0000225723031020130757012801628567
0000225733031020130758019008788767
0000225743031020130801012992819621
0000225753031020130802012413798716
0000225763031020130803012807241567
0000225773031020130803012807241567
0000225783031020130808013348177625
0000225793031020130814016559443273
0000225803031020130827013143911548
0000225813031020131709019008788767
0000225823031020131709012801628567
0000225833031020131736012413798716
0000225843031020131747018054823768
0000225853031020131807013348177625
0000225863031020131808012288622123
0000225873031020131840012698827582
0000225883031020131847012956105541
0000225893031020131848012723818197
0000225903031020131848012363171936
0000225913031020131852013340720605
0000225923031020131856013340555604
0000225933031020131856015931944277
0000225943031020131856012807241567
0000225953031020131858012050927365
0000225963031020131859012328355066
0000225973031020131901012477101643
0000225983031020131901012363099119
0000225993031020131902012805962097
0000226003031020131902018221479905
0000226013031020131905012307071360
0000226023031020131908013223620299
0000226033031020131911012912871540
0000226043031020131924019013646452
0000226053031020131928013230041606
0000226063031020131930012008677348
0000226073041020130558016559102905
0000226083041020130619018054823768
0000226093041020130626020035500934
0000226103041020130626012514436755
0000226113041020130634013057168565
0000226123041020130635016561215258
0000226133041020130643013015174567
0000226143041020130645013108773568
0000226153041020130646013282366603
0000226163041020130646010563286471
0000226173041020130651012866650478
0000226183041020130656012936499560
0000226193041020130656012363352817
0000226203041020130657012019979200
0000226213041020130659011687628046
0000226223041020130700012434438913
0000226233041020130700010614412827
0000226243041020130700012490619537
0000226253041020130701012363171936
0000226263041020130701012288622123
0000226273041020130702012912871540
0000226283041020130703013230041606
0000226293041020130706016382873463
0000226303041020130706012698827582
0000226313041020130707013033365581
0000226323041020130707012956105541
0000226333041020130709012876146586
0000226343041020130710019013646452
0000226353041020130711013340720605
0000226363041020130713012283119229
0000226373041020130716013223076580
0000226383041020130718012477101643
0000226393041020130718013080174568
0000226403041020130719013310508543
0000226413041020130720013281813622
0000226423041020130720013322850608
0000226433041020130722013123898546
0000226443041020130723012496991179
0000226453041020130724019028115687
0000226463041020130728019020254203
0000226473041020130730013109731567
0000226483041020130730012723818197
0000226493041020130730012815191131
0000226503041020130731012456526580
0000226513041020130733015101175270
0000226523041020130735012646880601
0000226533041020130753013348177625
0000226543041020130754012761722541
0000226553041020130804012801628567
0000226563041020130811012333477700
0000226573041020130820019008788767
0000226583041020130827012413798716
0000226593041020130834012430762570
0000226603041020130906013143911548
0000226723041020131700019008788767
0000226733041020131703012801628567
0000226743041020131708013348177625
0000226753041020131708012413798716
0000226763041020131722018054823768
0000226773041020131755016561215258
0000226783041020131802019028115687
0000226793041020131805012430750645
0000226803041020131805012580778626
0000226813041020131820013143911548
0000226823041020131821014813722276
0000226833041020131858013223620299
0000226843041020131900012496991179
0000226853041020131901012098256436
0000226863041020131902016559102905
0000226873041020131920012205262353
0000226883041020131925017017226737
0000226893041020131928013015174567
0000226903051020130613018054823768
0000226913051020130624012328355066
0000226923051020130629012195819652
0000226933051020130630012805962097
0000226943051020130635012845679620
0000226953051020130635013054086606
0000226963051020130637013368683607
0000226973051020130640010831104454
0000226983051020130643012205098138
0000226993051020130644012901774603
0000227003051020130644012898221548
0000227013051020130645012019979200
0000227023051020130650012050927365
0000227033051020130650012363099119
0000227043051020130651012895308545
0000227053051020130651010094962488
0000227063051020130651018221479905
0000227073051020130652012594062547
0000227083051020130658013044241587
0000227093051020130659012205262353
0000227103051020130659019036823792
0000227113051020130700016382873463
0000227123051020130700012514436755
0000227133051020130700014813722276
0000227143051020130700012580778626
0000227153051020130701012098256436
0000227163051020130701012936499560
0000227173051020130702012363352817
0000227183051020130702019020254203
0000227193051020130703012831502561
0000227203051020130704019027518257
0000227213051020130704013281813622
0000227223051020130705013020335603
0000227233051020130705013024837131
0000227243051020130705013108773568
0000227253051020130706020035500934
0000227263051020130706013123898546
0000227273051020130707013057168565
0000227283051020130707012876146586
0000227293051020130708012956105541
0000227303051020130711013033365581
0000227313051020130711013033365581
0000227323051020130713012430750645
0000227333051020130714010563286471
0000227343051020130717011687628046
0000227353051020130718010614412827
0000227363051020130718020469666271
0000227373051020130722012008677348
0000227383051020130735012386578293
0000227393051020130736013230041606
0000227403051020130739017017226737
0000227413051020130746021079846680
0000227423051020130816012430762570
0000227433051020131826012288622123
0000227443051020131900012698827582
0000227453051020131901012363099119
0000227463051020131905018221479905
0000227473051020131905012956105541
0000227483051020131907012328355066
0000227493051020131909012477101643
0000227503051020131911012363171936
0000227513051020131912012912871540
0000227523051020131912013340720605
0000227533051020131916012008677348
0000227543051020131920012805962097
0000227553061020130638013015174567
0000227563061020130638013402189568
0000227573061020130638016559102905
0000227583061020130639012456557427
0000227593061020130645013282366603
0000227603061020130646012371544266
0000227613061020130648012537137908
0000227623061020130649012807241567
0000227633061020130649012231146209
0000227643061020130652020737056546
0000227653061020130653017007888257
0000227663061020130653012611822621
0000227673061020130653012184420354
0000227683061020130654013024837131
0000227693061020130658016873416585
0000227703061020130659013110988622
0000227713061020130700012594062547
0000227723061020130700011678204123
0000227733061020130701012624503546
0000227743061020130701012901774603
0000227753061020130701012363171936
0000227763061020130701010831104454
0000227773061020130701012195819652
0000227783061020130702012205098138
0000227793061020130702013044241587
0000227803061020130703012912871540
0000227813061020130703019036823792
0000227823061020130703012288622123
0000227833061020130703012866650478
0000227843061020130704019027518257
0000227853061020130705013054086606
0000227863061020130706013401848541
0000227873061020130707013335552546
0000227883061020130707012333401038
0000227893061020130710021079846680
0000227903061020130712013311938584
0000227913061020130714012477101643
0000227923061020130714013001901542
0000227933061020130715013040688609
0000227943061020130717013003689621
0000227953061020130718016561215258
0000227963061020130719012698827582
0000227973061020130720013340720605
0000227983061020130722012898221548
0000227993061020130723014660472279
0000228003061020130737020157049145
0000228013061020130739020469666271
0000228023061020130748013368683607
0000228033061020131831012580778626
0000228043061020131837012098256436
0000228053061020131842014813722276
0000228063061020131848012831502561
0000228073061020131851012807241567
0000228083061020131854012205262353
0000228093061020131858013015174567
0000228103061020131902012496991179
0000228113061020131905014660472279
0000228123061020131905013388088542
0000228133061020131908016561215258
0000228143061020131909012866650478
0000228153061020131922012430750645
0000228163061020131930013311938584
0000228173061020131930013311938584
0000228183061020131930013311938584
0000228193071020130617012328355066
0000228203071020130641012363099119
0000228213071020130645013337507564
0000228223071020130647012450071042
0000228233071020130647013158042850
0000228243071020130647012319976096
0000228253071020130651018221479905
0000228263071020130651013040688609
0000228273071020130652012380739570
0000228283071020130654012928375548
0000228293071020130654012611822621
0000228303071020130654013003689621
0000228313071020130655012831502561
0000228323071020130657012805962097
0000228333071020130659019035856492
0000228343071020130659013110988622
0000228353071020130659012537137908
0000228363071020130700012371544266
0000228373071020130700012580778626
0000228383071020130701014813722276
0000228393071020130701013402189568
0000228403071020130701014492005273
0000228413071020130702012020334773
0000228423071020130702013401848541
0000228433071020130703012231146209
0000228443071020130703020157049145
0000228453071020130703012098256436
0000228463071020130705012205262353
0000228473071020130705011678204123
0000228483071020130705012612719581
0000228493071020130705013023813603
0000228503071020130705012624503546
0000228513071020130709012697536622
0000228523071020130710012333401038
0000228533071020130714015971167271
0000228543071020130715012750071587
0000228553071020130717013101611899
0000228563071020130718017007888257
0000228573071020130721016873416585
0000228583071020130722012456557427
0000228593071020130722013001901542
0000228603071020130728013388088542
0000228613071020130729012050927365
0000228623071020130729012430750645
0000228633071020130732012008677348
0000228643071020130735013335552546
0000228653071020130757013348177625
0000228663071020130757019008788767
0000228673071020130800012801628567
0000228683071020130821012413798716
0000228693071020130823012184420354
0000228703071020130835013143911548
0000228713071020131703012801628567
0000228723071020131705019008788767
0000228733071020131705012413798716
0000228743071020131804013348177625
0000228753071020131804013143911548
0000228763071020131806012288622123
0000228773071020131821012050927365
0000228783071020131856012698827582
0000228793071020131859012956105541
0000228803071020131900012363171936
0000228813071020131902018221479905
0000228823071020131902012477101643
0000228833071020131902012363099119
0000228843071020131905015971167271
0000228853071020131910012328355066
0000228863071020131913012008677348
0000228873071020131914012805962097
0000228883071020131926012912871540
0000228893071020132011013340720605
0000228903081020130629012462093267
0000228913081020130651013015174567
0000228923081020130653016559443273
0000228933081020130653013324120623
0000228943081020130655012559622582
0000228953081020130655012559622582
0000228963081020130657010746412220
0000228973081020130657012319976096
0000228983081020130658012964126544
0000228993081020130658013042840580
0000229003081020130658016561215258
0000229013081020130700013337507564
0000229023081020130701012500170243
0000229033081020130701013101611899
0000229043081020130701013282366603
0000229053081020130701012956105541
0000229063081020130702012664892608
0000229073081020130702012750071587
0000229083081020130703012380739570
0000229093081020130703012210531197
0000229103081020130704013023813603
0000229113081020130704012020334773
0000229123081020130704013024399622
0000229133081020130705019035856492
0000229143081020130705012612719581
0000229153081020130706012928375548
0000229163081020130708012288622123
0000229173081020130710013158042850
0000229183081020130710013352646588
0000229193081020130711012450071042
0000229203081020130711012697536622
0000229213081020130711012363171936
0000229223081020130713012477101643
0000229233081020130713014585442835
0000229243081020130713012698827582
0000229253081020130713014492005273
0000229263081020130715012912871540
0000229273081020130717012866650478
0000229283081020130718013340720605
0000229293081020130721016559102905
0000229303081020130729012323040040
0000229313081020130737019008204943
0000229323081020130740013085261604
0000229333081020130744019043562036
0000229343081020130744014419746277
0000229353081020130806019008788767
0000229363081020130814010690576568
0000229373081020130818012413798716
0000229383081020130828012801628567
0000229393081020130834013143911548
0000229403081020130942012430762570
0000229413081020131702012801628567
0000229423081020131703019008788767
0000229433081020131718013143911548
0000229443081020131720012413798716
0000229453081020131835013375008561
0000229463081020131839012580778626
0000229473081020131840013085261604
0000229483081020131840014813722276
0000229493081020131841012098256436
0000229503081020131843016559102905
0000229513081020131851012831502561
0000229523081020131856013282366603
0000229533081020131857012496991179
0000229543081020131858013020335603
0000229553081020131900014419746277
0000229563081020131900019043562036
0000229573081020131901016561215258
0000229583081020131907013015174567
0000229593081020131941012430750645
0000229603081020131945010690576568
0000229613091020130538013324120623
0000229623091020130622012283119229
0000229633091020130622012723818197
0000229643091020130634012724154543
0000229653091020130646012363099119
0000229663091020130646012907889569
0000229673091020130647013281185567
0000229683091020130649012050927365
0000229693091020130651012205262353
0000229703091020130652018221479905
0000229713091020130652013080174568
0000229723091020130653013322850608
0000229733091020130655012805962097
0000229743091020130656012490619537
0000229753091020130659012761722541
0000229763091020130700012219909451
0000229773091020130700012462093267
0000229783091020130700012328355066
0000229793091020130700012580778626
0000229803091020130701019008204943
0000229813091020130701013310508543
0000229823091020130701012210531197
0000229833091020130702011678204123
0000229843091020130702012430750645
0000229853091020130703012538135755
0000229863091020130703014813722276
0000229873091020130704013024399622
0000229883091020130704012674856604
0000229893091020130705012710115567
0000229903091020130706013266223623
0000229913091020130706013352646588
0000229923091020130707012831502561
0000229933091020130707019013677145
0000229943091020130708012815191131
0000229953091020130709012098256436
0000229963091020130711013109731567
0000229973091020130712012964126544
0000229983091020130712012500170243
0000229993091020130712012500170243
0000230003091020130712012429067007
0000230013091020130714012664892608
0000230023091020130714012559622582
0000230033091020130715016559443273
0000230043091020130716013108643583
0000230053091020130717013248344562
0000230063091020130724013042840580
0000230073091020130725012490932707
0000230083091020130727012008677348
0000230093091020130734012456526580
0000230103091020130735013375008561
0000230113091020130751013282398602
0000230123091020130808013348177625
0000230133091020130823012413798716
0000230143091020130825012801628567
0000230153091020130832013143911548
0000230163091020131711012413798716
0000230173091020131712012801628567
0000230183091020131728013348177625
0000230193091020131728013143911548
0000230203091020131827012288622123
0000230213091020131832013108643583
0000230223091020131845013340720605
0000230233091020131846012477101643
0000230243091020131854012807241567
0000230253091020131859012363099119
0000230263091020131900013281185567
0000230273091020131902012490932707
0000230283091020131902012956105541
0000230293091020131903012698827582
0000230303091020131907018221479905
0000230313091020131912012363171936
0000230323091020131912012805962097
0000230333091020131912012328355066
0000230343091020131915012008677348
0000230353091020131919012050927365
0000230363091020131925012912871540
0000230373091020131942013375008561
0000230383101020130625020035500934
0000230393101020130629012434438913
0000230403101020130631016559102905
0000230413101020130633012386578293
0000230423101020130634011687628046
0000230433101020130634013057168565
0000230443101020130648012936499560
0000230453101020130648013040688609
0000230463101020130650012307450175
0000230473101020130651016561215258
0000230483101020130651013015174567
0000230493101020130652012363352817
0000230503101020130655013108773568
0000230513101020130655013282366603
0000230523101020130657012363171936
0000230533101020130700012723818197
0000230543101020130700012288622123
0000230553101020130700013375117603
0000230563101020130700012477101643
0000230573101020130701012912871540
0000230583101020130701012219909451
0000230593101020130702013109731567
0000230603101020130703012490619537
0000230613101020130704012307071360
0000230623101020130704015931944277
0000230633101020130705013123898546
0000230643101020130705012876146586
0000230653101020130705012724154543
0000230663101020130706013340720605
0000230673101020130708012895308545
0000230683101020130708013266223623
0000230693101020130708016382873463
0000230703101020130709012866650478
0000230713101020130710012710115567
0000230723101020130710012956105541
0000230733101020130713013282398602
0000230743101020130714012698827582
0000230753101020130717013322850608
0000230763101020130718012283119229
0000230773101020130721013281813622
0000230783101020130724013223076580
0000230793101020130724013230041606
0000230803101020130724013080174568
0000230813101020130726013248344562
0000230823101020130728013310508543
0000230833101020130730012333477700
0000230843101020130731012907889569
0000230853101020130740013375008561
0000230863101020130741012761722541
0000230873101020130742015101175270
0000230883101020130742012429067007
0000230893101020130746012456526580
0000230903101020130747012801628567
0000230913101020130800019008788767
0000230923101020130805012815191131
0000230933101020130854013348177625
0000230943101020130854013143911548
0000230953101020131135012413798716
0000230983101020131700012801628567
0000230993101020131701019008788767
0000231003101020131729012413798716
0000231013101020131729013143911548
0000231023101020131729013348177625
0000231033101020131808018054823768
0000231043101020131845014813722276
0000231053101020131846012098256436
0000231063101020131846013040688609
0000231073101020131846012580778626
0000231083101020131850012831502561
0000231093101020131857012307450175
0000231103101020131858016559102905
0000231113101020131858013282366603
0000231123101020131858015931944277
0000231133101020131859012807241567
0000231143101020131859012307071360
0000231153101020131900012496991179
0000231163101020131903012866650478
0000231173101020131904013015174567
0000231183101020131905016561215258
0000231193101020131921012430750645
0000231203101020131921012205262353
0000231213101020131925013223620299
0000231223101020131929019013646452
0000231233111020130608018054823768
0000231243111020130628019027518257
0000231253111020130629012363099119
0000231263111020130635010614412827
0000231273111020130636012514436755
0000231283111020130638010831104454
0000231293111020130640012893025562
0000231303111020130642012845679620
0000231313111020130644013054086606
0000231323111020130645012195819652
0000231333111020130645012050927365
0000231343111020130646012019979200
0000231353111020130646012328355066
0000231363111020130648013281185567
0000231373111020130651012205262353
0000231383111020130652017014719201
0000231393111020130653012805962097
0000231403111020130655019013646452
0000231413111020130657014492005273
0000231423111020130658012898133584
0000231433111020130658018221479905
0000231443111020130701013108773568
0000231453111020130701015101175270
0000231463111020130702013057168565
0000231473111020130703016382873463
0000231483111020130703013368683607
0000231493111020130704012098256436
0000231503111020130704013230041606
0000231513111020130705012580778626
0000231523111020130706013281813622
0000231533111020130707012876146586
0000231543111020130707012434438913
0000231553111020130708013023523621
0000231563111020130708012901774603
0000231573111020130709026724104090
0000231583111020130710019028115687
0000231593111020130710013123898546
0000231603111020130711020035500934
0000231613111020130712012430750645
0000231623111020130717021079846680
0000231633111020130723013223076580
0000231643111020130725012386578293
0000231653111020130733019036823792
0000231663111020130733011687628046
0000231673111020130737012008677348
0000231683111020130738012363352817
0000231693111020130738012936499560
0000231703111020130738012333477700
0000231713111020130754012430762570
0000231723111020130801012801628567
0000231733111020130816013348177625
0000231743111020130817019008788767
0000231753111020130840012413798716
0000231763111020131012019019769882
0000233773111020131701012801628567
0000233783111020131702019008788767
0000233793111020131707013143911548
0000233803111020131707013348177625
0000233813111020131717012413798716
0000233823111020131757012019979200
0000233833111020131831019028115687
0000233843111020131834012288622123
0000233853111020131850012698827582
0000233863111020131900012363099119
0000233873111020131900026724104090
0000233883111020131904012956105541
0000233893111020131905013281185567
0000233903111020131906012805962097
0000233913111020131908013223620299
0000233923111020131908014492005273
0000233933111020131911012363171936
0000233943111020131913018221479905
0000233953111020131914012328355066
0000233963111020131926012912871540
0000233973111020132001012008677348
0000233983111020132016013340720605
0000233993111020132130018054823768
0000234003121020130617016559102905
0000234013121020130639012456557427
0000234023121020130639012371544266
0000234033121020130641010094962488
0000234043121020130641013015174567
0000234053121020130643013003689621
0000234063121020130643016328907177
0000234073121020130644012624503546
0000234083121020130644012537137908
0000234093121020130645012866650478
0000234103121020130647012205098138
0000234113121020130647016561215258
0000234123121020130649013282366603
0000234133121020130649013402189568
0000234143121020130649012594062547
0000234153121020130650012956105541
0000234163121020130651018054823768
0000234173121020130655013016004606
0000234183121020130656012231146209
0000234193121020130656019027518257
0000234203121020130658012845679620
0000234213121020130658012912871540
0000234223121020130700013023523621
0000234233121020130700012514436755
0000234243121020130700012901774603
0000234253121020130700012195819652
0000234263121020130700010614412827
0000234273121020130701019036823792
0000234283121020130701012698827582
0000234293121020130703012288622123
0000234303121020130706010831104454
0000234313121020130710012430762570
0000234323121020130710013054086606
0000234333121020130712013024837131
0000234343121020130712012363171936
0000234353121020130714017014719201
0000234363121020130716013368683607
0000234373121020130716012893025562
0000234383121020130717013340720605
0000234393121020130718021079846680
0000234403121020130719013401848541
0000234413121020131832012184420354
0000234423121020131833014813722276
0000234433121020131842012098256436
0000234443121020131850012580778626
0000234453121020131852016559102905
0000234463121020131854013015174567
0000234473121020131855012866650478
0000234483121020131901012496991179
0000234493121020131904012456557427
0000234503121020131911016561215258
0000234513121020131913013016004606
0000234523121020131921012430750645
0000234533121020131939012205262353
0000234543131020130622012328355066
0000234553131020130629012363099119
0000234563131020130630012323040040
0000234573131020130633013158042850
0000234583131020130636012805962097
0000234593131020130636012050927365
0000234603131020130642012380739570
0000234613131020130647012701349607
0000234623131020130648012319976096
0000234633131020130652017007888257
0000234643131020130656016873416585
0000234653131020130657012008677348
0000234663131020130658012450071042
0000234673131020130659018221479905
0000234683131020130659012734943567
0000234693131020130659013024837131
0000234703131020130700012205098138
0000234713131020130700012580778626
0000234723131020130700014813722276
0000234733131020130701013281185567
0000234743131020130701012879773549
0000234753131020130702012371544266
0000234763131020130702012537137908
0000234773131020130702013040688609
0000234783131020130703012205262353
0000234793131020130703012594062547
0000234803131020130704012750071587
0000234813131020130704012098256436
0000234823131020130704013003689621
0000234833131020130705013110988622
0000234843131020130706012430750645
0000234853131020130711013101611899
0000234863131020130711010094962488
0000234873131020130714012231146209
0000234883131020130721013402189568
0000234893131020130721012624503546
0000234903131020130721014660472279
0000234913131020130725011678204123
0000234923131020130731013311938584
0000234933131020130751013401848541
0000234943131020131010013324120623
0000234953131020131840012288622123
0000234963131020131846012363171936
0000234973131020131849013016004606
0000234983131020131853012477101643
0000234993131020131859012698827582
0000235003131020131900012363099119
0000235013131020131900013281185567
0000235023131020131901014660472279
0000235033131020131901012328355066
0000235043131020131902013388088542
0000235053131020131902018221479905
0000235063131020131903012050927365
0000235073131020131906012805962097
0000235083131020131910012008677348
0000235093131020131912013375117603
0000235103131020131913012912871540
0000235113131020131916013340720605
0000235123131020131933013311938584
0000235133141020130618013015174567
0000235143141020130634012371544266
0000235153141020130641016559443273
0000235163141020130641012462093267
0000235173141020130641012538135755
0000235183141020130643012559622582
0000235193141020130643016559102905
0000235203141020130649014492005273
0000235213141020130650013110988622
0000235223141020130652013020335603
0000235233141020130654013024399622
0000235243141020130654016561215258
0000235253141020130654012992819621
0000235263141020130655012928375548
0000235273141020130656012386578293
0000235283141020130656010852235647
0000235293141020130657014585442835
0000235303141020130657019035856492
0000235313141020130658019018711759
0000235323141020130658012288622123
0000235333141020130700012912871540
0000235343141020130700012319976096
0000235353141020130700012734943567
0000235363141020130700013282366603
0000235373141020130701012750071587
0000235383141020130701013158042850
0000235393141020130701013101611899
0000235403141020130701013388088542
0000235413141020130702013042840580
0000235423141020130703013016004606
0000235433141020130703012450071042
0000235443141020130703019008204943
0000235453141020130703016873416585
0000235463141020130703012323040040
0000235473141020130704017007888257
0000235483141020130704012701349607
0000235493141020130705012500170243
0000235503141020130706012879773549
0000235513141020130708012698827582
0000235523141020130709012477101643
0000235533141020130709012612719581
0000235543141020130718012380739570
0000235553141020130719015971167271
0000235563141020130722012866650478
0000235573141020130727012210531197
0000235583141020130738013324120623
0000235593141020130738013340720605
0000235603141020130739013375117603
0000235613141020130742012363171936
0000235623141020130753012413798716
0000235633141020130755012801628567
0000235643141020130757012496991179
0000235653141020130757013143911548
0000235663141020130758019008788767
0000235673141020130800013348177625
0000237713141020131556012413798716
0000237723141020131700012801628567
0000237733141020131706019008788767
0000237743141020131709013143911548
0000237753141020131710013348177625
0000237783141020131850012580778626
0000237793141020131850014813722276
0000237803141020131850012098256436
0000237813141020131851012831502561
0000237823141020131851012866873434
0000237833141020131857013282366603
0000237843141020131858013015174567
0000237853141020131901012664892608
0000237863141020131902014492005273
0000237873141020131903012496991179
0000237883141020131907012371544266
0000237893141020131910012430750645
0000237903141020131911012866650478
0000237913141020131914016561215258
0000237923141020131930015971167271
0000237933141020131944012205262353
0000237943151020130613013322850608
0000237953151020130613013322850608
0000237963151020130621012328355066
0000237973151020130628013230041606
0000237983151020130629012283119229
0000237993151020130629012050927365
0000238003151020130631013281185567
0000238013151020130633013080174568
0000238023151020130635012456526580
0000238033151020130635012805962097
0000238043151020130635012205262353
0000238053151020130636012724154543
0000238063151020130636012363099119
0000238073151020130637010746412220
0000238083151020130638012723818197
0000238093151020130645013352646588
0000238103151020130651012624503546
0000238113151020130655018221479905
0000238123151020130656012761722541
0000238133151020130656012008677348
0000238143151020130700012664892608
0000238153151020130700012646880601
0000238163151020130700012580778626
0000238173151020130700019008204943
0000238183151020130700014813722276
0000238193151020130701012831502561
0000238203151020130701013024399622
0000238213151020130701012462093267
0000238223151020130702014585442835
0000238233151020130702012098256436
0000238243151020130705013109731567
0000238253151020130705015971167271
0000238263151020130707012674856604
0000238273151020130708012866873434
0000238283151020130710018054823768
0000238293151020130715012538135755
0000238303151020130716012928375548
0000238313151020130716013042840580
0000238323151020130717012612719581
0000238333151020130717013020335603
0000238343151020130718012430750645
0000238353151020130719016559443273
0000238363151020130719012964126544
0000238373151020130722012500170243
0000238383151020130722012815191131
0000238393151020130729012992819621
0000238403151020130740019035856492
0000238413151020130740014419746277
0000238423151020130741019043562036
0000238433151020130742013282398602
0000238443151020130749012559622582
0000238453151020130749012559622582
0000238463151020130751012801628567
0000238473151020130751019008788767
0000238483151020130754013348177625
0000238493151020130755012413798716
0000238503151020130807013248344562
0000238513151020131002012430762570
0000238523151020131700012801628567
0000238533151020131702013348177625
0000238543151020131708019008788767
0000238553151020131722012413798716
0000238563151020131812012288622123
0000238573151020131835018054823768
0000238583151020131841012698827582
0000238593151020131844012477101643
0000238603151020131856012956105541
0000238613151020131857012050927365
0000238623151020131900012363099119
0000238633151020131900013281185567
0000238643151020131900012805962097
0000238653151020131901018221479905
0000238663151020131903013057168565
0000238673151020131907012912871540
0000238683151020131907012328355066
0000238693151020131907012363171936
0000238703151020131910015971167271
0000238713151020131913012008677348
0000238723151020131913011678204123
0000238733151020131914013230041606
0000238743151020131914019043562036
0000238753151020131914014419746277
0000238763151020131916019013677145
0000238773151020131927012430762570
0000238783151020131936013340720605
0000238793151020132006013557802344
0000238803151020132006013557802344
0000238813161020130625020035500934
0000238823161020130625020035500934
0000238833161020130655016559102905
0000238843161020130656013143911548
0000238853161020130657012219909451
0000238863161020130658010563286471
0000238873161020130658010563286471
0000238883161020130700011687628046
0000238893161020130701012283119229
0000238903161020130702012956105541
0000238913161020130703012363352817
0000238923161020130703012912871540
0000238933161020130704013108643583
0000238943161020130704012288622123
0000238953161020130704012936499560
0000238963161020130708012429067007
0000238973161020130709013108773568
0000238983161020130709013266223623
0000238993161020130711012876146586
0000239003161020130712012698827582
0000239013161020130712013248344562
0000239023161020130714012815191131
0000239033161020130714012723818197
0000239043161020130715016382873463
0000239053161020130718012866650478
0000239063161020130718012333401038
0000239073161020130720010746412220
0000239083161020130720013281813622
0000239093161020130720012490932707
0000239103161020130720013080174568
0000239113161020130720012624503546
0000239123161020130721013057168565
0000239133161020130722012646880601
0000239143161020130722013057168565
0000239153161020130723012710115567
0000239163161020130724011678204123
0000239173161020130724013352646588
0000239183161020130725012907889569
0000239193161020130727013015174567
0000239203161020130730013230041606
0000239213161020130734013282366603
0000239223161020130734012363171936
0000239233161020130748013375008561
0000239243161020130749016561215258
0000239253161020130754012477101643
0000239263161020130802012801628567
0000239273161020130804012761722541
0000239283161020130810019008788767
0000239293161020130818013109731567
0000239303161020130824013348177625
0000239313161020130849012413798716
0000239323161020131700013143911548
0000239333161020131700012801628567
0000239343161020131700013348177625
0000239353161020131706012413798716
0000239363161020131714019008788767
0000239373161020131727012386578293
0000239383161020131838013020335603
0000239393161020131847013108643583
0000239403161020131852016561215258
0000239413161020131855012098256436
0000239423161020131855016561215258
0000239433161020131855014813722276
0000239443161020131900012866873434
0000239453161020131905012490932707
0000239463161020131907013015174567
0000239473161020131907016559102905
0000239483161020131912012866650478
0000239493161020131930012496991179
0000239503161020131932012205262353
0000239513161020131933013375008561
0000239523161020131956012430750645
0000239533161020132105012831502561
0000239543161020132109012580778626
0000239553171020130630017014719201
0000239563171020130630012434438913
0000239573171020130631010831104454
0000239583171020130635013054086606
0000239593171020130637013281185567
0000239603171020130640012363099119
0000239613171020130641010605420464
0000239623171020130642012893025562
0000239633171020130645012805962097
0000239643171020130646012205262353
0000239653171020130647012050927365
0000239663171020130652019027518257
0000239673171020130652012328355066
0000239683171020130657012901774603
0000239693171020130658013023523621
0000239703171020130658012307071360
0000239713171020130658012333477700
0000239723171020130700012219909451
0000239733171020130700012307450175
0000239743171020130701012845679620
0000239753171020130701012866873434
0000239763171020130701013281813622
0000239773171020130702013375117603
0000239783171020130703013123898546
0000239793171020130703011687628046
0000239803171020130703013368683607
0000239813171020130704012195819652
0000239823171020130704014813722276
0000239833171020130705012333401038
0000239843171020130706012098256436
0000239853171020130706012831502561
0000239863171020130706019036823792
0000239873171020130707012580778626
0000239883171020130708012430750645
0000239893171020130708013266223623
0000239903171020130709012008677348
0000239913171020130710012710115567
0000239923171020130712018221479905
0000239933171020130715014492005273
0000239943171020130716012895308545
0000239953171020130718012429067007
0000239963171020130718012807241567
0000239973171020130719013108773568
0000239983171020130719013057168565
0000239993171020130721013340555604
0000240003171020130724013223076580
0000240013171020130725015101175270
0000240023171020130725012907889569
0000240033171020130730020469666271
0000240043171020130731020035500934
0000240053171020130731020035500934
0000240063171020130737012898221548
0000240073171020130741012936499560
0000240083171020130741012363352817
0000240093171020130749012801628567
0000240103171020130750013348177625
0000240113171020130756013230041606
0000240123171020130757012386578293
0000240133171020130759019008788767
0000240143171020130819012413798716
0000240153171020130830013143911548
0000240173171020131551019008788767
0000240203171020131702012801628567
0000242223171020131705013143911548
0000242233171020131705013348177625
0000242243171020131707019008788767
0000242253171020131709012413798716
0000242263171020131810012288622123
0000242273171020131848012956105541
0000242283171020131856012807241567
0000242293171020131857013340555604
0000242303171020131857018054823768
0000242313171020131857018221479905
0000242323171020131858012363099119
0000242333171020131858012698827582
0000242343171020131859012477101643
0000242353171020131900013375117603
0000242363171020131902013281185567
0000242373171020131902012363171936
0000242383171020131904012008677348
0000242393171020131905012328355066
0000242403171020131909012307450175
0000242413171020131912012050927365
0000242423171020131913019013646452
0000242433171020131913012805962097
0000242443171020131914013340720605
0000242453171020131929012912871540
0000242463171020132017013223620299
0000242473181020130558018054823768
0000242483181020130629016559102905
0000242493181020130630016561215258
0000242503181020130630012184420354
0000242513181020130632012514436755
0000242523181020130634013282366603
0000242533181020130638012537137908
0000242543181020130640012371544266
0000242553181020130641016328907177
0000242563181020130641020737056546
0000242573181020130643012456557427
0000242583181020130643013001901542
0000242593181020130650013015174567
0000242603181020130651012611822621
0000242613181020130653013023523621
0000242623181020130653013023523621
0000242633181020130654012901774603
0000242643181020130654012363171936
0000242653181020130656019036823792
0000242663181020130657013054086606
0000242673181020130657012845679620
0000242683181020130658012195819652
0000242693181020130658019013646452
0000242703181020130658013003689621
0000242713181020130659012434438913
0000242723181020130703012898133584
0000242733181020130704012698827582
0000242743181020130705010614412827
0000242753181020130705010831104454
0000242763181020130706012231146209
0000242773181020130706012912871540
0000242783181020130706012288622123
0000242793181020130708019027518257
0000242803181020130709020157049145
0000242813181020130710012490619537
0000242823181020130711026724104090
0000242833181020130712012477101643
0000242843181020130712019028115687
0000242853181020130714014492005273
0000242863181020130714010605420464
0000242873181020130716019020254203
0000242883181020130719017014719201
0000242893181020130728012333477700
0000242903181020130733012866650478
0000242913181020130734012956105541
0000242923181020130734013223076580
0000242933181020130740013401848541
0000242943181020130743013368683607
0000242953181020130743020469666271
0000242963181020130744012898221548
0000242973181020130745019008788767
0000242983181020130805012801628567
0000242993181020130809013348177625
0000243003181020130814013340720605
0000243013181020130839012413798716
0000243023181020130843013143911548
0000243033181020131054012893025562
0000243043181020131156019008788767
0000243053181020131703012801628567
0000243063181020131754013348177625
0000243073181020131755013143911548
0000243083181020131756018054823768
0000243093181020131814012413798716
0000243103181020131820019028115687
0000243113181020131826026724104090
0000243123181020131836012430750645
0000243133181020131846014813722276
0000243143181020131847012831502561
0000243153181020131847012580778626
0000243163181020131847012098256436
0000243173181020131848012019979200
0000243183181020131849016559102905
0000243193181020131854012866873434
0000243203181020131854013016004606
0000243213181020131900013282366603
0000243223181020131900016561215258
0000243233181020131901013015174567
0000243243181020131902012496991179
0000243253181020131914013223620299
0000243263181020131926012184420354
0000243273181020131926017017226737
0000243283181020132000012205262353
0000243293191020130526018054823768
0000243303191020130611012328355066
0000243313191020130632012205262353
0000243323191020130638012319976096
0000243333191020130639013158042850
0000243343191020130639013337507564
0000243353191020130640012450071042
0000243363191020130641012363099119
0000243373191020130644012323040040
0000243383191020130645013281185567
0000243393191020130646012594062547
0000243403191020130646017007888257
0000243413191020130647018221479905
0000243423191020130649012019979200
0000243433191020130653012380739570
0000243443191020130654012205098138
0000243453191020130654013016004606
0000243463191020130657013003689621
0000243473191020130657012050927365
0000243483191020130658013023813603
0000243493191020130658013001901542
0000243503191020130658012701349607
0000243513191020130659012831502561
0000243523191020130700014813722276
0000243533191020130700012430750645
0000243543191020130701013024837131
0000243553191020130702012537137908
0000243563191020130702012371544266
0000243573191020130703012750071587
0000243583191020130703013401848541
0000243593191020130704012611822621
0000243603191020130704016328907177
0000243613191020130704012008677348
0000243623191020130705012734943567
0000243633191020130705013101611899
0000243643191020130706019020254203
0000243653191020130706012898133584
0000243663191020130706012514436755
0000243673191020130707012805962097
0000243683191020130707012697536622
0000243693191020130708012866873434
0000243703191020130719010614412827
0000243713191020130721020157049145
0000243723191020130722012231146209
0000243733191020130722012231146209
0000243743191020130724012456557427
0000243753191020130737017017226737
0000243763191020131744012288622123
0000243773191020131840013230041606
0000243783191020131849013340720605
0000243793191020131856018221479905
0000243803191020131900013101611899
0000243813191020131903012363099119
0000243823191020131904013281185567
0000243833191020131904012328355066
0000243843191020131907012956105541
0000243853191020131912012698827582
0000243863191020131913012912871540
0000243873191020131914012008677348
0000243883191020131922012050927365
0000243893191020131924012805962097
0000243903201020130536013042840580
0000243913201020130537016561215258
0000243923201020130538012462093267
0000243933201020130544010094962488
0000243943201020130545012538135755
0000243953201020130545016873416585
0000243963201020130548012664892608
0000243973201020130549013024399622
0000243983201020130552013015174567
0000243993201020130552013024837131
0000244003201020130555014585442835
0000244013201020130557013020335603
0000244023201020130559012450071042
0000244033201020130600012205098138
0000244043201020130600012319976096
0000244053201020130600012750071587
0000244063201020130600013322850608
0000244073201020130600012734943567
0000244083201020130600013337507564
0000244093201020130601012697536622
0000244103201020130602013016004606
0000244113201020130603012594062547
0000244123201020130605012912871540
0000244133201020130607013230041606
0000244143201020130607012992819621
0000244153201020130607012288622123
0000244163201020130607012698827582
0000244173201020130608012559622582
0000244183201020130608019008204943
0000244193201020130608016559443273
0000244203201020130609013158042850
0000244213201020130609012500170243
0000244223201020130609012380739570
0000244233201020130611010852235647
0000244243201020130612017007888257
0000244253201020130612012956105541
0000244263201020130612012333401038
0000244273201020130613013282366603
0000244283201020130614012701349607
0000244293201020130615012328355066
0000244303201020130616013311938584
0000244313201020130616012323040040
0000244323201020130619014660472279
0000244333201020130622013040688609
0000244343201020130625013110988622
0000244353201020130638013340720605
0000244363201020130651015931944277
0000244373201020130710012866650478
0000244393201020131702013015174567
0000244403201020131826012866873434
0000244413201020131850014813722276
0000244423201020131850012580778626
0000244433201020131850012831502561
0000244443201020131851012098256436
0000244453201020131854015931944277
0000244463201020131858012866650478
0000244473201020131900016561215258
0000244483201020131901013282366603
0000244493201020131908012205262353
0000244503201020131922012430750645
0000244513201020131932013375117603
0000244523201020131934014660472279
0000244533201020131959013311938584
0000244543211020130623012723818197
0000244553211020130625012724154543
0000244563211020130633012283119229
0000244573211020130635013281185567
0000244583211020130636012050927365
0000244593211020130637012363099119
0000244603211020130640012205262353
0000244613211020130641012328355066
0000244623211020130642013080174568
0000244633211020130645018221479905
0000244643211020130647012456526580
0000244653211020130654012646880601
0000244663211020130655012333401038
0000244673211020130655012490619537
0000244683211020130659019035856492
0000244693211020130659013248344562
0000244703211020130659013322850608
0000244713211020130700014813722276
0000244723211020130701012866873434
0000244733211020130701016873416585
0000244743211020130702012008677348
0000244753211020130704012831502561
0000244763211020130705013024399622
0000244773211020130707012761722541
0000244783211020130708012371544266
0000244793211020130708019008204943
0000244803211020130708012462093267
0000244813211020130709013110988622
0000244823211020130709018054823768
0000244833211020130710012580778626
0000244843211020130711012964126544
0000244853211020130714012500170243
0000244863211020130715012430750645
0000244873211020130715010094962488
0000244883211020130716012801628567
0000244893211020130717012664892608
0000244903211020130717019020254203
0000244913211020130719013042840580
0000244923211020130721012559622582
0000244933211020130721012992819621
0000244943211020130723016559443273
0000244953211020130724014585442835
0000244963211020130738015971167271
0000244973211020130739013348177625
0000244983211020130741013109731567
0000244993211020130743013375117603
0000245003211020130748013282398602
0000245013211020130755012333477700
0000245023211020130801019008788767
0000245033211020130810012413798716
0000245043211020130825013143911548
0000245073211020131255012805962097
0000245093211020131507012413798716
0000247123211020131709019008788767
0000247133211020131715012801628567
0000247143211020131722013143911548
0000247153211020131722013348177625
0000247163211020131813012288622123
0000247173211020131842012698827582
0000247183211020131843012363171936
0000247193211020131845013340720605
0000247203211020131850018054823768
0000247213211020131850018054823768
0000247223211020131850012956105541
0000247233211020131850012477101643
0000247243211020131855012805962097
0000247253211020131855012050927365
0000247263211020131855013281185567
0000247273211020131856012815191131
0000247283211020131858012328355066
0000247293211020131859018221479905
0000247303211020131859012363099119
0000247313211020131901019020254203
0000247323211020131904012008677348
0000247333211020131907013408874076
0000247343211020131910012912871540
0000247353211020131914019013646452
0000247363211020131916015971167271
0000247373221020130624013015174567
0000247383221020130630020035500934
0000247393221020130640010746412220
0000247403221020130640016382873463
0000247413221020130640012936499560
0000247423221020130643016561215258
0000247433221020130643013123898546
0000247443221020130644013282366603
0000247453221020130645012895308545
0000247463221020130647011687628046
0000247473221020130651010563286471
0000247483221020130651012231146209
0000247493221020130652012724154543
0000247503221020130655012386578293
0000247513221020130656012363352817
0000247523221020130659019013646452
0000247533221020130700012363171936
0000247543221020130701012477101643
0000247553221020130701013322850608
0000247563221020130701013322850608
0000247573221020130702013108773568
0000247583221020130702012646880601
0000247593221020130702012490619537
0000247603221020130702013352646588
0000247613221020130704012876146586
0000247623221020130709012815191131
0000247633221020130709012698827582
0000247643221020130710013109731567
0000247653221020130713013248344562
0000247663221020130713012986288563
0000247673221020130714019035856492
0000247683221020130715016559102905
0000247693221020130716013281813622
0000247703221020130717012288622123
0000247713221020130719013057168565
0000247723221020130721012956105541
0000247733221020130721013282398602
0000247743221020130725012697536622
0000247753221020130726012866650478
0000247763221020130727012333477700
0000247773221020130727019043562036
0000247783221020130727014419746277
0000247793221020130728012761722541
0000247803221020130731013080174568
0000247813221020130731012283119229
0000247823221020130737013230041606
0000247833221020130744012801628567
0000247843221020130754013085261604
0000247853221020130754013085261604
0000247863221020130756013324120623
0000247873221020130801010690576568
0000247883221020130808013348177625
0000247893221020130819012413798716
0000247903221020130837013340720605
0000247913221020130920013143911548
0000247923221020130935012430762570
0000247933221020131155019008788767
0000247983221020131216012801628567
