0000221563300920131801012098256436
0000221573300920131839014813722276
0000221583300920131856012580778626
0000221593300920131857013016004606
0000221603300920131858012831502561
0000221613300920131902013015174567
0000221623300920131902016561215258
0000221633300920131902013282366603
0000221643300920131906012184420354
0000221653300920131910012496991179
0000221663300920131913012866650478
0000221673300920131914012430750645
0000221683300920131920019013646452
0000221693300920131932015971167271
0000221703300920131953012205262353
0000221713011020130624013016004606
0000221723011020130626012328355066
0000221733011020130629010746412220
0000221743011020130642012319976096
0000221753011020130644018221479905
0000221763011020130644013324120623
0000221773011020130644013281185567
0000221783011020130646013158042850
0000221793011020130647012205262353
0000221803011020130647012450071042
0000221813011020130649012805962097
0000221823011020130650013337507564
0000221833011020130650013352646588
0000221843011020130651012831502561
0000221853011020130652012380739570
0000221863011020130652012363099119
0000221873011020130655012879773549
0000221883011020130655012050927365
0000221893011020130655013335552546
0000221903011020130657013023813603
0000221913011020130657012323040040
0000221923011020130700012701349607
0000221933011020130700012928375548
0000221943011020130700012580778626
0000221953011020130700014813722276
0000221963011020130701012430750645
0000221973011020130704013402189568
0000221983011020130705012098256436
0000221993011020130705012734943567
0000222003011020130709012612719581
0000222013011020130712019013646452
0000222023011020130714012611822621
0000222033011020130715013003689621
0000222043011020130715016328907177
0000222053011020130717012624503546
0000222063011020130727012537137908
0000222073011020130727012371544266
0000222083011020130727013001901542
0000222093011020130729021079846680
0000222103011020130730014419746277
0000222113011020130730019043562036
0000222123011020130731012008677348
0000222133011020130732012986288563
0000222143011020130738020737056546
0000222153011020130738013401848541
0000222163011020130738019035856492
0000222173011020130740010690576568
0000222183011020130747012430762570
0000222193011020130749013085261604
0000222203011020130749013085261604
0000222213011020130800012697536622
0000222223011020130806013348177625
0000222233011020130807019008788767
0000222243011020130812012801628567
0000222253011020130813012413798716
0000222263011020130818013143911548
0000224223011020131703019008788767
0000224233011020131729012801628567
0000224243011020131730013143911548
0000224253011020131733013348177625
0000224263011020131741012413798716
0000224273011020131819012288622123
0000224283011020131838012477101643
0000224293011020131839013085261604
0000224303011020131845012292349576
0000224313011020131852012363171936
0000224323011020131853012986288563
0000224333011020131854021079846680
0000224343011020131900012008677348
0000224353011020131901012363099119
0000224363011020131901014419746277
0000224373011020131901019043562036
0000224383011020131901013023523621
0000224393011020131902013281185567
0000224403011020131904012328355066
0000224413011020131905012698827582
0000224423011020131906013340720605
0000224433011020131906010690576568
0000224443011020131907018221479905
0000224453011020131907012805962097
0000224463011020131911013375008561
0000224473011020131912012912871540
0000224483011020131913012430762570
0000224493011020131915012956105541
0000224503011020131916012050927365
0000224513011020131921019013677145
0000224523011020131936011678204123
0000224533021020130613013282366603
0000224543021020130618016559102905
0000224553021020130623013015174567
0000224563021020130623013042840580
0000224573021020130632012907889569
0000224583021020130635016561215258
0000224593021020130642013023813603
0000224603021020130643012462093267
0000224613021020130644013020335603
0000224623021020130646012664892608
0000224633021020130648013023523621
0000224643021020130650014585442835
0000224653021020130652012912871540
0000224663021020130653012559622582
0000224673021020130657012219909451
0000224683021020130658012496991179
0000224693021020130700012319976096
0000224703021020130700013335552546
0000224713021020130700012477101643
0000224723021020130700012956105541
0000224733021020130701012698827582
0000224743021020130701013324120623
0000224753021020130701013337507564
0000224763021020130701012288622123
0000224773021020130701016559443273
0000224783021020130702014492005273
0000224793021020130702013143911548
0000224803021020130702012380739570
0000224813021020130704012363171936
0000224823021020130706012734943567
0000224833021020130711013266223623
0000224843021020130711019018711759
0000224853021020130712013340720605
0000224863021020130712019008204943
0000224873021020130714013352646588
0000224883021020130715012500170243
0000224893021020130717012429067007
0000224903021020130718019013677145
0000224913021020130720012538135755
0000224923021020130723011678204123
0000224933021020130723013016004606
0000224943021020130724013158042850
0000224953021020130727012490932707
0000224963021020130736012386578293
0000224973021020130736012879773549
0000224983021020130740012701349607
0000224993021020130749013282398602
0000225003021020130753012801628567
0000225013021020130759013348177625
0000225023021020130800019008788767
0000225033021020130805013024399622
0000225043021020130805012992819621
0000225053021020130806012986288563
0000225063021020130812012413798716
0000225073021020131701012801628567
0000225083021020131708019008788767
0000225093021020131710013348177625
0000225103021020131710013143911548
0000225113021020131713012413798716
0000225123021020131835012831502561
0000225133021020131840012098256436
0000225143021020131841014813722276
0000225153021020131852016561215258
0000225163021020131853012430750645
0000225173021020131858012580778626
0000225183021020131900012664892608
0000225193021020131900013015174567
0000225203021020131901012986288563
0000225213021020131904013282366603
0000225223021020131910012490932707
0000225233021020131911014492005273
0000225243021020132023012205262353
0000225253021020132035013393339604
0000225263031020130542013393339604
0000225273031020130614012328355066
0000225283031020130614012724154543
0000225293031020130624012434438913
0000225303031020130636012205262353
0000225313031020130637012283119229
0000225323031020130643012490619537
0000225333031020130647012805962097
0000225343031020130650012333477700
0000225353031020130651012456526580
0000225363031020130654013375117603
0000225373031020130656012646880601
0000225383031020130657019018711759
0000225393031020130659018221479905
0000225403031020130659013080174568
0000225413031020130700014813722276
0000225423031020130700012761722541
0000225433031020130701012580778626
0000225443031020130701012363099119
0000225453031020130701012430750645
0000225463031020130701013322850608
0000225473031020130703012050927365
0000225483031020130704012831502561
0000225493031020130706012219909451
0000225503031020130707013310508543
0000225513031020130707013266223623
0000225523031020130707013109731567
0000225533031020130711013024399622
0000225543031020130712019008204943
0000225553031020130713013230041606
0000225563031020130713012462093267
0000225573031020130713014585442835
0000225583031020130715013223076580
0000225593031020130715012815191131
0000225603031020130716013042840580
0000225613031020130719012008677348
0000225623031020130720013282398602
0000225633031020130723012500170243
0000225643031020130723012500170243
0000225653031020130724012538135755
0000225663031020130728012907889569
0000225673031020130730013340555604
0000225683031020130731015931944277
0000225693031020130739012307071360
0000225703031020130739012559622582
0000225713031020130739013020335603
0000225723031020130757012801628567
0000225733031020130758019008788767
0000225743031020130801012992819621
0000225753031020130802012413798716
0000225763031020130803012807241567
0000225773031020130803012807241567
