0000285693291120131734013143911548
0000285703291120131734013348177625
0000285713291120131750012413798716
0000285723291120131800018054823768
0000285733291120131850014813722276
0000285743291120131850016559102905
0000285753291120131852012098256436
0000285763291120131902013223620299
0000285773291120131902013282366603
0000285783291120131911012430750645
0000285793291120131913012912871540
0000285803291120131916016561215258
0000285813291120131916013015174567
0000285823291120131918026724104090
0000285833291120131919017017226737
0000285843291120131930012831502561
0000285853291120131930012866650478
0000285863291120131940012866873434
0000285873291120131956012496991179
0000285883301120130626012323040040
0000285893301120130629012184420354
0000285903301120130643012019979200
0000285913301120130643012805962097
0000285923301120130644010094962488
0000285933301120130646012205098138
0000285943301120130651012594062547
0000285953301120130652012050927365
0000285963301120130652012319976096
0000285973301120130652012328355066
0000285983301120130653012380739570
0000285993301120130655020774970167
0000286003301120130656012008677348
0000286013301120130657012697536622
0000286023301120130658012866873434
0000286033301120130658013101611899
0000286043301120130700012514436755
0000286053301120130700012098256436
0000286063301120130700012912871540
0000286073301120130701014813722276
0000286083301120130701012815191131
0000286093301120130702012611822621
0000286103301120130703013003689621
0000286113301120130706019020254203
0000286123301120130707013024837131
0000286133301120130707017017226737
0000286143301120130709012750071587
0000286153301120130709012879773549
0000286163301120130711013266223623
0000286173301120130711012430750645
0000286183301120130713012371544266
0000286193301120130713012537137908
0000286203301120130715012734943567
0000286213301120130716010614412827
0000286223301120130716010614412827
0000286233301120130717012456557427
0000286243301120130717013001901542
0000286253301120130718012831502561
0000286263301120130719013337507564
0000286273301120130720013042840580
0000286283301120130726012624503546
0000286293301120130728016328907177
0000286303301120130728013281185567
0000286313301120130732013016004606
0000286323301120130735012898133584
0000286333301120130756012701349607
0000286343301120130821013237415420
0000286353301120131848012477101643
0000286363301120131857012698827582
0000286373301120131857012815191131
0000286383301120131858012580778626
0000286393301120131858013281185567
0000286403301120131903012288622123
0000286413301120131905013266223623
0000286423301120131905012328355066
0000286433301120131905018221479905
0000286443301120131905012050927365
0000286453301120131906012805962097
0000286463301120131908012363099119
0000286473301120131916012008677348
0000286483301120131919012956105541
0000286493301120131921013340720605
0000286503301120131924013057168565
0000286513011220130641016561215258
0000286523011220130647016873416585
0000286533011220130649013015174567
0000286543011220130649013023813603
0000286553011220130654013024399622
0000286563011220130654017007888257
0000286573011220130654012750071587
0000286583011220130656012538135755
0000286593011220130658013401848541
0000286603011220130700012477101643
0000286613011220130700012288622123
0000286623011220130700013101611899
0000286633011220130701012698827582
0000286643011220130701012205098138
0000286653011220130701013337507564
0000286663011220130703013024837131
0000286673011220130703012537662166
0000286683011220130704012559622582
0000286693011220130704012559622582
0000286703011220130704019018711759
0000286713011220130704019018711759
0000286723011220130708014585442835
0000286733011220130708013340720605
0000286743011220130709012184420354
0000286753011220130709012701349607
0000286763011220130711016559102905
0000286773011220130712012594062547
0000286783011220130713012380739570
0000286793011220130713013282366603
0000286803011220130714013335552546
0000286813011220130714013110988622
0000286823011220130714019008204943
0000286833011220130717013040688609
0000286843011220130718012323040040
0000286853011220130719013057168565
0000286863011220130721012462093267
0000286873011220130721020774970167
0000286883011220130722012734943567
0000286893011220130726012879773549
0000286903011220130728012992819621
0000286913011220130728012580778626
0000286923011220130728012866650478
0000286933011220130809012500170243
0000286943011220130813010094962488
0000286953011220131850012866873434
0000286963011220131850013282366603
0000286973011220131851014813722276
0000286983011220131900013015174567
0000286993011220131900016561215258
0000287003011220131903012912871540
0000287013011220131903013388088542
0000287023011220131909012210531197
0000287033011220131914012866650478
0000287043011220131926012430750645
0000287053011220131933012496991179
0000287063021220130643012363099119
0000287073021220130644012490619537
0000287083021220130646013281185567
0000287093021220130650012805962097
0000287103021220130654012050927365
0000287113021220130654012723818197
0000287123021220130655013388132584
0000287133021220130655012328355066
0000287143021220130655012928375548
0000287153021220130655012283119229
0000287163021220130655013348982609
0000287173021220130656019035856492
0000287183021220130659018221479905
0000287193021220130700016873416585
0000287203021220130700013310508543
0000287213021220130701014813722276
0000287223021220130705014585442835
0000287233021220130705012866873434
0000287243021220130708013080174568
0000287253021220130708012761722541
0000287263021220130711013388088542
0000287273021220130712013401848541
0000287283021220130712017007888257
0000287293021220130714013110988622
0000287303021220130714012992819621
0000287313021220130714015971167271
0000287323021220130715013109731567
0000287333021220130715012815191131
0000287343021220130716019018711759
0000287353021220130716012912871540
0000287363021220130717013311938584
0000287373021220130724019020254203
0000287383021220130727012462093267
0000287393021220130728012210531197
0000287403021220130730012538135755
0000287413021220130735012612719581
0000287423021220130744013024399622
0000287433021220130752012801628567
0000287443021220130753019008788767
0000287453021220130754013348177625
0000287463021220130756012559622582
0000287473021220130756012559622582
0000287483021220130756019013677145
0000287493021220130758013223620299
0000287503021220130814013143911548
0000287513021220130818012413798716
0000287523021220130846012430750645
0000291633021220131702019008788767
0000291643021220131735012801628567
0000291653021220131825012413798716
0000291663021220131837013348177625
0000291673021220131841013143911548
0000291683021220131844012288622123
0000291693021220131851012580778626
0000291703021220131855013340720605
0000291713021220131856012477101643
0000291723021220131856012956105541
0000291733021220131900012363099119
0000291743021220131902013281185567
0000291753021220131904013223620299
0000291763021220131905018221479905
0000291773021220131908012805962097
0000291783021220131908012698827582
0000291793021220131916019013677145
0000291803021220131916019020254203
0000291813021220131923015971167271
0000291823021220131924019013646452
0000291833021220131936012050927365
0000291843021220132022013311938584
0000291853031220130636013015174567
0000291863031220130637012936499560
0000291873031220130639013282366603
0000291883031220130642016382873463
0000291893031220130643013324120623
0000291903031220130646016561215258
0000291913031220130646010746412220
0000291923031220130646014585442835
0000291933031220130648012698827582
0000291943031220130648012283119229
0000291953031220130648016559102905
0000291963031220130651010563286471
0000291973031220130652012537662166
0000291983031220130652013230041606
0000291993031220130655013108773568
0000292003031220130656020035500934
0000292013031220130656012363352817
0000292023031220130659011687628046
0000292033031220130659012895308545
0000292043031220130700013123898546
0000292053031220130701012956105541
0000292063031220130701012386578293
0000292073031220130702012477101643
0000292083031220131701012413798716
0000292093031220131708012801628567
0000292103031220131848012098256436
0000292113031220131849013085261604
0000292123031220131849014813722276
0000292133031220131852012831502561
0000292143031220131856016559102905
0000292153031220131900013348177625
0000292163031220131903014419746277
0000292173031220131905013282366603
0000292183031220131906012430750645
0000292193031220131909012866650478
0000292203031220131910012912871540
0000292213031220131911019043562036
0000292223031220131911012496991179
0000292233031220131913016561215258
0000292243031220131913013015174567
0000292253031220131914013143911548
0000292263031220131916019013677145
0000292273031220132010010690576568
0000292283031220132223012866873434
0000292293041220130626012893025562
0000292303041220130638010831104454
0000292313041220130640013054086606
0000292323041220130641010605420464
0000292333041220130643012363099119
0000292343041220130643012907889569
0000292353041220130645013281185567
0000292363041220130646017014719201
0000292373041220130648012845679620
0000292383041220130650019027518257
0000292393041220130653013080174568
0000292403041220130653012328355066
0000292413041220130655012831502561
0000292423041220130656012219909451
0000292433041220130656012805962097
0000292443041220130658013057168565
0000292453041220130659012895308545
0000292463041220130659010746412220
0000292473041220130700014813722276
0000292483041220130701012430750645
0000292493041220130701014492005273
0000292503041220130702011687628046
0000292513041220130702013324120623
0000292523041220130703020157049145
0000292533041220130704012429067007
0000292543041220130704012050927365
0000292553041220130705020035500934
0000292563041220130707012912871540
0000292573041220130708012008677348
0000292583041220130709013108773568
0000292593041220130709012363352817
0000292603041220130709012936499560
0000292613041220130710013123898546
0000292623041220130710012901774603
0000292633041220130710012195819652
0000292643041220130710014585442835
0000292653041220130711012866873434
0000292663041220130711018221479905
0000292673041220130712016382873463
0000292683041220130715019036823792
0000292693041220130717020469666271
0000292703041220130717013266223623
0000292713041220130717012386578293
0000292723041220130718013368683607
0000292733041220130720013352646588
0000292743041220130723012098256436
0000292753041220130730013230041606
0000292763041220130754012986288563
0000292773041220130756012710115567
0000292783041220130757013282398602
0000292793041220130802013348177625
0000292803041220130814012801628567
0000292813041220130829012490932707
0000292823041220130906013143911548
0000292833041220130915013143911548
0000292843041220131658012801628567
0000292853041220131840013143911548
0000292863041220131841013348177625
0000292873041220131842012288622123
0000292883041220131848013340720605
0000292893041220131849012580778626
0000292903041220131859012477101643
0000292913041220131859012986288563
0000292923041220131900013281185567
0000292933041220131901012363099119
0000292943041220131904012490932707
0000292953041220131913012807241567
0000292963041220131915018221479905
0000292973041220131915012328355066
0000292983041220131916012805962097
0000292993041220131923012050927365
0000293003041220131923012956105541
0000293013041220131928012964126544
0000293023041220131951012008677348
0000293033041220131952012710115567
0000293043041220132014012698827582
0000293053051220130617012434438913
0000293063051220130623012184420354
0000293073051220130632016559102905
0000293083051220130635012307450175
0000293093051220130636012537137908
0000293103051220130640013282366603
0000293113051220130641013003689621
0000293123051220130647012611822621
0000293133051220130647012371544266
0000293143051220130653012624503546
0000293153051220130657012456557427
0000293163051220130657013001901542
0000293173051220130657013402189568
0000293183051220130700012219909451
0000293193051220130700013266223623
0000293203051220130701013281813622
0000293213051220130702013401848541
0000293223051220130703013054086606
0000293233051220130704012231146209
0000293243051220130704012333477700
0000293253051220130705012288622123
0000293263051220130706019027518257
0000293273051220130706014492005273
0000293283051220130709012901774603
0000293293051220130712012893025562
0000293303051220130714013015174567
0000293313051220130714010831104454
0000293323051220130715012845679620
0000293333051220130715019036823792
0000293343051220130716020737056546
0000293353051220130716012195819652
0000293363051220130717013375117603
0000293373051220130717013375117603
0000293383051220130717012307071360
0000293393051220130719012697536622
0000293403051220130719012580778626
0000293413051220130720012898133584
0000293423051220130722010605420464
0000293433051220130726012496991179
0000293443051220130728012866650478
0000293453051220130728020469666271
0000293463051220130729013368683607
0000293473051220130729012956105541
0000293483051220130738013340555604
0000293493051220130740012907889569
0000293503051220130807013348177625
0000293513051220130809019008788767
0000293523051220130814012413798716
0000293533051220130818012801628567
0000293543051220130821016561215258
0000293553051220130824013143911548
