0000285693291120131734013143911548
0000285703291120131734013348177625
0000285713291120131750012413798716
0000285723291120131800018054823768
0000285733291120131850014813722276
0000285743291120131850016559102905
0000285753291120131852012098256436
0000285763291120131902013223620299
0000285773291120131902013282366603
0000285783291120131911012430750645
0000285793291120131913012912871540
0000285803291120131916016561215258
0000285813291120131916013015174567
0000285823291120131918026724104090
0000285833291120131919017017226737
0000285843291120131930012831502561
0000285853291120131930012866650478
0000285863291120131940012866873434
0000285873291120131956012496991179
0000285883301120130626012323040040
0000285893301120130629012184420354
0000285903301120130643012019979200
0000285913301120130643012805962097
0000285923301120130644010094962488
0000285933301120130646012205098138
0000285943301120130651012594062547
0000285953301120130652012050927365
0000285963301120130652012319976096
0000285973301120130652012328355066
0000285983301120130653012380739570
0000285993301120130655020774970167
0000286003301120130656012008677348
0000286013301120130657012697536622
0000286023301120130658012866873434
0000286033301120130658013101611899
0000286043301120130700012514436755
0000286053301120130700012098256436
0000286063301120130700012912871540
0000286073301120130701014813722276
0000286083301120130701012815191131
0000286093301120130702012611822621
0000286103301120130703013003689621
0000286113301120130706019020254203
0000286123301120130707013024837131
0000286133301120130707017017226737
0000286143301120130709012750071587
0000286153301120130709012879773549
0000286163301120130711013266223623
0000286173301120130711012430750645
0000286183301120130713012371544266
0000286193301120130713012537137908
0000286203301120130715012734943567
0000286213301120130716010614412827
0000286223301120130716010614412827
0000286233301120130717012456557427
0000286243301120130717013001901542
0000286253301120130718012831502561
0000286263301120130719013337507564
0000286273301120130720013042840580
0000286283301120130726012624503546
0000286293301120130728016328907177
0000286303301120130728013281185567
0000286313301120130732013016004606
0000286323301120130735012898133584
0000286333301120130756012701349607
0000286343301120130821013237415420
0000286353301120131848012477101643
0000286363301120131857012698827582
0000286373301120131857012815191131
0000286383301120131858012580778626
0000286393301120131858013281185567
0000286403301120131903012288622123
0000286413301120131905013266223623
0000286423301120131905012328355066
0000286433301120131905018221479905
0000286443301120131905012050927365
0000286453301120131906012805962097
0000286463301120131908012363099119
0000286473301120131916012008677348
0000286483301120131919012956105541
0000286493301120131921013340720605
0000286503301120131924013057168565
0000286513011220130641016561215258
0000286523011220130647016873416585
0000286533011220130649013015174567
0000286543011220130649013023813603
0000286553011220130654013024399622
0000286563011220130654017007888257
0000286573011220130654012750071587
0000286583011220130656012538135755
0000286593011220130658013401848541
0000286603011220130700012477101643
0000286613011220130700012288622123
0000286623011220130700013101611899
0000286633011220130701012698827582
0000286643011220130701012205098138
0000286653011220130701013337507564
0000286663011220130703013024837131
0000286673011220130703012537662166
0000286683011220130704012559622582
0000286693011220130704012559622582
0000286703011220130704019018711759
0000286713011220130704019018711759
0000286723011220130708014585442835
0000286733011220130708013340720605
0000286743011220130709012184420354
0000286753011220130709012701349607
0000286763011220130711016559102905
0000286773011220130712012594062547
0000286783011220130713012380739570
0000286793011220130713013282366603
0000286803011220130714013335552546
0000286813011220130714013110988622
0000286823011220130714019008204943
0000286833011220130717013040688609
0000286843011220130718012323040040
0000286853011220130719013057168565
0000286863011220130721012462093267
0000286873011220130721020774970167
0000286883011220130722012734943567
0000286893011220130726012879773549
0000286903011220130728012992819621
0000286913011220130728012580778626
0000286923011220130728012866650478
0000286933011220130809012500170243
0000286943011220130813010094962488
0000286953011220131850012866873434
0000286963011220131850013282366603
0000286973011220131851014813722276
0000286983011220131900013015174567
0000286993011220131900016561215258
0000287003011220131903012912871540
0000287013011220131903013388088542
0000287023011220131909012210531197
0000287033011220131914012866650478
0000287043011220131926012430750645
0000287053011220131933012496991179
0000287063021220130643012363099119
0000287073021220130644012490619537
0000287083021220130646013281185567
0000287093021220130650012805962097
0000287103021220130654012050927365
0000287113021220130654012723818197
0000287123021220130655013388132584
0000287133021220130655012328355066
0000287143021220130655012928375548
0000287153021220130655012283119229
0000287163021220130655013348982609
0000287173021220130656019035856492
0000287183021220130659018221479905
0000287193021220130700016873416585
0000287203021220130700013310508543
0000287213021220130701014813722276
0000287223021220130705014585442835
0000287233021220130705012866873434
0000287243021220130708013080174568
0000287253021220130708012761722541
0000287263021220130711013388088542
0000287273021220130712013401848541
0000287283021220130712017007888257
0000287293021220130714013110988622
0000287303021220130714012992819621
0000287313021220130714015971167271
0000287323021220130715013109731567
0000287333021220130715012815191131
0000287343021220130716019018711759
0000287353021220130716012912871540
0000287363021220130717013311938584
0000287373021220130724019020254203
0000287383021220130727012462093267
0000287393021220130728012210531197
0000287403021220130730012538135755
0000287413021220130735012612719581
0000287423021220130744013024399622
0000287433021220130752012801628567
0000287443021220130753019008788767
0000287453021220130754013348177625
0000287463021220130756012559622582
0000287473021220130756012559622582
0000287483021220130756019013677145
0000287493021220130758013223620299
0000287503021220130814013143911548
0000287513021220130818012413798716
0000287523021220130846012430750645
0000291633021220131702019008788767
0000291643021220131735012801628567
0000291653021220131825012413798716
0000291663021220131837013348177625
0000291673021220131841013143911548
0000291683021220131844012288622123
0000291693021220131851012580778626
0000291703021220131855013340720605
0000291713021220131856012477101643
0000291723021220131856012956105541
0000291733021220131900012363099119
0000291743021220131902013281185567
0000291753021220131904013223620299
0000291763021220131905018221479905
0000291773021220131908012805962097
0000291783021220131908012698827582
0000291793021220131916019013677145
0000291803021220131916019020254203
0000291813021220131923015971167271
0000291823021220131924019013646452
0000291833021220131936012050927365
0000291843021220132022013311938584
0000291853031220130636013015174567
0000291863031220130637012936499560
0000291873031220130639013282366603
0000291883031220130642016382873463
0000291893031220130643013324120623
0000291903031220130646016561215258
0000291913031220130646010746412220
0000291923031220130646014585442835
0000291933031220130648012698827582
0000291943031220130648012283119229
0000291953031220130648016559102905
0000291963031220130651010563286471
0000291973031220130652012537662166
0000291983031220130652013230041606
0000291993031220130655013108773568
0000292003031220130656020035500934
0000292013031220130656012363352817
0000292023031220130659011687628046
0000292033031220130659012895308545
0000292043031220130700013123898546
0000292053031220130701012956105541
0000292063031220130701012386578293
0000292073031220130702012477101643
0000292083031220131701012413798716
0000292093031220131708012801628567
0000292103031220131848012098256436
0000292113031220131849013085261604
0000292123031220131849014813722276
0000292133031220131852012831502561
0000292143031220131856016559102905
0000292153031220131900013348177625
0000292163031220131903014419746277
0000292173031220131905013282366603
0000292183031220131906012430750645
0000292193031220131909012866650478
0000292203031220131910012912871540
0000292213031220131911019043562036
0000292223031220131911012496991179
0000292233031220131913016561215258
0000292243031220131913013015174567
0000292253031220131914013143911548
0000292263031220131916019013677145
0000292273031220132010010690576568
0000292283031220132223012866873434
0000292293041220130626012893025562
0000292303041220130638010831104454
0000292313041220130640013054086606
0000292323041220130641010605420464
0000292333041220130643012363099119
0000292343041220130643012907889569
0000292353041220130645013281185567
0000292363041220130646017014719201
0000292373041220130648012845679620
0000292383041220130650019027518257
0000292393041220130653013080174568
0000292403041220130653012328355066
0000292413041220130655012831502561
0000292423041220130656012219909451
0000292433041220130656012805962097
0000292443041220130658013057168565
0000292453041220130659012895308545
0000292463041220130659010746412220
0000292473041220130700014813722276
0000292483041220130701012430750645
0000292493041220130701014492005273
0000292503041220130702011687628046
0000292513041220130702013324120623
0000292523041220130703020157049145
0000292533041220130704012429067007
0000292543041220130704012050927365
0000292553041220130705020035500934
0000292563041220130707012912871540
0000292573041220130708012008677348
0000292583041220130709013108773568
0000292593041220130709012363352817
0000292603041220130709012936499560
0000292613041220130710013123898546
0000292623041220130710012901774603
0000292633041220130710012195819652
0000292643041220130710014585442835
0000292653041220130711012866873434
0000292663041220130711018221479905
0000292673041220130712016382873463
0000292683041220130715019036823792
0000292693041220130717020469666271
0000292703041220130717013266223623
0000292713041220130717012386578293
0000292723041220130718013368683607
0000292733041220130720013352646588
0000292743041220130723012098256436
0000292753041220130730013230041606
0000292763041220130754012986288563
0000292773041220130756012710115567
0000292783041220130757013282398602
0000292793041220130802013348177625
0000292803041220130814012801628567
0000292813041220130829012490932707
0000292823041220130906013143911548
0000292833041220130915013143911548
0000292843041220131658012801628567
0000292853041220131840013143911548
0000292863041220131841013348177625
0000292873041220131842012288622123
0000292883041220131848013340720605
0000292893041220131849012580778626
0000292903041220131859012477101643
0000292913041220131859012986288563
0000292923041220131900013281185567
0000292933041220131901012363099119
0000292943041220131904012490932707
0000292953041220131913012807241567
0000292963041220131915018221479905
0000292973041220131915012328355066
0000292983041220131916012805962097
0000292993041220131923012050927365
0000293003041220131923012956105541
0000293013041220131928012964126544
0000293023041220131951012008677348
0000293033041220131952012710115567
0000293043041220132014012698827582
0000293053051220130617012434438913
0000293063051220130623012184420354
0000293073051220130632016559102905
0000293083051220130635012307450175
0000293093051220130636012537137908
0000293103051220130640013282366603
0000293113051220130641013003689621
0000293123051220130647012611822621
0000293133051220130647012371544266
0000293143051220130653012624503546
0000293153051220130657012456557427
0000293163051220130657013001901542
0000293173051220130657013402189568
0000293183051220130700012219909451
0000293193051220130700013266223623
0000293203051220130701013281813622
0000293213051220130702013401848541
0000293223051220130703013054086606
0000293233051220130704012231146209
0000293243051220130704012333477700
0000293253051220130705012288622123
0000293263051220130706019027518257
0000293273051220130706014492005273
0000293283051220130709012901774603
0000293293051220130712012893025562
0000293303051220130714013015174567
0000293313051220130714010831104454
0000293323051220130715012845679620
0000293333051220130715019036823792
0000293343051220130716020737056546
0000293353051220130716012195819652
0000293363051220130717013375117603
0000293373051220130717013375117603
0000293383051220130717012307071360
0000293393051220130719012697536622
0000293403051220130719012580778626
0000293413051220130720012898133584
0000293423051220130722010605420464
0000293433051220130726012496991179
0000293443051220130728012866650478
0000293453051220130728020469666271
0000293463051220130729013368683607
0000293473051220130729012956105541
0000293483051220130738013340555604
0000293493051220130740012907889569
0000293503051220130807013348177625
0000293513051220130809019008788767
0000293523051220130814012413798716
0000293533051220130818012801628567
0000293543051220130821016561215258
0000293553051220130824013143911548
0000293563051220131717012801628567
0000293573051220131717019008788767
0000293583051220131728012413798716
0000293593051220131730013143911548
0000293603051220131736013348177625
0000293613051220131847014813722276
0000293623051220131849012098256436
0000293633051220131849016559102905
0000293643051220131852013282366603
0000293653051220131854012807241567
0000293663051220131900012496991179
0000293673051220131904012307450175
0000293683051220131904013340555604
0000293693051220131905012307071360
0000293703051220131907012866650478
0000293713051220131907012866650478
0000293723051220131915012866873434
0000293733051220131926013015174567
0000293743051220131926016561215258
0000293753051220131944012912871540
0000293763051220131954018054823768
0000293773051220132016013281813622
0000293783051220132044013223620299
0000293793061220130538018054823768
0000293803061220130630012363099119
0000293813061220130633013281185567
0000293823061220130634012805962097
0000293833061220130636012514436755
0000293843061220130643013016004606
0000293853061220130647012019979200
0000293863061220130649012319976096
0000293873061220130653018221479905
0000293883061220130655012380739570
0000293893061220130657012879773549
0000293903061220130658013237415420
0000293913061220130658012328355066
0000293923061220130659014813722276
0000293933061220130659012898133584
0000293943061220130700012050927365
0000293953061220130701013335552546
0000293963061220130701013158042850
0000293973061220130701020737056546
0000293983061220130702012734943567
0000293993061220130702012611822621
0000294003061220130703013001901542
0000294013061220130703012912871540
0000294023061220130703012323040040
0000294033061220130704012624503546
0000294043061220130705012184420354
0000294053061220130708012430750645
0000294063061220130708012697536622
0000294073061220130710013003689621
0000294083061220130710012537137908
0000294093061220130711013101611899
0000294103061220130711013401848541
0000294113061220130713012815191131
0000294123061220130713012008677348
0000294133061220130714013324120623
0000294143061220130714012456557427
0000294153061220130716012866650478
0000294163061220130716012231146209
0000294173061220130716012333477700
0000294183061220130717019028115687
0000294193061220130722012371544266
0000294203061220130727012701349607
0000294213061220130728013375117603
0000294223061220130730019020254203
0000294233061220130737016328907177
0000294243061220130743012434438913
0000294253061220130744010614412827
0000294263061220130752012750071587
0000294273061220130752012750071587
0000294283061220130755019008788767
0000294293061220130804013348177625
0000294303061220130823012413798716
0000294313061220130825012801628567
0000294323061220130829012430762570
0000294333061220130859013143911548
0000294343061220130958019019769882
0000294353061220131124012098256436
0000294363061220131128012866873434
0000294373061220131700019008788767
0000294383061220131704013143911548
0000294393061220131709013348177625
0000294403061220131725012801628567
0000294413061220131801018054823768
0000294423061220131842013340720605
0000294433061220131842012462093267
0000294443061220131843019028115687
0000294453061220131848012580778626
0000294463061220131851012698827582
0000294473061220131853012288622123
0000294483061220131857012328355066
0000294493061220131857013223620299
0000294503061220131859012050927365
0000294513061220131901019019769882
0000294523061220131901012363099119
0000294533061220131902012956105541
0000294543061220131906012815191131
0000294553061220131908017017226737
0000294563061220131909012805962097
0000294573061220131909013281185567
0000294583061220131911018221479905
0000294593061220131912012008677348
0000294603071220130622013015174567
0000294613071220130644016561215258
0000294623071220130646013024399622
0000294633071220130646013023813603
0000294643071220130647020774970167
0000294653071220130649012205098138
0000294663071220130650010094962488
0000294673071220130651012594062547
0000294683071220130652012559622582
0000294693071220130652012559622582
0000294703071220130652016559443273
0000294713071220130656012496991179
0000294723071220130657012386578293
0000294733071220130658012992819621
0000294743071220130700013101611899
0000294753071220130701012319976096
0000294763071220130702012514436755
0000294773071220130703012866650478
0000294783071220130703012956105541
0000294793071220130704013042840580
0000294803071220130704012538135755
0000294813071220130705012734943567
0000294823071220130705012019979200
0000294833071220130705013024837131
0000294843071220130706012879773549
0000294853071220130709012701349607
0000294863071220130709012750071587
0000294873071220130709019020254203
0000294883071220130709012231146209
0000294893071220130711012288622123
0000294903071220130711013020335603
0000294913071220130714012698827582
0000294923071220130714012500170243
0000294933071220130714013282366603
0000294943071220130715019018711759
0000294953071220130715013230041606
0000294963071220130717012380739570
0000294973071220130717013335552546
0000294983071220130718013016004606
0000294993071220130721013158042850
0000295003071220130723017017226737
0000295013071220130723012580778626
0000295023071220130724012323040040
0000295033071220130724012462093267
0000295043071220130725013340720605
0000295053071220130728019008204943
0000295063071220130737018054823768
0000295073071220130806010614412827
0000295083071220130850013237415420
0000295093071220130907012430762570
0000295103071220131812012866873434
0000295113071220131850014813722276
0000295123071220131856012831502561
0000295133071220131900012496991179
0000295143071220131901012866650478
0000295153071220131904012992819621
0000295163071220131904013015174567
0000295173071220131906016561215258
0000295183071220131907012912871540
0000295193071220131915012430750645
0000295203071220131915013282366603
0000295213081220130629012936499560
0000295223081220130648018221479905
0000295233081220130648017007888257
0000295243081220130650012319976096
0000295253081220130650013388132584
0000295263081220130651012805962097
0000295273081220130651012831502561
0000295283081220130651014813722276
0000295293081220130652012723818197
0000295303081220130652012490619537
0000295313081220130654013348982609
0000295323081220130654012283119229
0000295333081220130654012050927365
0000295343081220130655012328355066
0000295353081220130655012008677348
0000295363081220130656016873416585
0000295373081220130658013310508543
0000295383081220130700012205098138
0000295393081220130700012912871540
0000295403081220130701012538135755
0000295413081220130701012500170243
0000295423081220130701013042840580
0000295433081220130702013282366603
0000295443081220130703012761722541
0000295453081220130703012231146209
0000295463081220130705012594062547
0000295473081220130706013108773568
0000295483081220130708013281185567
0000295493081220130710020774970167
0000295503081220130711013024837131
0000295513081220130712013024399622
0000295523081220130714012363099119
0000295533081220130718013110988622
0000295543081220130718012559622582
0000295553081220130718012559622582
0000295563081220130718016559443273
0000295573081220130719012866873434
0000295583081220130720012430750645
0000295593081220130720013040688609
0000295603081220130732010094962488
0000295613081220130734013020335603
0000295623081220130743012815191131
0000295633081220131842012698827582
0000295643081220131842012580778626
0000295653081220131847013340720605
0000295663081220131852012288622123
0000295673081220131854018221479905
0000295683081220131856012328355066
0000295693081220131857013388088542
0000295703081220131858012050927365
0000295713081220131900013281185567
0000295723081220131901012363099119
0000295733081220131907012477101643
0000295743081220131914012805962097
0000295753081220131917012956105541
0000295763081220131934013375117603
0000295773081220132022012008677348
0000295783091220130617016559102905
0000295793091220130627020035500934
0000295803091220130636016382873463
0000295813091220130636012537662166
0000295823091220130637010563286471
0000295833091220130645011687628046
0000295843091220130647016561215258
0000295853091220130650013282366603
0000295863091220130652013015174567
0000295873091220130655012386578293
0000295883091220130658012363352817
0000295893091220130658013123898546
0000295903091220130659012928375548
0000295913091220130700017007888257
0000295923091220130700012580778626
0000295933091220130701012723818197
0000295943091220130701013388088542
0000295953091220130701012815191131
0000295963091220130702012496991179
0000295973091220130702013311938584
0000295983091220130702019035856492
0000295993091220130702012698827582
0000296003091220130703016873416585
0000296013091220130704012283119229
0000296023091220130705012288622123
0000296033091220130706012876146586
0000296043091220130706013340720605
0000296053091220130710013080174568
0000296063091220130711018054823768
0000296073091220130714015971167271
0000296083091220130715013348982609
0000296093091220130715013388132584
0000296103091220130718012866650478
0000296113091220130718012956105541
0000296123091220130723013108773568
0000296133091220130724012936499560
0000296143091220130725012477101643
0000296153091220130725013310508543
0000296163091220130727012490619537
0000296173091220130728013230041606
0000296183091220130731019020254203
0000296193091220130742012612719581
0000296203091220130751013223620299
0000296213091220130757013348177625
0000296223091220130757019008788767
0000296233091220130800012413798716
