0000263233311020131707012801628567
0000263243311020131708012413798716
0000263253311020131709013348177625
0000263263311020131839018054823768
0000263273311020131844012580778626
0000263283311020131845012307450175
0000263293311020131849012698827582
0000263303311020131849013340720605
0000263313311020131853012477101643
0000263323311020131855012807241567
0000263333311020131856012288622123
0000263343311020131857013340555604
0000263353311020131900012363099119
0000263363311020131900014492005273
0000263373311020131900012363171936
0000263383311020131900013281185567
0000263393311020131901012328355066
0000263403311020131907012805962097
0000263413311020131908012050927365
0000263423311020131909012761722541
0000263433311020131911018221479905
0000263443311020131912012008677348
0000263453311020131917012956105541
0000263463311020131932012912871540
0000263473311020131936013223620299
0000263483011120130536018054823768
0000263493011120130624013282366603
0000263503011120130632012514436755
0000263513011120130633010614412827
0000263523011120130640016559102905
0000263533011120130640012462093267
0000263543011120130641013023813603
0000263553011120130644016559443273
0000263563011120130648012019979200
0000263573011120130648013237415420
0000263583011120130649016561215258
0000263593011120130651013020335603
0000263603011120130658019028115687
0000263613011120130700012912871540
0000263623011120130700012319976096
0000263633011120130700012879773549
0000263643011120130700012363171936
0000263653011120130700012450071042
0000263663011120130700012664892608
0000263673011120130700012734943567
0000263683011120130701012184420354
0000263693011120130701012580778626
0000263703011120130702012288622123
0000263713011120130703013042840580
0000263723011120130705013101611899
0000263733011120130706012500170243
0000263743011120130707012559622582
0000263753011120130707012559622582
0000263763011120130709012380739570
0000263773011120130709019008204943
0000263783011120130710012866650478
0000263793011120130713012750071587
0000263803011120130715012434438913
0000263813011120130719013158042850
0000263823011120130720012477101643
0000263833011120130720012956105541
0000263843011120130720012701349607
0000263853011120130720012701349607
0000263863011120130721013223076580
0000263873011120130721012496991179
0000263883011120130722012698827582
0000263893011120130730014585442835
0000263903011120130733012761722541
0000263913011120130736013337507564
0000263923011120130743013340720605
0000263933011120130744012323040040
0000263943011120130748026724104090
0000263953011120130802013348177625
0000263963011120130807013375117603
0000263973011120130809019008788767
0000263983011120130812012801628567
0000263993011120130812012333477700
0000264003011120130842012430762570
0000264013011120130848013143911548
0000264023011120130849012413798716
0000264033011120131003019020254203
0000264043011120131705019008788767
0000264053011120131736012413798716
0000264063011120131743012801628567
0000264073011120131755018054823768
0000264083011120131824019028115687
0000264093011120131828013015174567
0000264103011120131834012866873434
0000264113011120131844012831502561
0000264123011120131850016561215258
0000264133011120131851014813722276
0000264143011120131851016559102905
0000264153011120131853012098256436
0000264163011120131900012496991179
0000264173011120131900013282366603
0000264183011120131902013223620299
0000264193011120131903013348177625
0000264203011120131904026724104090
0000264213011120131908013143911548
0000264223011120131911017017226737
0000264233011120131913012205262353
0000264243011120131915012866650478
0000264253011120131927012430750645
0000264263021120130628012363099119
0000264273021120130637012805962097
0000264283021120130638010094962488
0000264293021120130640013281185567
0000264303021120130647012879773549
0000264313021120130648012724154543
0000264323021120130649012283119229
0000264333021120130650013348982609
0000264343021120130652012050927365
0000264353021120130653012328355066
0000264363021120130656012594062547
0000264373021120130657012205098138
0000264383021120130657013322850608
0000264393021120130658012008677348
0000264403021120130700013248344562
0000264413021120130700012831502561
0000264423021120130700018221479905
0000264433021120130700014813722276
0000264443021120130701012866873434
0000264453021120130704020774970167
0000264463021120130705012514436755
0000264473021120130707019020254203
0000264483021120130711012019979200
0000264493021120130712012205262353
0000264503021120130713013310508543
0000264513021120130713012430750645
0000264523021120130714012462093267
0000264533021120130714012098256436
0000264543021120130715012664892608
0000264553021120130716014585442835
0000264563021120130719016559443273
0000264573021120130724013015174567
0000264583021120130725012559622582
0000264593021120130725012559622582
0000264603021120130725013042840580
0000264613021120130725017017226737
0000264623021120130726012500170243
0000264633021120130728013109731567
0000264643021120130729010614412827
0000264653021120130730012674856604
0000264663021120130831012430762570
0000264673021120130924013237415420
0000264683021120131837012815191131
0000264693021120131838012698827582
0000264703021120131841012288622123
0000264713021120131855012956105541
0000264723021120131855012050927365
0000264733021120131856012879773549
0000264743021120131856012477101643
0000264753021120131857013340720605
0000264763021120131900012363099119
0000264773021120131900013281185567
0000264783021120131901012363171936
0000264793021120131904012805962097
0000264803021120131907018221479905
0000264813021120131913012008677348
0000264823021120131919012912871540
0000264833021120131923012328355066
0000264843021120132039012580778626
0000264853031120130616013282366603
0000264863031120130618016559102905
0000264873031120130621016382873463
0000264883031120130640016561215258
0000264893031120130640010563286471
0000264903031120130642012895308545
0000264913031120130645010605420464
0000264923031120130650010852235647
0000264933031120130654020035500934
0000264943031120130654020035500934
0000264953031120130654016873416585
0000264963031120130657012363352817
0000264973031120130657012866650478
0000264983031120130658017007888257
0000264993031120130659012363171936
0000265003031120130700012912871540
0000265013031120130700012956105541
0000265023031120130700012283119229
0000265033031120130701012288622123
0000265043031120130701013248344562
0000265053031120130702012205098138
0000265063031120130702013108773568
0000265073031120130702013123898546
0000265083031120130703012477101643
0000265093031120130703013340720605
0000265103031120130704012698827582
0000265113031120130704013348982609
0000265123031120130704013322850608
0000265133031120130707012594062547
0000265143031120130708013311938584
0000265153031120130709012580778626
0000265163031120130712012876146586
0000265173031120130712010094962488
0000265183031120130716012724154543
0000265193031120130716013281813622
0000265203031120130717013310508543
0000265213031120130717013230041606
0000265223031120130718013057168565
0000265233031120130719013040688609
0000265243031120130719015931944277
0000265253031120130728020774970167
0000265263031120130729011678204123
0000265273031120130735012815191131
0000265283031120130735013110988622
0000265293031120130847013109731567
0000265303031120131635016873416585
0000265313031120131802012866873434
0000265323031120131850014813722276
0000265333031120131855013282366603
0000265343031120131855015931944277
0000265353031120131857012098256436
0000265363031120131858013015174567
0000265373031120131858013015174567
0000265383031120131903013388088542
0000265393031120131905012205262353
0000265403031120131909012866650478
0000265413031120131909012831502561
0000265423031120131913016561215258
0000265433031120131916012430750645
0000265443031120131926013375117603
0000265453031120131936013311938584
0000265463041120130634012893025562
0000265473041120130638013054086606
0000265483041120130639010831104454
0000265493041120130639012363099119
0000265503041120130640013281185567
0000265513041120130641019035856492
0000265523041120130641012898221548
0000265533041120130648012901774603
0000265543041120130650019027518257
0000265553041120130650019036823792
0000265563041120130651012205262353
0000265573041120130652012831502561
0000265583041120130653012195819652
0000265593041120130653013023523621
0000265603041120130654012328355066
0000265613041120130655014492005273
0000265623041120130655011687628046
0000265633041120130656013408874076
0000265643041120130657012477101643
0000265653041120130657018221479905
0000265663041120130657015971167271
0000265673041120130658012050927365
0000265683041120130658013368683607
0000265693041120130658017014719201
0000265703041120130659016382873463
0000265713041120130700012098256436
0000265723041120130700020035500934
0000265733041120130700012876146586
0000265743041120130700012866873434
0000265753041120130700014813722276
0000265763041120130731010563286471
0000265773041120130732011678204123
0000265783041120130734012363352817
0000265793041120130734012612719581
0000265803041120130734010605420464
0000265813041120130735012928375548
0000265823041120130743012008677348
0000265833041120130748019008788767
0000265843041120130749013143911548
0000265853041120130808012413798716
0000265863041120130809012801628567
0000265873041120131706019008788767
0000265883041120131714012413798716
0000265893041120131817012288622123
0000265903041120131830013340720605
0000265913041120131841012805962097
0000265923041120131847012580778626
0000265933041120131851013143911548
0000265943041120131854012956105541
0000265953041120131900012363099119
0000265963041120131901013281185567
0000265973041120131902012912871540
0000265983041120131903012698827582
0000265993041120131905012328355066
0000266003041120131909018054823768
0000266013041120131909018054823768
0000266023041120131912018221479905
0000266033041120131913012363171936
0000266043041120131917012050927365
0000266053041120131917012477101643
0000266063041120131919012893025562
0000266073041120131928012008677348
0000266083041120131932013408874076
0000266093041120131939015971167271
0000266103041120131947014492005273
0000266113051120130629012184420354
0000266123051120130631013282366603
0000266133051120130642016559102905
0000266143051120130642012537137908
0000266153051120130648013402189568
0000266163051120130650012611822621
0000266173051120130650012371544266
0000266183051120130652012866650478
0000266193051120130653016561215258
0000266203051120130654013001901542
0000266213051120130655012333477700
0000266223051120130659012912871540
0000266233051120130700013023523621
0000266243051120130700012288622123
0000266253051120130700012363171936
0000266263051120130700012956105541
0000266273051120130700012901774603
0000266283051120130701012845679620
0000266293051120130702012697536622
0000266303051120130702012612719581
0000266313051120130703012698827582
0000266323051120130704013352646588
0000266333051120130704012750071587
0000266343051120130705012580778626
0000266353051120130706019036823792
0000266363051120130707013322850608
0000266373051120130709016328907177
0000266383051120130709020737056546
0000266393051120130710012805962097
0000266403051120130711013003689621
0000266413051120130712013335552546
0000266423051120130714012898221548
0000266433051120130725010831104454
0000266443051120130725012195819652
0000266453051120130725019027518257
0000266463051120130726011687628046
0000266473051120130726013054086606
0000266483051120130727013368683607
0000266493051120130727017014719201
0000266503051120130730013401848541
0000266513051120130732012986288563
0000266523051120130732012496991179
0000266533051120130736013340720605
0000266543051120130737014419746277
0000266553051120130738019035856492
0000266563051120130752012928375548
0000268603051120130758010690576568
0000268613051120130800019008788767
0000268633051120130806013282398602
0000268643051120130811013348177625
0000268653051120130815013085261604
0000268663051120130823012413798716
0000268673051120130903012430762570
0000268683051120130909012801628567
0000268693051120130948013143911548
0000268703051120131533013375008561
0000268713051120131700019008788767
0000268723051120131718013143911548
0000268733051120131718013348177625
0000268743051120131726012413798716
0000268753051120131736012801628567
0000268763051120131854014813722276
0000268773051120131855012098256436
0000268783051120131855012866873434
0000268793051120131856013230041606
0000268803051120131900012831502561
0000268813051120131900012184420354
0000268823051120131900014419746277
0000268833051120131900012496991179
0000268843051120131901013282366603
0000268853051120131904016561215258
0000268863051120131904012866650478
0000268873051120131905010690576568
0000268883051120131905016559102905
0000268893051120131914012986288563
0000268903051120131915012430762570
0000268913051120131916015931944277
0000268923051120131918011678204123
0000268933051120131919012430750645
0000268943051120131925019013677145
0000268953051120131956013015174567
0000268963061120130641012456557427
0000268973061120130646012363099119
0000268983061120130647012936499560
0000268993061120130647012907889569
0000269003061120130648012815191131
0000269013061120130648013281185567
0000269023061120130649013324120623
0000269033061120130649013158042850
0000269043061120130650012879773549
0000269053061120130651013016004606
0000269063061120130653012380739570
0000269073061120130653012328355066
0000269083061120130654012805962097
0000269093061120130655012831502561
0000269103061120130656012323040040
0000269113061120130656012219909451
0000269123061120130700013322850608
0000269133061120130700014813722276
0000269143061120130700012050927365
0000269153061120130701012734943567
0000269163061120130701012319976096
0000269173061120130702013015174567
0000269183061120130702013337507564
0000269193061120130703012866873434
0000269203061120130704012429067007
0000269213061120130705012333477700
0000269223061120130706012430750645
0000269233061120130707013352646588
0000269243061120130708012697536622
0000269253061120130709013108643583
0000269263061120130709013003689621
0000269273061120130712013282398602
0000269283061120130712011678204123
0000269293061120130713012371544266
0000269303061120130713012537137908
0000269313061120130714012710115567
0000269323061120130714013266223623
0000269333061120130715015931944277
0000269343061120130715012098256436
0000269353061120130716013101611899
0000269363061120130717020737056546
0000269373061120130717016328907177
0000269383061120130717012611822621
0000269393061120130717013230041606
0000269403061120130723013402189568
0000269413061120130725012490932707
0000269423061120130726019013677145
0000269433061120130733013375008561
0000269443061120130737012986288563
0000269453061120130739013001901542
0000269463061120130749013401848541
0000269473061120130749013335552546
0000269483061120130758012008677348
0000269493061120130807013348177625
0000269503061120130821012801628567
0000269513061120130924013143911548
0000269523061120131616013375008561
0000269533061120131700012801628567
0000269543061120131708013348177625
0000269553061120131829013108643583
0000269563061120131831012288622123
0000269573061120131839013340720605
0000269583061120131848012956105541
0000269593061120131849012363171936
0000269603061120131853012477101643
0000269613061120131900012363099119
0000269623061120131901013281185567
0000269633061120131901018221479905
0000269643061120131901012050927365
0000269653061120131901012815191131
0000269663061120131902012831502561
0000269673061120131903012490932707
0000269683061120131904012986288563
0000269693061120131905012008677348
0000269703061120131910012805962097
0000269713061120131910012761722541
0000269723061120131912012698827582
0000269733061120131918012580778626
0000269743061120131922012328355066
0000269753071120130648012434438913
0000269763071120130652013023813603
0000269773071120130653013015174567
0000269783071120130653012462093267
0000269793071120130658012664892608
0000269803071120130700014585442835
0000269813071120130700012319976096
0000269823071120130700012363171936
0000269833071120130700012219909451
0000269843071120130700012956105541
0000269853071120130700012477101643
0000269863071120130702013337507564
0000269873071120130702012559622582
0000269883071120130702012698827582
0000269893071120130704013266223623
0000269903071120130704012333477700
0000269913071120130705012288622123
0000269923071120130705012323040040
0000269933071120130707019008204943
0000269943071120130708013282366603
0000269953071120130708012936499560
0000269963071120130709016559443273
0000269973071120130710012307450175
0000269983071120130711012210531197
0000269993071120130712012710115567
0000270003071120130712012734943567
0000270013071120130714013101611899
0000270023071120130714013020335603
0000270033071120130714012992819621
0000270043071120130715016559102905
0000270053071120130716012831502561
0000270063071120130717012879773549
0000270073071120130719013016004606
0000270083071120130719012500170243
0000270093071120130723013158042850
0000270103071120130723012907889569
0000270113071120130724012380739570
0000270123071120130726012456557427
0000270133071120130729012761722541
0000270143071120130731013340555604
0000270153071120130731012580778626
0000270163071120130732019018711759
0000270173071120130737015101175270
0000270183071120130742013223076580
0000270193071120130751019008788767
0000270203071120130752012807241567
0000270213071120130755013340720605
0000270223071120130803013348177625
0000270233071120130803012866650478
0000270243071120130803012307071360
0000270253071120130803013324120623
0000270273071120130807013375117603
0000270283071120130825013143911548
0000270293071120130833012801628567
0000270303071120130844012413798716
0000270313071120130914012807241567
0000270323071120131734012801628567
0000270333071120131804013143911548
0000270343071120131804013348177625
0000270353071120131820012413798716
0000270363071120131821019008788767
0000270373071120131849012866873434
0000270383071120131850014813722276
0000270393071120131852013230041606
0000270403071120131855013282366603
0000270413071120131857012098256436
0000270423071120131858013340555604
0000270433071120131905016559102905
0000270443071120131910012912871540
0000270453071120131912012307450175
0000270463071120131912012307071360
0000270473071120131913012496991179
0000270483071120131922019013646452
0000270493071120131939013223620299
0000270503071120132030012430750645
0000270513081120130614012328355066
0000270523081120130628012363099119
0000270533081120130629013281185567
0000270543081120130635012724154543
0000270553081120130639012815191131
0000270563081120130639012761722541
0000270573081120130645013322850608
0000270583081120130646012805962097
0000270593081120130649012514436755
0000270603081120130651012283119229
0000270613081120130651013348982609
0000270623081120130651010614412827
0000270633081120130652013237415420
0000270643081120130655012490619537
0000270653081120130658013310508543
0000270663081120130658012050927365
0000270673081120130658012019979200
0000270683081120130700012912871540
0000270693081120130700013015174567
0000270703081120130701014813722276
0000270713081120130702019008204943
0000270723081120130702019008204943
0000270733081120130702012462093267
0000270743081120130702012866873434
0000270753081120130702012992819621
0000270763081120130703018221479905
0000270773081120130703012098256436
0000270783081120130705012664892608
0000270793081120130706012430750645
0000270803081120130708012008677348
0000270813081120130710015101175270
0000270823081120130711013230041606
0000270833081120130713012434438913
0000270843081120130714026724104090
0000270853081120130715012210531197
0000270863081120130715013223076580
0000270873081120130716012866650478
0000270883081120130717019028115687
0000270893081120130718013109731567
0000270903081120130719012723818197
0000270913081120130720019018711759
0000270923081120130721019020254203
0000270933081120130724019013646452
0000270943081120130724012500170243
0000270953081120130745012559622582
0000270963081120130756013348177625
0000270973081120130757019008788767
0000270983081120130806012333477700
0000270993081120130806012801628567
0000271003081120130829012430762570
0000271013081120130829012430762570
0000271023081120130834012413798716
0000271033081120130854013143911548
0000271043081120130920019019769882
0000271053081120131708019008788767
0000271063081120131747018054823768
0000271073081120131756012413798716
0000271083081120131758012801628567
0000271093081120131801013143911548
0000271103081120131807013348177625
0000271113081120131829013340720605
0000271123081120131846012477101643
0000271133081120131846012288622123
0000271143081120131849012580778626
0000271153081120131851026724104090
0000271163081120131851019028115687
0000271173081120131901012328355066
0000271183081120131901019019769882
0000271193081120131903012363099119
0000271203081120131904013223620299
0000271213081120131906018221479905
0000271223081120131906012008677348
0000271233081120131907013281185567
0000271243081120131909012050927365
0000271253081120131912012805962097
0000271263081120131914012912871540
0000271273081120131914012956105541
0000271283081120131919012723818197
0000271293081120131924012363171936
0000271303081120131936012698827582
0000271313091120130619018054823768
0000271323091120130625016561215258
0000271333091120130630016559443273
0000271343091120130630016382873463
0000271353091120130641012936499560
0000271363091120130643010094962488
0000271373091120130644011687628046
0000271383091120130645012205098138
0000271393091120130647012019979200
0000271403091120130650012386578293
0000271413091120130650020035500934
0000271423091120130651013057168565
0000271433091120130655012594062547
0000271443091120130656012876146586
0000271453091120130657012490619537
0000271463091120130657013322850608
0000271473091120130657010563286471
0000271483091120130657012895308545
0000271493091120130659019020254203
0000271503091120130700012514436755
0000271513091120130700012363352817
0000271523091120130700012912871540
0000271533091120130700012363171936
0000271543091120130700019020254203
0000271553091120130702013108773568
0000271563091120130703013348982609
0000271573091120130704012477101643
0000271583091120130705012698827582
0000271593091120130707013282366603
0000271603091120130709012956105541
0000271613091120130710013310508543
0000271623091120130711012430762570
0000271633091120130714010614412827
0000271643091120130715020774970167
0000271653091120130716012580778626
0000271663091120130722012283119229
0000271673091120130726012761722541
0000271683091120130733012815191131
0000271693091120130733012496991179
0000271703091120130733013340720605
0000271713091120130752013237415420
0000271723091120131851012866873434
0000271733091120131851014813722276
0000271743091120131854012288622123
0000271753091120131900012496991179
0000271763091120131900013282366603
0000271773091120131900013282366603
0000271783091120131900016561215258
0000271793091120131900016561215258
0000271803091120131913012831502561
0000271813091120131915012430750645
0000271823091120131922013230041606
0000271833091120131925016559443273
0000271843091120131931013040688609
0000271853101120130637018221479905
0000271863101120130642010605420464
0000271873101120130645012805962097
0000271883101120130647013054086606
0000271893101120130647010831104454
0000271903101120130648012195819652
0000271913101120130648012901774603
0000271923101120130648012050927365
0000271933101120130648012328355066
0000271943101120130651016873416585
0000271953101120130652013281185567
0000271963101120130652012363099119
0000271973101120130655019027518257
0000271983101120130658017014719201
0000271993101120130658017007888257
0000272003101120130659012008677348
0000272013101120130700012895308545
0000272023101120130700012205098138
0000272033101120130700012430750645
0000272043101120130700012594062547
0000272053101120130701014813722276
0000272063101120130701013040688609
0000272073101120130702012866873434
0000272083101120130702013040688609
0000272093101120130703016561215258
0000272103101120130705012831502561
0000272113101120130708012876146586
0000272123101120130709019036823792
0000272133101120130711016382873463
0000272143101120130711013281813622
0000272153101120130712013368683607
0000272163101120130713013108773568
0000272173101120130713014492005273
0000272183101120130715020774970167
0000272193101120130717010094962488
0000272203101120130717020035500934
0000272213101120130719012936499560
0000272223101120130719012363352817
0000272233101120130719010563286471
0000272243101120130719011687628046
0000272253101120130721012898221548
0000272263101120130725013123898546
0000272273101120130727013311938584
0000272283101120130728013230041606
0000272293101120130729012386578293
0000272303101120130740020469666271
0000272313101120130742011678204123
0000272323101120130744021079846680
0000272333101120131841012698827582
0000272343101120131843012580778626
0000272353101120131853015931944277
0000272363101120131854012363171936
0000272373101120131854012477101643
0000272383101120131854012288622123
0000272393101120131903013388088542
0000272403101120131903012805962097
0000272413101120131903013281185567
0000272423101120131904012363099119
0000272433101120131904012956105541
0000272443101120131906012050927365
0000272453101120131908018221479905
0000272463101120131909013340720605
0000272473101120131910012912871540
0000272483101120131934012328355066
0000272493101120131936012008677348
0000272503101120131943013311938584
0000272513101120131949013375117603
0000272523111120130628013282366603
0000272533111120130637012537137908
0000272543111120130637012184420354
0000272553111120130638013001901542
0000272563111120130645016561215258
0000272573111120130648012371544266
0000272583111120130649013322850608
0000272593111120130655012456557427
0000272603111120130655016559102905
0000272613111120130655012901774603
0000272623111120130656020737056546
0000272633111120130658012866650478
0000272643111120130658020469666271
0000272653111120130658019027518257
0000272663111120130700012928375548
0000272673111120130700016873416585
0000272683111120130700019036823792
0000272693111120130700012363171936
0000272703111120130700013003689621
0000272713111120130700014492005273
0000272723111120130701012288622123
0000272733111120130701013408874076
0000272743111120130701010605420464
0000272753111120130701013368683607
0000272763111120130702012580778626
0000272773111120130702012956105541
0000272783111120130703012195819652
0000272793111120130703017007888257
0000272803111120130703012624503546
0000272813111120130705013340720605
0000272823111120130705019035856492
0000272833111120130707015971167271
0000272843111120130709013388088542
0000272853111120130709013388088542
0000272863111120130710012698827582
0000272873111120130710013401848541
0000272883111120130710013054086606
0000272893111120130711013054086606
0000272903111120130711012912871540
0000272913111120130712012697536622
0000272923111120130714012612719581
0000272933111120130715018054823768
0000272943111120130722019020254203
0000272953111120130724021079846680
0000272963111120130731012898133584
0000272973111120130731010831104454
0000272983111120130747012611822621
0000272993111120130755011678204123
0000273003111120130808012801628567
0000273013111120130808019008788767
0000273023111120130808013348177625
0000273033111120130812012413798716
0000273043111120130857013143911548
0000273053111120131400019008788767
0000273063111120131716013143911548
0000273073111120131716013348177625
0000273083111120131721012413798716
0000273093111120131813019008204943
0000273103111120131832018054823768
0000273113111120131834012801628567
0000273123111120131850014813722276
0000273133111120131850016559102905
0000273143111120131854012098256436
0000273153111120131856012866873434
0000273163111120131856013322850608
0000273173111120131857012866650478
0000273183111120131900012496991179
0000273193111120131901019020254203
0000273203111120131901013282366603
0000273213111120131904013015174567
0000273223111120131907012624503546
0000273233111120131911012430750645
0000273243111120131914016561215258
0000273253111120131926013057168565
0000273263111120131932015971167271
0000273273111120131935019013646452
0000273283111120132009013408874076
0000273293111120132017012831502561
0000273303121120130631012323040040
0000273313121120130632012724154543
0000273323121120130636012363099119
0000273333121120130637013324120623
0000273343121120130639013281185567
0000273353121120130641012450071042
0000273363121120130645010746412220
0000273373121120130645013337507564
0000273383121120130647013158042850
0000273393121120130647013016004606
0000273403121120130651012701349607
0000273413121120130652018221479905
0000273423121120130652012328355066
0000273433121120130652019008204943
0000273443121120130653013057168565
0000273453121120130653013001901542
0000273463121120130654012380739570
0000273473121120130657019013646452
0000273483121120130658012319976096
0000273493121120130700012184420354
0000273503121120130700014813722276
0000273513121120130700012831502561
0000273523121120130700020737056546
0000273533121120130701012050927365
0000273543121120130703013352646588
0000273553121120130704013335552546
0000273563121120130704012866873434
0000273573121120130705013015174567
0000273583121120130705012537137908
0000273593121120130705012697536622
0000273603121120130707012928375548
0000273613121120130712013003689621
0000273623121120130712012611822621
0000273633121120130712013401848541
0000273643121120130715012805962097
0000273653121120130715013023813603
0000273663121120130715012898133584
0000273673121120130716012612719581
0000273683121120130716012750071587
0000273693121120130717012098256436
0000273703121120130717012008677348
0000273713121120130721012815191131
0000273723121120130723019035856492
0000273733121120130727012986288563
0000273743121120130729014419746277
0000273753121120130729019043562036
0000273763121120130750012456557427
0000273773121120130751010690576568
0000273783121120130759019008788767
0000273793121120130831013348177625
0000273803121120130918013143911548
0000273813121120131043012430762570
0000273823121120131700019008788767
0000273833121120131710013143911548
0000273843121120131712013348177625
0000273853121120131843012288622123
0000273863121120131846018221479905
0000273873121120131855012477101643
0000273883121120131859012956105541
0000273893121120131859012912871540
0000273903121120131900013281185567
0000273913121120131902012986288563
0000273923121120131906012815191131
0000273933121120131908012008677348
0000273943121120131911012698827582
0000273953121120131911012761722541
0000273963121120131911012363099119
0000273973121120131916019043562036
0000273983121120131916014419746277
0000273993121120131918012805962097
0000274003121120131921012050927365
0000274013121120131927013340720605
0000274023121120131933019013677145
0000274033121120131934012580778626
0000274043121120131944011678204123
0000274053121120131945012328355066
0000274063121120131947015931944277
0000274073121120131949012430762570
0000274083121120131949012430762570
0000274093121120132005010690576568
0000274103131120130630013282366603
0000274113131120130639012462093267
0000274123131120130639013042840580
0000274133131120130640016561215258
0000274143131120130641016559102905
0000274153131120130646012866650478
0000274163131120130650012538135755
0000274173131120130653012907889569
0000274183131120130655019013677145
0000274193131120130658012219909451
0000274203131120130700012912871540
0000274213131120130700012319976096
0000274223131120130700013337507564
0000274233131120130701012580778626
0000274243131120130705013282398602
0000274253131120130705012496991179
0000274263131120130705012956105541
0000274273131120130707010746412220
0000274283131120130707012288622123
0000274293131120130708012500170243
0000274303131120130708019008204943
0000274313131120130708012698827582
0000274323131120130709012477101643
0000274333131120130715013352646588
0000274343131120130715012559622582
0000274353131120130715013340720605
0000274363131120130716013016004606
0000274373131120130717012750071587
0000274383131120130721012380739570
0000274393131120130722013023523621
0000274403131120130722016559443273
0000274413131120130727013158042850
0000274423131120130730012490932707
0000274433131120130731012701349607
0000274443131120130733012323040040
0000274453131120130745013324120623
0000274463131120130747011678204123
0000274473131120130749013335552546
0000274483131120130752012761722541
0000274493131120130753012710115567
0000274503131120130756012986288563
0000274513131120130757019008788767
0000274523131120130802013348177625
0000274533131120130809013230041606
0000274543131120130822012413798716
0000274553131120130931013143911548
0000274563131120131011012801628567
0000274573131120131656012413798716
0000274583131120131700019008788767
0000274593131120131711013143911548
0000274603131120131712013348177625
0000274613131120131712012801628567
0000274623131120131837012807241567
0000274633131120131845013015174567
0000274643131120131848012986288563
0000274653131120131850014813722276
0000274663131120131855013023523621
0000274673131120131857012866873434
0000274683131120131857012866650478
0000274693131120131859016561215258
0000274703131120131900012831502561
0000274713131120131902012430750645
0000274723131120131904013282366603
0000274733131120131906012098256436
0000274743131120131907012490932707
0000274753141120130626012434438913
0000274763141120130627012724154543
0000274773141120130631012363099119
0000274783141120130639012307450175
0000274793141120130640013281185567
0000274803141120130641012761722541
0000274813141120130643012328355066
0000274823141120130645012050927365
0000274833141120130646013322850608
0000274843141120130647012490619537
0000274853141120130650012805962097
0000274863141120130651013348982609
0000274873141120130652012815191131
0000274883141120130658013375117603
0000274893141120130658012723818197
0000274903141120130700010746412220
0000274913141120130700014813722276
0000274923141120130700012866873434
0000274933141120130700012831502561
0000274943141120130701013375117603
0000274953141120130702012710115567
0000274963141120130703012430750645
0000274973141120130703016559443273
0000274983141120130705012907889569
0000274993141120130706013310508543
0000275003141120130708012219909451
0000275013141120130712012307071360
0000275023141120130713013230041606
0000275033141120130713012462093267
0000275043141120130713019008204943
0000275053141120130713012500170243
0000275063141120130713012500170243
0000275073141120130714012664892608
0000275083141120130719013282398602
0000275093141120130720013015174567
0000275103141120130721012429067007
0000275113141120130726013042840580
0000275123141120130727013340555604
0000275133141120130731013248344562
0000275143141120130731013080174568
0000275153141120130741012098256436
0000275163141120130744013223076580
0000275173141120130747012008677348
0000275183141120130803019008788767
0000275193141120130805013348177625
0000275203141120130807012559622582
0000275213141120130822012801628567
0000275223141120130837012413798716
0000275233141120130859013143911548
0000275243141120131011012674856604
0000275253141120131027012807241567
0000275263141120131700013348177625
0000275273141120131701013143911548
0000275283141120131715018054823768
0000275293141120131726019008788767
0000275303141120131827012801628567
0000275313141120131849012288622123
0000275323141120131849012580778626
0000275333141120131853013340555604
0000275343141120131854013340720605
0000275353141120131854012307450175
0000275363141120131855012477101643
0000275373141120131857013230041606
0000275383141120131859013230041606
0000275393141120131900013281185567
0000275403141120131901018221479905
0000275413141120131903012307071360
0000275423141120131906012698827582
0000275433141120131907012363099119
0000275443141120131909019013646452
0000275453141120131911012912871540
0000275463141120131914012363171936
0000275473141120131917012805962097
0000275483141120131917012050927365
0000275493141120131919012956105541
0000275503141120131942012328355066
0000275513141120131944013223620299
0000275523141120132019012008677348
0000275533151120130534018054823768
0000275543151120130643013123898546
0000275553151120130645013282366603
0000275563151120130646012895308545
0000275573151120130651010563286471
0000275583151120130651010094962488
0000275593151120130654016561215258
0000275603151120130654012514436755
0000275613151120130654020035500934
0000275623151120130655012866650478
0000275633151120130656012019979200
0000275643151120130656010852235647
0000275653151120130658012876146586
0000275663151120130700012363171936
0000275673151120130701013108773568
0000275683151120130702012288622123
0000275693151120130702016382873463
0000275703151120130702013375117603
0000275713151120130702011687628046
0000275723151120130702012434438913
0000275733151120130703012580778626
0000275743151120130703012624503546
0000275753151120130703013348982609
0000275763151120130703012477101643
0000275773151120130703012912871540
0000275783151120130705013230041606
0000275793151120130705013237415420
0000275803151120130705026724104090
0000275813151120130706012363352817
0000275823151120130708013248344562
0000275833151120130709013340720605
0000275843151120130711013057168565
0000275853151120130712012490619537
0000275863151120130713019028115687
0000275873151120130714012815191131
0000275883151120130714012723818197
0000275893151120130714012698827582
0000275903151120130717013223076580
0000275913151120130717012956105541
0000275923151120130720013281813622
0000275933151120130726020157049145
0000275943151120130729019020254203
0000275953151120130736013080174568
0000275963151120130752016559102905
0000275973151120130813012430762570
0000275983151120130836012761722541
0000275993151120130925019019769882
0000276003151120131715018054823768
0000276013151120131807019028115687
0000276023151120131809026724104090
0000276033151120131834012866873434
0000276043151120131848013015174567
0000276053151120131851013282366603
0000276063151120131854014813722276
0000276073151120131855013223620299
0000276083151120131858012831502561
0000276093151120131858016561215258
0000276103151120131859012624503546
0000276113151120131859012098256436
0000276123151120131903012496991179
0000276133151120131909017017226737
0000276143151120131914019019769882
0000276153151120131919012866650478
0000276163151120131932012430750645
0000276173161120130613018054823768
0000276183161120130624012893025562
0000276193161120130632010831104454
0000276203161120130634013054086606
0000276213161120130640019027518257
0000276223161120130642012805962097
0000276233161120130644010605420464
0000276243161120130646012363099119
0000276253161120130646012050927365
0000276263161120130648013281185567
0000276273161120130652012594062547
0000276283161120130656010614412827
0000276293161120130656010614412827
0000276303161120130657013024837131
0000276313161120130657012205098138
0000276323161120130658012845679620
0000276333161120130659012328355066
0000276343161120130659012831502561
0000276353161120130700012866873434
0000276363161120130700014813722276
0000276373161120130700016382873463
0000276383161120130701020774970167
0000276393161120130702012514436755
0000276403161120130703018221479905
0000276413161120130703012430750645
0000276423161120130703013023523621
0000276433161120130703019020254203
0000276443161120130704012195819652
0000276453161120130704012019979200
0000276463161120130706013015174567
0000276473161120130707012901774603
0000276483161120130708019036823792
0000276493161120130710010563286471
0000276503161120130712012098256436
0000276513161120130712013123898546
0000276523161120130712011687628046
0000276533161120130714021079846680
0000276543161120130716013040688609
0000276553161120130717013108773568
0000276563161120130719012363352817
0000276573161120130721020157049145
0000276583161120130723012430762570
0000276593161120130723020469666271
0000276603161120130723020035500934
0000276613161120130724012876146586
0000276623161120130724010094962488
0000276633161120130730013368683607
0000276643161120130736012386578293
0000276653161120130739012008677348
0000276663161120130756017017226737
0000276673161120130756017017226737
0000276683161120130819013237415420
0000276693161120131842012698827582
0000276703161120131843013340720605
0000276713161120131849012580778626
0000276723161120131854012956105541
0000276733161120131857012912871540
0000276743161120131859012328355066
0000276753161120131859013281185567
0000276763161120131901012363099119
0000276773161120131901012050927365
0000276783161120131903016559102905
0000276793161120131903018221479905
0000276803161120131912012805962097
0000276813161120131915012008677348
0000276823171120130633013158042850
0000276833171120130638012184420354
0000276843171120130645012371544266
0000276853171120130649012624503546
0000276863171120130649013003689621
0000276873171120130650016328907177
0000276883171120130650020737056546
0000276893171120130651016561215258
0000276903171120130651012866650478
0000276913171120130655012912871540
0000276923171120130656017007888257
0000276933171120130656012611822621
0000276943171120130659012901774603
0000276953171120130700013340720605
0000276963171120130700010831104454
0000276973171120130700012750071587
0000276983171120130700012845679620
0000276993171120130700013024837131
0000277003171120130700012580778626
0000277013171120130701012879773549
0000277023171120130703019036823792
0000277033171120130704012205098138
0000277043171120130704012698827582
0000277053171120130706012496991179
0000277063171120130707012537137908
0000277073171120130707012956105541
0000277083171120130708012195819652
0000277093171120130708019027518257
0000277103171120130708013054086606
0000277113171120130709013040688609
0000277123171120130711020774970167
0000277133171120130712013080174568
0000277143171120130712012594062547
0000277153171120130721021079846680
0000277163171120130721013311938584
0000277173171120130721013110988622
0000277183171120130733011678204123
0000277193171120130733012893025562
0000277203171120130736020469666271
0000277213171120130740013368683607
0000277223171120130740010605420464
0000277233171120130750010614412827
0000277243171120130923012333477700
0000277253171120131838013015174567
0000277263171120131839012098256436
0000277273171120131841014813722276
0000277283171120131844016559102905
0000277293171120131845012866873434
0000277303171120131846013001901542
0000277313171120131852016561215258
0000277323171120131856012496991179
0000277333171120131856015931944277
0000277343171120131856012831502561
0000277353171120131900013080174568
0000277363171120131902013388088542
0000277373171120131904013158042850
0000277383171120131916012866650478
0000277393171120131917012456557427
0000277403171120131921013311938584
0000277413171120131924012430750645
0000277423181120130629012323040040
0000277433181120130629012363099119
0000277443181120130631013281185567
0000277453181120130638013337507564
0000277463181120130640012050927365
0000277473181120130652012319976096
0000277483181120130652013016004606
0000277493181120130655012380739570
0000277503181120130655017007888257
0000277513181120130656013408874076
0000277523181120130701012750071587
0000277533181120130701012866873434
0000277543181120130701013003689621
0000277553181120130701012611822621
0000277563181120130701012697536622
0000277573181120130702014813722276
0000277583181120130702013335552546
0000277593181120130702013401848541
0000277603181120130702012328355066
0000277613181120130702019035856492
0000277623181120130702012879773549
0000277633181120130705012831502561
0000277643181120130706012430750645
0000277653181120130707013101611899
0000277663181120130707012008677348
0000277673181120130708012815191131
0000277683181120130710013015174567
0000277693181120130711016328907177
0000277703181120130713015971167271
0000277713181120130713012701349607
0000277723181120130714018221479905
0000277733181120130715013110988622
0000277743181120130718013023813603
0000277753181120130719013388088542
0000277763181120130721011678204123
0000277773181120130721012371544266
0000277783181120130721012537137908
0000277793181120130721012624503546
0000277803181120130726012928375548
0000277813181120130731012456557427
0000277823181120130732012098256436
0000277833181120130733012333477700
0000277843181120130740012612719581
0000277853181120130751013348177625
0000277863181120130758019008788767
0000277873181120130758012801628567
0000277883181120130815019020254203
0000277893181120130823012413798716
0000277903181120131712019008788767
0000277913181120131744013348177625
0000277923181120131814012413798716
0000277933181120131823013158042850
0000277943181120131829012801628567
0000277953181120131845013340720605
0000277963181120131848012288622123
0000277973181120131849012956105541
0000277983181120131849012580778626
0000277993181120131856012815191131
0000278003181120131900013281185567
0000278013181120131902012363099119
0000278023181120131905018221479905
0000278033181120131911013408874076
0000278043181120131911013001901542
0000278053181120131914012912871540
0000278063181120131915012050927365
0000278073181120131917012008677348
0000278083181120131919019013646452
0000278093181120131920012698827582
0000278103181120131932019020254203
0000278113181120131937015971167271
0000278123191120130622013282366603
0000278133191120130633010746412220
0000278143191120130645016559443273
0000278153191120130645013352646588
0000278163191120130647012664892608
0000278173191120130650012866650478
0000278183191120130651012462093267
0000278193191120130652016559102905
0000278203191120130657012559622582
0000278213191120130657012559622582
0000278223191120130657014585442835
0000278233191120130657013324120623
0000278243191120130700012912871540
0000278253191120130700014492005273
0000278263191120130700012956105541
0000278273191120130700012288622123
0000278283191120130700012580778626
0000278293191120130701013042840580
0000278303191120130701012319976096
0000278313191120130702013340720605
0000278323191120130702012496991179
0000278333191120130702013101611899
0000278343191120130703012928375548
0000278353191120130704019013646452
0000278363191120130704013158042850
0000278373191120130707012698827582
0000278383191120130708013016004606
0000278393191120130709013024399622
0000278403191120130711013401848541
0000278413191120130711012964126544
0000278423191120130713012992819621
0000278433191120130718013337507564
0000278443191120130726014419746277
0000278453191120130726012612719581
0000278463191120130728012701349607
0000278473191120130731019043562036
0000278483191120130732012986288563
0000278493191120130735012380739570
0000278503191120130737012323040040
0000278513191120130738019008788767
0000278523191120130744013335552546
0000278533191120130754019035856492
0000278543191120130800013085261604
0000278553191120130805013348177625
0000278563191120130816010690576568
0000278573191120130819012430762570
0000278583191120130819012430762570
0000278593191120130826012413798716
0000278603191120130826012801628567
0000278613191120131710019008788767
0000278623191120131712013348177625
0000278633191120131723012801628567
0000278643191120131750012413798716
0000278653191120131851012866873434
0000278663191120131855019043562036
0000278673191120131855014419746277
0000278683191120131856014813722276
0000278693191120131858012098256436
0000278703191120131900012496991179
0000278713191120131906012986288563
0000278723191120131914012831502561
0000278733191120131918019013677145
0000278743191120131918016559102905
0000278753191120131921013015174567
0000278763191120131941015931944277
0000278773191120131951012430750645
0000278783191120132005010690576568
0000278793201120130515013324120623
0000278803201120130633012805962097
0000278813201120130634012050927365
0000278823201120130638012723818197
0000278833201120130638012363099119
0000278843201120130639013281185567
0000278853201120130641012907889569
0000278863201120130646012283119229
0000278873201120130646013348982609
0000278883201120130651013108643583
0000278893201120130653015931944277
0000278903201120130655012430750645
0000278913201120130655018221479905
0000278923201120130655013080174568
0000278933201120130656012724154543
0000278943201120130658013042840580
0000278953201120130658012490619537
0000278963201120130700014813722276
0000278973201120130700016328907177
0000278983201120130700012219909451
0000278993201120130701012964126544
0000279003201120130701012866873434
0000279013201120130702012866650478
0000279023201120130703013248344562
0000279033201120130703012429067007
0000279043201120130703012831502561
0000279053201120130710014585442835
0000279063201120130711012992819621
0000279073201120130711012815191131
0000279083201120130712013352646588
0000279093201120130712019018711759
0000279103201120130713013266223623
0000279113201120130714012490932707
0000279123201120130714013109731567
0000279133201120130715012328355066
0000279143201120130716012664892608
0000279153201120130717013282398602
0000279163201120130721019008204943
0000279173201120130723013310508543
0000279183201120130723019013677145
0000279193201120130724012462093267
0000279203201120130724013024399622
0000279213201120130728016559443273
0000279223201120130733012986288563
0000279233201120130737012559622582
0000279243201120130738012559622582
0000279253201120130738012674856604
0000279263201120130743012008677348
0000279273201120130753012710115567
0000279283201120131830013108643583
0000279293201120131832012698827582
0000279303201120131846012956105541
0000279313201120131858013340720605
0000279323201120131900013281185567
0000279333201120131900012050927365
0000279343201120131901012490932707
0000279353201120131901012288622123
0000279363201120131901012363099119
0000279373201120131902012986288563
0000279383201120131905012805962097
0000279393201120131907012580778626
0000279403201120131909012328355066
0000279413201120131911012008677348
0000279423201120131913018221479905
0000279433201120131913013109731567
0000279443201120131918012912871540
0000279453201120131945012807241567
0000279463211120130628012434438913
0000279473211120130633012936499560
0000279483211120130635016559102905
0000279493211120130637020035500934
0000279503211120130641012386578293
0000279513211120130644012307450175
0000279523211120130644012876146586
0000279533211120130646010563286471
0000279543211120130647016561215258
0000279553211120130649016382873463
0000279563211120130650012333477700
0000279573211120130650011687628046
0000279583211120130653013282366603
0000279593211120130657013375117603
0000279603211120130658013057168565
0000279613211120130658012490619537
0000279623211120130658012283119229
0000279633211120130658012724154543
0000279643211120130700012288622123
0000279653211120130700013266223623
0000279663211120130701014585442835
0000279673211120130702012912871540
0000279683211120130703012363352817
0000279693211120130704013348982609
0000279703211120130706012219909451
0000279713211120130708012895308545
0000279723211120130709013123898546
0000279733211120130709013340720605
0000279743211120130709012580778626
0000279753211120130710013080174568
0000279763211120130712013015174567
0000279773211120130712013248344562
0000279783211120130714013310508543
0000279793211120130715012710115567
0000279803211120130715012698827582
0000279813211120130717012815191131
0000279823211120130717012723818197
0000279833211120130723013340555604
0000279843211120130728012907889569
0000279853211120130730012307071360
0000279863211120130732013223076580
0000279873211120130733013282398602
0000279883211120130733012956105541
0000279893211120130736012866650478
0000279903211120130736013230041606
0000279913211120130754019008788767
0000279923211120130811012801628567
0000279983211120130829013143911548
0000279993211120130844012413798716
0000280003211120131655013143911548
0000280013211120131704012801628567
0000280023211120131755018054823768
0000280033211120131847012866873434
0000280043211120131847012098256436
0000280053211120131850014813722276
0000280063211120131854016561215258
0000280073211120131854012866650478
0000280083211120131859012307450175
0000280093211120131900012307071360
0000280103211120131900012831502561
0000280113211120131903013340555604
0000280123211120131904012496991179
0000280133211120131906013015174567
0000280143211120131910012430750645
0000280153211120131910019013646452
0000280163221120130620012893025562
0000280173221120130623012363099119
0000280183221120130625013281185567
0000280193221120130628010605420464
0000280203221120130634012514436755
0000280213221120130636012805962097
0000280223221120130636013054086606
0000280233221120130641010831104454
0000280243221120130643017014719201
0000280253221120130647019027518257
0000280263221120130648012019979200
0000280273221120130648012019979200
0000280283221120130655019036823792
0000280293221120130656012328355066
0000280303221120130658014585442835
0000280313221120130659012050927365
0000280323221120130700012434438913
0000280333221120130700014813722276
0000280343221120130701012831502561
0000280353221120130701012866873434
0000280363221120130702013057168565
0000280373221120130703010614412827
0000280383221120130703012430750645
0000280393221120130704013023523621
0000280403221120130705012876146586
0000280413221120130706012098256436
0000280423221120130707013230041606
0000280433221120130708020035500934
0000280443221120130709019013646452
0000280453221120130710013368683607
0000280463221120130711013375117603
0000280473221120130711012901774603
0000280483221120130712012195819652
0000280493221120130712016382873463
0000280503221120130712012895308545
0000280513221120130713012537662166
0000280523221120130717010563286471
0000280533221120130718012386578293
0000280543221120130718011687628046
0000280553221120130725013223076580
0000280563221120130727013123898546
0000280573221120130727013237415420
0000280583221120130728012936499560
0000280593221120130728012363352817
0000280603221120130734026724104090
0000280613221120130734019020254203
0000280623221120130736012008677348
0000280633221120130742018054823768
0000280643221120130743018054823768
0000280653221120130751020469666271
0000280663221120130803012801628567
0000280673221120130806012413798716
0000280683221120130808012430762570
0000280693221120130812012333477700
0000280703221120130845013143911548
0000280713221120131046019019769882
0000280723221120131700012801628567
0000280733221120131827013143911548
0000280743221120131842012288622123
0000280753221120131847013340720605
0000280763221120131850012580778626
0000280773221120131850012580778626
0000280783221120131850012413798716
0000280793221120131854017017226737
0000280803221120131855026724104090
0000280813221120131900013281185567
0000280823221120131902012363099119
0000280833221120131903012328355066
0000280843221120131908018221479905
0000280853221120131912012956105541
0000280863221120131918012008677348
0000280873221120131918012805962097
0000280883221120131920012698827582
0000280893221120131927012050927365
0000280903221120131933012912871540
0000280913221120131956018054823768
0000280923221120131956018054823768
0000280933231120130600012288622123
0000280943231120130608012912871540
0000280953231120130616018054823768
0000280963231120130630012184420354
0000280973231120130637013402189568
0000280983231120130639010094962488
0000280993231120130648012611822621
0000281003231120130648012898133584
0000281013231120130649012205098138
0000281023231120130651013080174568
0000281033231120130653013003689621
0000281043231120130654012594062547
0000281053231120130656016561215258
0000281063231120130658012624503546
0000281073231120130702013401848541
0000281083231120130703020774970167
0000281093231120130703013054086606
0000281103231120130703013024837131
0000281113231120130703019036823792
0000281123231120130704012195819652
0000281133231120130704012845679620
0000281143231120130705019020254203
0000281153231120130705012231146209
0000281163231120130705020469666271
0000281173231120130705013282366603
0000281183231120130706010831104454
0000281193231120130706019027518257
0000281203231120130707017014719201
0000281213231120130707013266223623
0000281223231120130708012514436755
0000281233231120130712010605420464
0000281243231120130712020737056546
0000281253231120130713013335552546
0000281263231120130714012956105541
0000281273231120130714012893025562
0000281283231120130716017017226737
0000281293231120130718012698827582
0000281303231120130719012580778626
0000281313231120130721013340720605
0000281323231120130724012019979200
0000281333231120130725012496991179
0000281343231120130725010614412827
0000281353231120130726012866650478
0000281363231120130726016559102905
0000281373231120130738013237415420
0000281383231120131853012098256436
0000281393231120131853014813722276
0000281403231120131854013282366603
0000281413231120131855012496991179
0000281423231120131855012866873434
0000281433231120131855016561215258
0000281443231120131855012831502561
0000281453231120131856016559102905
0000281463231120131905013266223623
0000281473231120131907012866650478
0000281483231120131910012430750645
0000281493231120131913013080174568
0000281503231120131928012537137908
0000281513241120130638012386578293
0000281523241120130638012805962097
0000281533241120130644012323040040
0000281543241120130644012328355066
0000281553241120130647017007888257
0000281563241120130651013024837131
0000281573241120130653013016004606
0000281583241120130653012380739570
0000281593241120130653016873416585
0000281603241120130654018221479905
0000281613241120130654013158042850
0000281623241120130655013281185567
0000281633241120130655012050927365
0000281643241120130655012363099119
0000281653241120130658012319976096
0000281663241120130700012184420354
0000281673241120130700012866873434
0000281683241120130700014813722276
0000281693241120130700012098256436
0000281703241120130700012594062547
0000281713241120130700012611822621
0000281723241120130701012205098138
0000281733241120130701012734943567
0000281743241120130704013101611899
0000281753241120130704020774970167
0000281763241120130707012898133584
0000281773241120130709013023813603
0000281783241120130710012430750645
0000281793241120130712012701349607
0000281803241120130713013401848541
0000281813241120130716013110988622
0000281823241120130717013040688609
0000281833241120130717012624503546
0000281843241120130720012231146209
0000281853241120130721013311938584
0000281863241120130721013402189568
0000281873241120130722012008677348
0000281883241120130722013003689621
0000281893241120130726010094962488
0000281903241120130727013337507564
0000281913241120130730012815191131
0000281923241120130736020737056546
0000281933241120130743011678204123
0000281943241120130759015931944277
0000281953241120131402012537137908
0000281963241120131834012698827582
0000281973241120131843013340720605
0000281983241120131850012956105541
0000281993241120131851012050927365
0000282003241120131852012580778626
0000282013241120131855012805962097
0000282023241120131856015931944277
0000282033241120131857012815191131
0000282043241120131858012328355066
0000282053241120131858013281185567
0000282063241120131900013057168565
0000282073241120131908012288622123
0000282083241120131910012008677348
0000282093241120131911013388088542
0000282103241120131912018221479905
0000282113241120131926012912871540
0000282123241120131926013375117603
0000282133241120131951013311938584
0000282143251120130642016559443273
0000282153251120130643012462093267
0000282163251120130643016561215258
0000282173251120130651013282366603
0000282183251120130655019035856492
0000282193251120130655012319976096
0000282203251120130656013337507564
0000282213251120130700012734943567
0000282223251120130700012559622582
0000282233251120130700012559622582
0000282243251120130701013024399622
0000282253251120130701013408874076
0000282263251120130703012580778626
0000282273251120130704013388088542
0000282283251120130705012866650478
0000282293251120130705017007888257
0000282303251120130706016873416585
0000282313251120130707012612719581
0000282323251120130707013016004606
0000282333251120130709012956105541
0000282343251120130710013281813622
0000282353251120130711012210531197
0000282363251120130712016559102905
0000282373251120130713013057168565
0000282383251120130713012386578293
0000282393251120130714012288622123
0000282403251120130715015971167271
0000282413251120130716013101611899
0000282423251120130717013340720605
0000282433251120130718019008204943
0000282443251120130719012538135755
0000282453251120130719012698827582
0000282463251120130719012912871540
0000282473251120130720013042840580
0000282483251120130720013042840580
0000282493251120130721013110988622
0000282503251120130723018054823768
0000282513251120130725013158042850
0000282523251120130725012496991179
0000282533251120130726012500170243
0000282543251120130729012380739570
0000282553251120130729012701349607
0000282563251120130731013024399622
0000282573251120130737019020254203
0000282583251120130742011678204123
0000282593251120130743012928375548
0000282603251120130747012323040040
0000282613251120130756013348177625
0000282623251120130757019008788767
0000282633251120130809012801628567
0000282643251120130846013143911548
0000282653251120131533016561215258
0000282663251120131537012413798716
0000282673251120131633012801628567
0000282683251120131658019008788767
0000282693251120131746013143911548
0000282703251120131746013348177625
0000282713251120131851012866873434
0000282723251120131851012413798716
0000282733251120131854016559102905
0000282743251120131855014813722276
0000282753251120131856012098256436
0000282763251120131901012496991179
0000282773251120131904013282366603
0000282783251120131916012430750645
0000282793251120131919013408874076
0000282803251120131928012866650478
0000282813251120131931015971167271
0000282823251120131951018054823768
0000282833251120131957019013646452
0000282843251120132016012831502561
0000282853261120130646012761722541
0000282863261120130646012724154543
0000282873261120130651012363099119
0000282883261120130651012333477700
0000282893261120130653013281185567
0000282903261120130654012328355066
0000282913261120130655013348982609
0000282923261120130656012723818197
0000282933261120130700012050927365
0000282943261120130700014813722276
0000282953261120130702012805962097
0000282963261120130702012831502561
0000282973261120130706012815191131
0000282983261120130708012008677348
0000282993261120130708012866873434
0000283003261120130709012098256436
0000283013261120130710012430750645
0000283023261120130710012490619537
0000283033261120130710013352646588
0000283043261120130714013281813622
0000283053261120130715019035856492
0000283063261120130715012500170243
0000283073261120130716019013646452
0000283083261120130716016559443273
0000283093261120130718012538135755
0000283103261120130718013042840580
0000283113261120130720012674856604
0000283123261120130721012612719581
0000283133261120130723013024399622
0000283143261120130725012462093267
0000283153261120130728019008204943
0000283163261120130733013109731567
0000283173261120130734019043562036
0000283183261120130735014419746277
0000283193261120130735012559622582
0000283203261120130735012559622582
0000283213261120130735012210531197
0000283223261120130736012986288563
0000283233261120130736013080174568
0000283243261120130748012928375548
0000283253261120130750010690576568
0000283263261120130753013282398602
0000283273261120130814012801628567
0000283283261120130815013348177625
0000283293261120130817013248344562
0000283303261120130820013085261604
0000283313261120130853012413798716
0000283323261120130905013248344562
0000283333261120130952012430762570
0000283343261120131452013143911548
0000283353261120131701019008788767
0000283363261120131714012801628567
0000283373261120131744012413798716
0000283383261120131753013348177625
0000283393261120131754013143911548
0000283403261120131842012698827582
0000283413261120131843012288622123
0000283423261120131843013340720605
0000283433261120131850012986288563
0000283443261120131851012477101643
0000283453261120131851012580778626
0000283463261120131853019043562036
0000283473261120131854012956105541
0000283483261120131857012328355066
0000283493261120131900013281185567
0000283503261120131900012363099119
0000283513261120131905011678204123
0000283523261120131906012805962097
0000283533261120131906012050927365
0000283543261120131906018221479905
0000283553261120131912013085261604
0000283563261120131913019013677145
0000283573261120131916012008677348
0000283583261120131918012430762570
0000283593261120131927015931944277
0000283603261120131930014419746277
0000283613261120131930010690576568
0000283623271120130627013282366603
0000283633271120130629010563286471
0000283643271120130633012907889569
0000283653271120130635011687628046
0000283663271120130637020157049145
0000283673271120130640012936499560
0000283683271120130643013015174567
0000283693271120130643013324120623
0000283703271120130646020035500934
0000283713271120130647016561215258
0000283723271120130651016382873463
0000283733271120130651012537662166
0000283743271120130651013123898546
0000283753271120130654012895308545
0000283763271120130700012363352817
0000283773271120130700012219909451
0000283783271120130701012580778626
0000283793271120130701011678204123
0000283803271120130701012956105541
0000283813271120130701013340720605
0000283823271120130701012477101643
0000283833271120130702013281813622
0000283843271120130707012386578293
0000283853271120130707012698827582
0000283863271120130708013266223623
0000283873271120130708015931944277
0000283883271120130708012288622123
0000283893271120130708016559102905
0000283903271120130708012490619537
0000283913271120130709012866650478
0000283923271120130712013080174568
0000283933271120130715012429067007
0000283943271120130720012815191131
0000283953271120130720013348982609
0000283963271120130720013348982609
0000283973271120130721012723818197
0000283983271120130722012496991179
0000283993271120130726019013677145
0000284043271120130730013352646588
0000284053271120130730013108773568
0000284063271120130730012876146586
0000284073271120130744012986288563
0000284083271120130744012333477700
0000284093271120130754013348177625
0000284103271120130754012761722541
0000284113271120130756012710115567
0000284123271120130758019008788767
0000284133271120130807012490932707
0000284143271120130815012801628567
0000284153271120130822013109731567
0000284163271120130826012413798716
0000284173271120131208013143911548
0000284183271120131354012413798716
0000284193271120131700012801628567
0000284203271120131700019008788767
0000284213271120131721013143911548
0000284223271120131807016328907177
0000284233271120131847012807241567
0000284243271120131848014813722276
0000284253271120131853016559102905
0000284263271120131855012912871540
0000284273271120131901012496991179
0000284283271120131903013282366603
0000284293271120131911012490932707
0000284303271120131912012866873434
0000284313271120131912016561215258
0000284323271120131927013015174567
0000284333271120131927012831502561
0000284343281120130621010605420464
0000284353281120130624012434438913
0000284363281120130635013054086606
0000284373281120130636010831104454
0000284383281120130638012363099119
0000284393281120130640017014719201
0000284403281120130641013281185567
0000284413281120130641012893025562
0000284423281120130641012307450175
0000284433281120130648010746412220
0000284443281120130655019036823792
0000284453281120130655012195819652
0000284463281120130656013375117603
0000284473281120130656012901774603
0000284483281120130656012328355066
0000284493281120130657012429067007
0000284503281120130658018221479905
0000284513281120130659012805962097
0000284523281120130700014813722276
0000284533281120130700013266223623
0000284543281120130700012219909451
0000284553281120130700012831502561
0000284563281120130701012866873434
0000284573281120130701011687628046
0000284583281120130701013108773568
0000284593281120130702013023523621
0000284603281120130702010563286471
0000284613281120130702012008677348
0000284623281120130703012912871540
0000284633281120130705012098256436
0000284643281120130706012710115567
0000284653281120130706012386578293
0000284663281120130708020157049145
0000284673281120130708020035500934
0000284683281120130708013324120623
0000284693281120130712016382873463
0000284703281120130713012537662166
0000284713281120130719016328907177
0000284723281120130720016328907177
0000284733281120130722012907889569
0000284743281120130722012907889569
0000284753281120130723014492005273
0000284763281120130723013368683607
0000284773281120130724012936499560
0000284783281120130724012363352817
0000284793281120130726012307071360
0000284803281120130726012307071360
0000284813281120130728012876146586
0000284823281120130746020469666271
0000284833281120130749013223076580
0000284843281120130749013340555604
0000284853281120130754012801628567
0000284863281120130756019008788767
0000284873281120130809012413798716
0000284883281120130841013348177625
0000284893281120130842013143911548
