0000263233311020131707012801628567
0000263243311020131708012413798716
0000263253311020131709013348177625
0000263263311020131839018054823768
0000263273311020131844012580778626
0000263283311020131845012307450175
0000263293311020131849012698827582
0000263303311020131849013340720605
0000263313311020131853012477101643
0000263323311020131855012807241567
0000263333311020131856012288622123
0000263343311020131857013340555604
0000263353311020131900012363099119
0000263363311020131900014492005273
0000263373311020131900012363171936
0000263383311020131900013281185567
0000263393311020131901012328355066
0000263403311020131907012805962097
0000263413311020131908012050927365
0000263423311020131909012761722541
0000263433311020131911018221479905
0000263443311020131912012008677348
0000263453311020131917012956105541
0000263463311020131932012912871540
0000263473311020131936013223620299
0000263483011120130536018054823768
0000263493011120130624013282366603
0000263503011120130632012514436755
0000263513011120130633010614412827
0000263523011120130640016559102905
0000263533011120130640012462093267
0000263543011120130641013023813603
0000263553011120130644016559443273
0000263563011120130648012019979200
0000263573011120130648013237415420
0000263583011120130649016561215258
0000263593011120130651013020335603
0000263603011120130658019028115687
0000263613011120130700012912871540
0000263623011120130700012319976096
0000263633011120130700012879773549
0000263643011120130700012363171936
0000263653011120130700012450071042
0000263663011120130700012664892608
0000263673011120130700012734943567
0000263683011120130701012184420354
0000263693011120130701012580778626
0000263703011120130702012288622123
0000263713011120130703013042840580
0000263723011120130705013101611899
0000263733011120130706012500170243
0000263743011120130707012559622582
0000263753011120130707012559622582
0000263763011120130709012380739570
0000263773011120130709019008204943
0000263783011120130710012866650478
0000263793011120130713012750071587
0000263803011120130715012434438913
0000263813011120130719013158042850
0000263823011120130720012477101643
0000263833011120130720012956105541
0000263843011120130720012701349607
0000263853011120130720012701349607
0000263863011120130721013223076580
0000263873011120130721012496991179
0000263883011120130722012698827582
0000263893011120130730014585442835
0000263903011120130733012761722541
0000263913011120130736013337507564
0000263923011120130743013340720605
0000263933011120130744012323040040
0000263943011120130748026724104090
0000263953011120130802013348177625
0000263963011120130807013375117603
0000263973011120130809019008788767
0000263983011120130812012801628567
0000263993011120130812012333477700
0000264003011120130842012430762570
0000264013011120130848013143911548
0000264023011120130849012413798716
0000264033011120131003019020254203
0000264043011120131705019008788767
0000264053011120131736012413798716
0000264063011120131743012801628567
0000264073011120131755018054823768
0000264083011120131824019028115687
0000264093011120131828013015174567
0000264103011120131834012866873434
0000264113011120131844012831502561
0000264123011120131850016561215258
0000264133011120131851014813722276
0000264143011120131851016559102905
0000264153011120131853012098256436
0000264163011120131900012496991179
0000264173011120131900013282366603
0000264183011120131902013223620299
0000264193011120131903013348177625
0000264203011120131904026724104090
0000264213011120131908013143911548
0000264223011120131911017017226737
0000264233011120131913012205262353
0000264243011120131915012866650478
0000264253011120131927012430750645
0000264263021120130628012363099119
0000264273021120130637012805962097
0000264283021120130638010094962488
0000264293021120130640013281185567
0000264303021120130647012879773549
0000264313021120130648012724154543
0000264323021120130649012283119229
0000264333021120130650013348982609
0000264343021120130652012050927365
0000264353021120130653012328355066
0000264363021120130656012594062547
0000264373021120130657012205098138
0000264383021120130657013322850608
0000264393021120130658012008677348
0000264403021120130700013248344562
0000264413021120130700012831502561
0000264423021120130700018221479905
0000264433021120130700014813722276
0000264443021120130701012866873434
0000264453021120130704020774970167
0000264463021120130705012514436755
0000264473021120130707019020254203
0000264483021120130711012019979200
0000264493021120130712012205262353
0000264503021120130713013310508543
0000264513021120130713012430750645
0000264523021120130714012462093267
0000264533021120130714012098256436
0000264543021120130715012664892608
0000264553021120130716014585442835
0000264563021120130719016559443273
0000264573021120130724013015174567
0000264583021120130725012559622582
0000264593021120130725012559622582
0000264603021120130725013042840580
0000264613021120130725017017226737
0000264623021120130726012500170243
0000264633021120130728013109731567
0000264643021120130729010614412827
0000264653021120130730012674856604
0000264663021120130831012430762570
0000264673021120130924013237415420
0000264683021120131837012815191131
0000264693021120131838012698827582
0000264703021120131841012288622123
0000264713021120131855012956105541
0000264723021120131855012050927365
0000264733021120131856012879773549
0000264743021120131856012477101643
0000264753021120131857013340720605
0000264763021120131900012363099119
0000264773021120131900013281185567
0000264783021120131901012363171936
0000264793021120131904012805962097
0000264803021120131907018221479905
0000264813021120131913012008677348
0000264823021120131919012912871540
0000264833021120131923012328355066
0000264843021120132039012580778626
0000264853031120130616013282366603
0000264863031120130618016559102905
0000264873031120130621016382873463
0000264883031120130640016561215258
0000264893031120130640010563286471
0000264903031120130642012895308545
0000264913031120130645010605420464
0000264923031120130650010852235647
0000264933031120130654020035500934
0000264943031120130654020035500934
0000264953031120130654016873416585
0000264963031120130657012363352817
0000264973031120130657012866650478
0000264983031120130658017007888257
0000264993031120130659012363171936
0000265003031120130700012912871540
0000265013031120130700012956105541
0000265023031120130700012283119229
0000265033031120130701012288622123
0000265043031120130701013248344562
0000265053031120130702012205098138
0000265063031120130702013108773568
0000265073031120130702013123898546
0000265083031120130703012477101643
0000265093031120130703013340720605
0000265103031120130704012698827582
0000265113031120130704013348982609
0000265123031120130704013322850608
0000265133031120130707012594062547
0000265143031120130708013311938584
0000265153031120130709012580778626
0000265163031120130712012876146586
0000265173031120130712010094962488
0000265183031120130716012724154543
0000265193031120130716013281813622
0000265203031120130717013310508543
0000265213031120130717013230041606
0000265223031120130718013057168565
0000265233031120130719013040688609
0000265243031120130719015931944277
0000265253031120130728020774970167
0000265263031120130729011678204123
0000265273031120130735012815191131
0000265283031120130735013110988622
0000265293031120130847013109731567
0000265303031120131635016873416585
0000265313031120131802012866873434
0000265323031120131850014813722276
0000265333031120131855013282366603
0000265343031120131855015931944277
0000265353031120131857012098256436
0000265363031120131858013015174567
0000265373031120131858013015174567
0000265383031120131903013388088542
0000265393031120131905012205262353
0000265403031120131909012866650478
0000265413031120131909012831502561
0000265423031120131913016561215258
0000265433031120131916012430750645
0000265443031120131926013375117603
0000265453031120131936013311938584
0000265463041120130634012893025562
0000265473041120130638013054086606
0000265483041120130639010831104454
0000265493041120130639012363099119
0000265503041120130640013281185567
0000265513041120130641019035856492
0000265523041120130641012898221548
0000265533041120130648012901774603
0000265543041120130650019027518257
0000265553041120130650019036823792
0000265563041120130651012205262353
0000265573041120130652012831502561
0000265583041120130653012195819652
0000265593041120130653013023523621
0000265603041120130654012328355066
0000265613041120130655014492005273
0000265623041120130655011687628046
0000265633041120130656013408874076
0000265643041120130657012477101643
0000265653041120130657018221479905
0000265663041120130657015971167271
0000265673041120130658012050927365
0000265683041120130658013368683607
0000265693041120130658017014719201
0000265703041120130659016382873463
0000265713041120130700012098256436
0000265723041120130700020035500934
0000265733041120130700012876146586
0000265743041120130700012866873434
0000265753041120130700014813722276
0000265763041120130731010563286471
0000265773041120130732011678204123
0000265783041120130734012363352817
0000265793041120130734012612719581
0000265803041120130734010605420464
0000265813041120130735012928375548
0000265823041120130743012008677348
0000265833041120130748019008788767
0000265843041120130749013143911548
0000265853041120130808012413798716
0000265863041120130809012801628567
0000265873041120131706019008788767
0000265883041120131714012413798716
0000265893041120131817012288622123
0000265903041120131830013340720605
0000265913041120131841012805962097
0000265923041120131847012580778626
0000265933041120131851013143911548
0000265943041120131854012956105541
0000265953041120131900012363099119
0000265963041120131901013281185567
0000265973041120131902012912871540
0000265983041120131903012698827582
0000265993041120131905012328355066
0000266003041120131909018054823768
0000266013041120131909018054823768
0000266023041120131912018221479905
0000266033041120131913012363171936
0000266043041120131917012050927365
0000266053041120131917012477101643
0000266063041120131919012893025562
0000266073041120131928012008677348
0000266083041120131932013408874076
0000266093041120131939015971167271
0000266103041120131947014492005273
0000266113051120130629012184420354
0000266123051120130631013282366603
0000266133051120130642016559102905
0000266143051120130642012537137908
0000266153051120130648013402189568
0000266163051120130650012611822621
0000266173051120130650012371544266
0000266183051120130652012866650478
0000266193051120130653016561215258
0000266203051120130654013001901542
0000266213051120130655012333477700
0000266223051120130659012912871540
0000266233051120130700013023523621
0000266243051120130700012288622123
0000266253051120130700012363171936
0000266263051120130700012956105541
0000266273051120130700012901774603
0000266283051120130701012845679620
0000266293051120130702012697536622
0000266303051120130702012612719581
0000266313051120130703012698827582
0000266323051120130704013352646588
0000266333051120130704012750071587
0000266343051120130705012580778626
0000266353051120130706019036823792
0000266363051120130707013322850608
0000266373051120130709016328907177
0000266383051120130709020737056546
0000266393051120130710012805962097
0000266403051120130711013003689621
0000266413051120130712013335552546
0000266423051120130714012898221548
0000266433051120130725010831104454
0000266443051120130725012195819652
0000266453051120130725019027518257
0000266463051120130726011687628046
0000266473051120130726013054086606
0000266483051120130727013368683607
0000266493051120130727017014719201
0000266503051120130730013401848541
0000266513051120130732012986288563
0000266523051120130732012496991179
0000266533051120130736013340720605
0000266543051120130737014419746277
0000266553051120130738019035856492
0000266563051120130752012928375548
0000268603051120130758010690576568
0000268613051120130800019008788767
0000268633051120130806013282398602
0000268643051120130811013348177625
0000268653051120130815013085261604
0000268663051120130823012413798716
0000268673051120130903012430762570
0000268683051120130909012801628567
0000268693051120130948013143911548
0000268703051120131533013375008561
0000268713051120131700019008788767
0000268723051120131718013143911548
0000268733051120131718013348177625
0000268743051120131726012413798716
0000268753051120131736012801628567
0000268763051120131854014813722276
0000268773051120131855012098256436
0000268783051120131855012866873434
0000268793051120131856013230041606
0000268803051120131900012831502561
0000268813051120131900012184420354
0000268823051120131900014419746277
0000268833051120131900012496991179
0000268843051120131901013282366603
0000268853051120131904016561215258
0000268863051120131904012866650478
0000268873051120131905010690576568
0000268883051120131905016559102905
0000268893051120131914012986288563
0000268903051120131915012430762570
0000268913051120131916015931944277
0000268923051120131918011678204123
0000268933051120131919012430750645
0000268943051120131925019013677145
0000268953051120131956013015174567
0000268963061120130641012456557427
0000268973061120130646012363099119
0000268983061120130647012936499560
0000268993061120130647012907889569
0000269003061120130648012815191131
0000269013061120130648013281185567
0000269023061120130649013324120623
0000269033061120130649013158042850
0000269043061120130650012879773549
0000269053061120130651013016004606
0000269063061120130653012380739570
0000269073061120130653012328355066
0000269083061120130654012805962097
0000269093061120130655012831502561
0000269103061120130656012323040040
0000269113061120130656012219909451
0000269123061120130700013322850608
0000269133061120130700014813722276
0000269143061120130700012050927365
0000269153061120130701012734943567
0000269163061120130701012319976096
0000269173061120130702013015174567
0000269183061120130702013337507564
0000269193061120130703012866873434
0000269203061120130704012429067007
0000269213061120130705012333477700
0000269223061120130706012430750645
0000269233061120130707013352646588
0000269243061120130708012697536622
0000269253061120130709013108643583
0000269263061120130709013003689621
0000269273061120130712013282398602
0000269283061120130712011678204123
0000269293061120130713012371544266
0000269303061120130713012537137908
0000269313061120130714012710115567
0000269323061120130714013266223623
0000269333061120130715015931944277
0000269343061120130715012098256436
0000269353061120130716013101611899
0000269363061120130717020737056546
0000269373061120130717016328907177
0000269383061120130717012611822621
0000269393061120130717013230041606
0000269403061120130723013402189568
0000269413061120130725012490932707
0000269423061120130726019013677145
0000269433061120130733013375008561
0000269443061120130737012986288563
0000269453061120130739013001901542
0000269463061120130749013401848541
0000269473061120130749013335552546
0000269483061120130758012008677348
0000269493061120130807013348177625
0000269503061120130821012801628567
0000269513061120130924013143911548
0000269523061120131616013375008561
0000269533061120131700012801628567
0000269543061120131708013348177625
0000269553061120131829013108643583
0000269563061120131831012288622123
0000269573061120131839013340720605
0000269583061120131848012956105541
0000269593061120131849012363171936
0000269603061120131853012477101643
0000269613061120131900012363099119
0000269623061120131901013281185567
0000269633061120131901018221479905
0000269643061120131901012050927365
0000269653061120131901012815191131
0000269663061120131902012831502561
0000269673061120131903012490932707
0000269683061120131904012986288563
0000269693061120131905012008677348
0000269703061120131910012805962097
0000269713061120131910012761722541
0000269723061120131912012698827582
0000269733061120131918012580778626
0000269743061120131922012328355066
0000269753071120130648012434438913
0000269763071120130652013023813603
0000269773071120130653013015174567
0000269783071120130653012462093267
0000269793071120130658012664892608
0000269803071120130700014585442835
0000269813071120130700012319976096
0000269823071120130700012363171936
0000269833071120130700012219909451
0000269843071120130700012956105541
0000269853071120130700012477101643
0000269863071120130702013337507564
0000269873071120130702012559622582
0000269883071120130702012698827582
0000269893071120130704013266223623
0000269903071120130704012333477700
0000269913071120130705012288622123
0000269923071120130705012323040040
0000269933071120130707019008204943
0000269943071120130708013282366603
0000269953071120130708012936499560
0000269963071120130709016559443273
0000269973071120130710012307450175
0000269983071120130711012210531197
0000269993071120130712012710115567
0000270003071120130712012734943567
0000270013071120130714013101611899
0000270023071120130714013020335603
0000270033071120130714012992819621
0000270043071120130715016559102905
0000270053071120130716012831502561
0000270063071120130717012879773549
0000270073071120130719013016004606
0000270083071120130719012500170243
0000270093071120130723013158042850
0000270103071120130723012907889569
0000270113071120130724012380739570
0000270123071120130726012456557427
0000270133071120130729012761722541
0000270143071120130731013340555604
0000270153071120130731012580778626
0000270163071120130732019018711759
0000270173071120130737015101175270
0000270183071120130742013223076580
0000270193071120130751019008788767
0000270203071120130752012807241567
0000270213071120130755013340720605
0000270223071120130803013348177625
0000270233071120130803012866650478
0000270243071120130803012307071360
0000270253071120130803013324120623
0000270273071120130807013375117603
0000270283071120130825013143911548
0000270293071120130833012801628567
0000270303071120130844012413798716
0000270313071120130914012807241567
0000270323071120131734012801628567
0000270333071120131804013143911548
0000270343071120131804013348177625
0000270353071120131820012413798716
0000270363071120131821019008788767
0000270373071120131849012866873434
0000270383071120131850014813722276
0000270393071120131852013230041606
0000270403071120131855013282366603
0000270413071120131857012098256436
0000270423071120131858013340555604
0000270433071120131905016559102905
0000270443071120131910012912871540
0000270453071120131912012307450175
0000270463071120131912012307071360
0000270473071120131913012496991179
0000270483071120131922019013646452
0000270493071120131939013223620299
0000270503071120132030012430750645
0000270513081120130614012328355066
0000270523081120130628012363099119
0000270533081120130629013281185567
0000270543081120130635012724154543
0000270553081120130639012815191131
0000270563081120130639012761722541
0000270573081120130645013322850608
0000270583081120130646012805962097
0000270593081120130649012514436755
0000270603081120130651012283119229
0000270613081120130651013348982609
0000270623081120130651010614412827
0000270633081120130652013237415420
0000270643081120130655012490619537
0000270653081120130658013310508543
0000270663081120130658012050927365
0000270673081120130658012019979200
0000270683081120130700012912871540
0000270693081120130700013015174567
0000270703081120130701014813722276
0000270713081120130702019008204943
0000270723081120130702019008204943
0000270733081120130702012462093267
0000270743081120130702012866873434
0000270753081120130702012992819621
0000270763081120130703018221479905
0000270773081120130703012098256436
0000270783081120130705012664892608
0000270793081120130706012430750645
0000270803081120130708012008677348
0000270813081120130710015101175270
0000270823081120130711013230041606
0000270833081120130713012434438913
0000270843081120130714026724104090
0000270853081120130715012210531197
0000270863081120130715013223076580
0000270873081120130716012866650478
0000270883081120130717019028115687
0000270893081120130718013109731567
0000270903081120130719012723818197
0000270913081120130720019018711759
0000270923081120130721019020254203
0000270933081120130724019013646452
0000270943081120130724012500170243
0000270953081120130745012559622582
0000270963081120130756013348177625
0000270973081120130757019008788767
0000270983081120130806012333477700
0000270993081120130806012801628567
0000271003081120130829012430762570
0000271013081120130829012430762570
0000271023081120130834012413798716
0000271033081120130854013143911548
0000271043081120130920019019769882
0000271053081120131708019008788767
0000271063081120131747018054823768
0000271073081120131756012413798716
0000271083081120131758012801628567
0000271093081120131801013143911548
0000271103081120131807013348177625
0000271113081120131829013340720605
0000271123081120131846012477101643
0000271133081120131846012288622123
0000271143081120131849012580778626
0000271153081120131851026724104090
0000271163081120131851019028115687
0000271173081120131901012328355066
0000271183081120131901019019769882
0000271193081120131903012363099119
0000271203081120131904013223620299
0000271213081120131906018221479905
0000271223081120131906012008677348
0000271233081120131907013281185567
0000271243081120131909012050927365
0000271253081120131912012805962097
0000271263081120131914012912871540
0000271273081120131914012956105541
0000271283081120131919012723818197
0000271293081120131924012363171936
0000271303081120131936012698827582
0000271313091120130619018054823768
0000271323091120130625016561215258
0000271333091120130630016559443273
0000271343091120130630016382873463
0000271353091120130641012936499560
0000271363091120130643010094962488
0000271373091120130644011687628046
0000271383091120130645012205098138
0000271393091120130647012019979200
0000271403091120130650012386578293
0000271413091120130650020035500934
0000271423091120130651013057168565
0000271433091120130655012594062547
0000271443091120130656012876146586
0000271453091120130657012490619537
0000271463091120130657013322850608
0000271473091120130657010563286471
0000271483091120130657012895308545
0000271493091120130659019020254203
0000271503091120130700012514436755
0000271513091120130700012363352817
0000271523091120130700012912871540
0000271533091120130700012363171936
0000271543091120130700019020254203
0000271553091120130702013108773568
0000271563091120130703013348982609
0000271573091120130704012477101643
0000271583091120130705012698827582
0000271593091120130707013282366603
0000271603091120130709012956105541
0000271613091120130710013310508543
0000271623091120130711012430762570
0000271633091120130714010614412827
0000271643091120130715020774970167
0000271653091120130716012580778626
0000271663091120130722012283119229
0000271673091120130726012761722541
0000271683091120130733012815191131
0000271693091120130733012496991179
0000271703091120130733013340720605
0000271713091120130752013237415420
0000271723091120131851012866873434
0000271733091120131851014813722276
0000271743091120131854012288622123
0000271753091120131900012496991179
0000271763091120131900013282366603
0000271773091120131900013282366603
0000271783091120131900016561215258
0000271793091120131900016561215258
0000271803091120131913012831502561
0000271813091120131915012430750645
0000271823091120131922013230041606
0000271833091120131925016559443273
0000271843091120131931013040688609
0000271853101120130637018221479905
0000271863101120130642010605420464
0000271873101120130645012805962097
0000271883101120130647013054086606
0000271893101120130647010831104454
0000271903101120130648012195819652
0000271913101120130648012901774603
0000271923101120130648012050927365
0000271933101120130648012328355066
0000271943101120130651016873416585
0000271953101120130652013281185567
0000271963101120130652012363099119
0000271973101120130655019027518257
0000271983101120130658017014719201
0000271993101120130658017007888257
0000272003101120130659012008677348
0000272013101120130700012895308545
0000272023101120130700012205098138
0000272033101120130700012430750645
0000272043101120130700012594062547
0000272053101120130701014813722276
0000272063101120130701013040688609
0000272073101120130702012866873434
0000272083101120130702013040688609
0000272093101120130703016561215258
0000272103101120130705012831502561
0000272113101120130708012876146586
0000272123101120130709019036823792
0000272133101120130711016382873463
0000272143101120130711013281813622
0000272153101120130712013368683607
0000272163101120130713013108773568
0000272173101120130713014492005273
0000272183101120130715020774970167
0000272193101120130717010094962488
0000272203101120130717020035500934
0000272213101120130719012936499560
0000272223101120130719012363352817
0000272233101120130719010563286471
0000272243101120130719011687628046
0000272253101120130721012898221548
0000272263101120130725013123898546
0000272273101120130727013311938584
0000272283101120130728013230041606
0000272293101120130729012386578293
0000272303101120130740020469666271
0000272313101120130742011678204123
0000272323101120130744021079846680
0000272333101120131841012698827582
0000272343101120131843012580778626
0000272353101120131853015931944277
0000272363101120131854012363171936
0000272373101120131854012477101643
0000272383101120131854012288622123
0000272393101120131903013388088542
0000272403101120131903012805962097
0000272413101120131903013281185567
0000272423101120131904012363099119
0000272433101120131904012956105541
0000272443101120131906012050927365
0000272453101120131908018221479905
0000272463101120131909013340720605
0000272473101120131910012912871540
0000272483101120131934012328355066
0000272493101120131936012008677348
0000272503101120131943013311938584
0000272513101120131949013375117603
0000272523111120130628013282366603
0000272533111120130637012537137908
0000272543111120130637012184420354
0000272553111120130638013001901542
0000272563111120130645016561215258
0000272573111120130648012371544266
0000272583111120130649013322850608
0000272593111120130655012456557427
0000272603111120130655016559102905
0000272613111120130655012901774603
0000272623111120130656020737056546
0000272633111120130658012866650478
0000272643111120130658020469666271
0000272653111120130658019027518257
0000272663111120130700012928375548
0000272673111120130700016873416585
0000272683111120130700019036823792
0000272693111120130700012363171936
0000272703111120130700013003689621
0000272713111120130700014492005273
0000272723111120130701012288622123
0000272733111120130701013408874076
0000272743111120130701010605420464
0000272753111120130701013368683607
0000272763111120130702012580778626
0000272773111120130702012956105541
0000272783111120130703012195819652
0000272793111120130703017007888257
0000272803111120130703012624503546
0000272813111120130705013340720605
0000272823111120130705019035856492
0000272833111120130707015971167271
0000272843111120130709013388088542
0000272853111120130709013388088542
0000272863111120130710012698827582
0000272873111120130710013401848541
0000272883111120130710013054086606
0000272893111120130711013054086606
0000272903111120130711012912871540
0000272913111120130712012697536622
0000272923111120130714012612719581
0000272933111120130715018054823768
0000272943111120130722019020254203
0000272953111120130724021079846680
0000272963111120130731012898133584
0000272973111120130731010831104454
0000272983111120130747012611822621
0000272993111120130755011678204123
0000273003111120130808012801628567
0000273013111120130808019008788767
0000273023111120130808013348177625
0000273033111120130812012413798716
0000273043111120130857013143911548
0000273053111120131400019008788767
0000273063111120131716013143911548
0000273073111120131716013348177625
0000273083111120131721012413798716
0000273093111120131813019008204943
0000273103111120131832018054823768
0000273113111120131834012801628567
0000273123111120131850014813722276
0000273133111120131850016559102905
0000273143111120131854012098256436
0000273153111120131856012866873434
0000273163111120131856013322850608
0000273173111120131857012866650478
0000273183111120131900012496991179
0000273193111120131901019020254203
0000273203111120131901013282366603
0000273213111120131904013015174567
0000273223111120131907012624503546
0000273233111120131911012430750645
0000273243111120131914016561215258
0000273253111120131926013057168565
0000273263111120131932015971167271
0000273273111120131935019013646452
0000273283111120132009013408874076
0000273293111120132017012831502561
0000273303121120130631012323040040
0000273313121120130632012724154543
0000273323121120130636012363099119
0000273333121120130637013324120623
0000273343121120130639013281185567
0000273353121120130641012450071042
0000273363121120130645010746412220
0000273373121120130645013337507564
0000273383121120130647013158042850
0000273393121120130647013016004606
0000273403121120130651012701349607
0000273413121120130652018221479905
0000273423121120130652012328355066
0000273433121120130652019008204943
0000273443121120130653013057168565
0000273453121120130653013001901542
0000273463121120130654012380739570
0000273473121120130657019013646452
0000273483121120130658012319976096
0000273493121120130700012184420354
0000273503121120130700014813722276
0000273513121120130700012831502561
0000273523121120130700020737056546
0000273533121120130701012050927365
0000273543121120130703013352646588
0000273553121120130704013335552546
0000273563121120130704012866873434
0000273573121120130705013015174567
0000273583121120130705012537137908
0000273593121120130705012697536622
0000273603121120130707012928375548
0000273613121120130712013003689621
0000273623121120130712012611822621
0000273633121120130712013401848541
0000273643121120130715012805962097
0000273653121120130715013023813603
0000273663121120130715012898133584
0000273673121120130716012612719581
0000273683121120130716012750071587
0000273693121120130717012098256436
0000273703121120130717012008677348
0000273713121120130721012815191131
0000273723121120130723019035856492
0000273733121120130727012986288563
0000273743121120130729014419746277
0000273753121120130729019043562036
0000273763121120130750012456557427
0000273773121120130751010690576568
0000273783121120130759019008788767
0000273793121120130831013348177625
0000273803121120130918013143911548
0000273813121120131043012430762570
0000273823121120131700019008788767
0000273833121120131710013143911548
0000273843121120131712013348177625
0000273853121120131843012288622123
0000273863121120131846018221479905
0000273873121120131855012477101643
0000273883121120131859012956105541
0000273893121120131859012912871540
0000273903121120131900013281185567
0000273913121120131902012986288563
0000273923121120131906012815191131
0000273933121120131908012008677348
0000273943121120131911012698827582
0000273953121120131911012761722541
0000273963121120131911012363099119
0000273973121120131916019043562036
0000273983121120131916014419746277
0000273993121120131918012805962097
0000274003121120131921012050927365
0000274013121120131927013340720605
0000274023121120131933019013677145
0000274033121120131934012580778626
0000274043121120131944011678204123
0000274053121120131945012328355066
0000274063121120131947015931944277
0000274073121120131949012430762570
0000274083121120131949012430762570
0000274093121120132005010690576568
0000274103131120130630013282366603
0000274113131120130639012462093267
0000274123131120130639013042840580
0000274133131120130640016561215258
0000274143131120130641016559102905
0000274153131120130646012866650478
0000274163131120130650012538135755
0000274173131120130653012907889569
0000274183131120130655019013677145
0000274193131120130658012219909451
0000274203131120130700012912871540
0000274213131120130700012319976096
0000274223131120130700013337507564
0000274233131120130701012580778626
0000274243131120130705013282398602
0000274253131120130705012496991179
0000274263131120130705012956105541
0000274273131120130707010746412220
0000274283131120130707012288622123
0000274293131120130708012500170243
0000274303131120130708019008204943
0000274313131120130708012698827582
0000274323131120130709012477101643
0000274333131120130715013352646588
0000274343131120130715012559622582
0000274353131120130715013340720605
0000274363131120130716013016004606
0000274373131120130717012750071587
0000274383131120130721012380739570
0000274393131120130722013023523621
0000274403131120130722016559443273
0000274413131120130727013158042850
0000274423131120130730012490932707
0000274433131120130731012701349607
0000274443131120130733012323040040
0000274453131120130745013324120623
0000274463131120130747011678204123
0000274473131120130749013335552546
0000274483131120130752012761722541
0000274493131120130753012710115567
0000274503131120130756012986288563
0000274513131120130757019008788767
0000274523131120130802013348177625
0000274533131120130809013230041606
0000274543131120130822012413798716
0000274553131120130931013143911548
0000274563131120131011012801628567
0000274573131120131656012413798716
0000274583131120131700019008788767
