0000167663300820131722012801628567
0000167673300820131728012537695897
0000167683300820131729012413798716
0000167693300820131804013143911548
0000167703300820131828012288622123
0000167713300820131831021079846680
0000167723300820131831012964126544
0000167733300820131851013223620299
0000167743300820131852013775780938
0000167753300820131853012956105541
0000167763300820131857015101175270
0000167773300820131857015101175270
0000167783300820131857015971167271
0000167793300820131858012363171936
0000167803300820131859013078181854
0000167813300820131900012328355066
0000167823300820131900013281185567
0000167833300820131901012363099119
0000167843300820131903012477101643
0000167853300820131903012050927365
0000167863300820131909012805962097
0000167873300820131910014492005273
0000167883300820131911019019769882
0000167893300820131917018221479905
0000167903300820131918012912871540
0000167913300820131918013340720605
0000167923300820131919017017226737
0000167933300820131923012698827582
0000167943300820131930012008677348
0000167953310820130627012231146209
0000167963310820130630013015174567
0000167973310820130637016561215258
0000167983310820130637013775780938
0000167993310820130640016559102905
0000168003310820130651013393339604
0000168013310820130651013282366603
0000168023310820130651012205098138
0000168033310820130653012990449932
0000168043310820130653012537137908
0000168053310820130654013401848541
0000168063310820130654012371544266
0000168073310820130655012761722541
0000168083310820130655013003689621
0000168093310820130655012019979200
0000168103310820130656012831502561
0000168113310820130657012594062547
0000168123310820130657013033365581
0000168133310820130658020737056546
0000168143310820130659012964126544
0000168153310820130700012020334773
0000168163310820130700012901774603
0000168173310820130700013023523621
0000168183310820130700013054086606
0000168193310820130701019036823792
0000168203310820130701012912871540
0000168213310820130701013335552546
0000168223310820130702012698827582
0000168233310820130702012195819652
0000168243310820130703013024837131
0000168253310820130703013340720605
0000168263310820130705013078181854
0000168273310820130705012866650478
0000168283310820130705019020254203
0000168293310820130706012288622123
0000168303310820130709019027518257
0000168313310820130709010094962488
0000168323310820130709012956105541
0000168333310820130710017023709736
0000168343310820130710017017226737
0000168353310820130710012697536622
0000168363310820130711013044241587
0000168373310820130711012514436755
0000168383310820130715012363171936
0000168393310820130717013281813622
0000168403310820130735020469666271
0000168413310820130735013368683607
0000168423310820130745010614412827
0000168433310820130746012893025562
0000168443310820131818013001901542
0000168453310820131831012948690546
0000168463310820131837012363171936
0000168473310820131848013016004606
0000168483310820131850016559102905
0000168493310820131902012205262353
0000168503310820131907015971167271
0000168513310820131919014813722276
0000168523310820131925012430750645
0000168533010920130624012328355066
0000168543010920130643012323040040
0000168553010920130644012020334773
0000168563010920130645012701349607
0000168573010920130645018221479905
0000168583010920130646013337507564
0000168593010920130648012205262353
0000168603010920130650012805962097
0000168613010920130652012319976096
0000168623010920130652017007888257
0000168633010920130656013101611899
0000168643010920130657013158042850
0000168653010920130658012363099119
0000168663010920130658012333401038
0000168673010920130658013281185567
0000168683010920130659012879773549
0000168693010920130700013393339604
0000168703010920130700016873416585
0000168713010920130701014813722276
0000168723010920130701012594062547
0000168733010920130701013024837131
0000168743010920130701012831502561
0000168753010920130701012948690546
0000168763010920130701012371544266
0000168773010920130701012537137908
0000168783010920130702012363171936
0000168793010920130703013003689621
0000168803010920130704012050927365
0000168813010920130704012477101643
0000168823010920130705013040688609
0000168833010920130705012990449932
0000168843010920130706020737056546
0000168853010920130706012734943567
0000168863010920130707016561215258
0000168873010920130707012205098138
0000168883010920130707017023709736
0000168893010920130710012750071587
0000168903010920130712012697536622
0000168913010920130713016328907177
0000168923010920130714013001901542
0000168933010920130715013044241587
0000168943010920130716013401848541
0000168953010920130723012231146209
0000168963010920130724011678204123
0000168973010920130732014660472279
0000168983010920130732013340555604
0000168993010920130747010094962488
0000169003010920130749012008677348
0000169013010920130750012430750645
0000169023010920131829016559102905
0000169033010920131848012363171936
0000169043010920131850012956105541
0000169053010920131851013078181854
0000169063010920131859013340555604
0000169073010920131859012050927365
0000169083010920131900012477101643
0000169093010920131900013281185567
0000169103010920131900012363099119
0000169113010920131901013388088542
0000169123010920131902013016004606
0000169133010920131903012805962097
0000169143010920131904012328355066
0000169153010920131904012805962097
0000169163010920131904013340720605
0000169173010920131906018221479905
0000169183010920131912013375117603
0000169193010920131912013375008561
0000169203010920131913012912871540
0000169213010920131928014660472279
0000169223010920131931012292349576
0000169233010920132047012008677348
0000169243020920130636013015174567
0000169253020920130636013282366603
0000169263020920130638010746412220
0000169273020920130643013020335603
0000169283020920130649016559443273
0000169293020920130649013024399622
0000169303020920130649016561215258
0000169313020920130650012559622582
0000169323020920130654012538135755
0000169333020920130654012992819621
0000169343020920130654012462093267
0000169353020920130659012664892608
0000169363020920130700012319976096
0000169373020920130700016873416585
0000169383020920130700013023813603
0000169393020920130700012020334773
0000169403020920130700013337507564
0000169413020920130701012912871540
0000169423020920130702014492005273
0000169433020920130703012805962097
0000169443020920130704019035856492
0000169453020920130704013101611899
0000169463020920130707012323040040
0000169473020920130708012750071587
0000169483020920130709013078181854
0000169493020920130709012956105541
0000169503020920130711012879773549
0000169513020920130713014585442835
0000169523020920130714019008204943
0000169533020920130714012500170243
0000169543020920130714012701349607
0000169553020920130715012701349607
0000169563020920130715013388088542
0000169573020920130716013042840580
0000169583020920130716012363171936
0000169593020920130716013375008561
0000169603020920130716012866650478
0000169613020920130716013158042850
0000169623020920130718013402189568
0000169633020920130721012496991179
0000169643020920130724013341463622
0000169653020920130725011678204123
0000169663020920130726012333401038
0000169673020920130727015971167271
0000169683020920130731019008788767
0000169693020920130735012612719581
0000169703020920130813013348177625
0000169713020920130817012801628567
0000169723020920130829012413798716
0000169733020920130833013143911548
0000169743020920130834018194135678
0000169753020920130857012537695897
0000169763020920131701012801628567
0000169773020920131702019008788767
0000169783020920131702012537695897
0000169793020920131702013143911548
0000169803020920131703013348177625
0000169813020920131723012413798716
0000169823020920131725012098256436
0000169833020920131834012964126544
0000169843020920131839012580778626
0000169853020920131845012831502561
0000169863020920131848016561215258
0000169873020920131849012948690546
0000169883020920131855013282366603
0000169893020920131857012205262353
0000169903020920131900014492005273
0000169913020920131900013015174567
0000169923020920131905016559102905
0000169933020920131907012866650478
0000169943020920131908013341463622
0000169953020920131908019013646452
0000169963020920131917014813722276
0000169973020920131927012496991179
0000169983020920131938012430750645
0000169993020920131938015971167271
0000170003030920130628012328355066
0000170013030920130636012723818197
0000170023030920130637012928375548
0000170033030920130644012283119229
0000170043030920130645012805962097
0000170053030920130645018221479905
0000170063030920130650012363099119
0000170073030920130650012490619537
0000170083030920130652012646880601
0000170093030920130653013281185567
0000170103030920130655012205262353
0000170113030920130656012761722541
0000170123030920130656012050927365
0000170133030920130656012456526580
0000170143030920130700012664892608
0000170153030920130700012948690546
0000170163030920130700014813722276
0000170173030920130700012580778626
0000170183030920130700012430750645
0000170193030920130702012831502561
0000170203030920130703010746412220
0000170213030920130703012098256436
0000170223030920130704012815191131
0000170233030920130704014585442835
0000170243030920130704013352646588
0000170253030920130706013310508543
0000170263030920130710013024399622
0000170273030920130714013109731567
0000170283030920130715012538135755
0000170293030920130715013042840580
0000170303030920130715012992819621
0000170313030920130716012477101643
0000170323030920130716013080174568
0000170333030920130718012210531197
0000170343030920130721012612719581
0000170353030920130721019008204943
0000170363030920130721012462093267
0000170373030920130724019043562036
0000170383030920130724014419746277
0000170393030920130725012986288563
0000170403030920130726012008677348
0000170413030920130738013340555604
0000170423030920130739013085261604
0000170433030920130740016559443273
0000170443030920130740012559622582
0000170453030920130740012559622582
0000170463030920130748013248344562
0000170473030920130752019035856492
0000170483030920130759012801628567
0000170493030920130800013282398602
0000170503030920130804013348177625
0000170513030920130812012413798716
0000170523030920130828013143911548
0000170533030920130856012537695897
0000170543030920130957012805962097
0000170553030920131700019008788767
0000170563030920131700012801628567
0000170573030920131701013348177625
0000170583030920131701013143911548
0000170593030920131701012537695897
0000170603030920131723013375008561
0000170613030920131837011678204123
0000170623030920131844012956105541
0000170633030920131856013281185567
0000170643030920131857012292349576
0000170653030920131859013085261604
0000170663030920131859012986288563
0000170673030920131900013078181854
0000170683030920131900012008677348
0000170693030920131901013557802344
0000170703030920131901018221479905
0000170713030920131902019043562036
0000170723030920131903013340555604
0000170733030920131904014419746277
0000170743030920131905013291658603
0000170753030920131906013775780938
0000170763030920131907012477101643
0000170773030920131907012050927365
0000170783030920131913012912871540
0000170793030920131915012363099119
0000170803030920131916013340720605
0000170813030920131916012363171936
0000170823030920131917012698827582
0000170833030920131919012328355066
0000170843040920130645016561215258
0000170853040920130646012893025562
0000170863040920130646013775780938
0000170893040920130652012936499560
0000170903040920130653013282366603
0000170913040920130653013230041606
0000170923040920130654012866650478
0000170933040920130655013015174567
0000170943040920130655020035500934
0000170953040920130656013057168565
0000170963040920130657012050927365
0000170973040920130657011687628046
0000170983040920130657013324120623
0000170993040920130659013080174568
0000171003040920130659012219909451
0000171013040920130659012283119229
0000171023040920130700012907889569
0000171033040920130702013078181854
0000171043040920130703012698827582
0000171053040920130704012724154543
0000171063040920130704012490619537
0000171073040920130705012956105541
0000171083040920130706012912871540
0000171093040920130706012928375548
0000171103040920130707013282398602
0000171113040920130707016559102905
0000171123040920130708013266223623
0000171133040920130708013123898546
0000171143040920130708012386578293
0000171153040920130709011678204123
0000171163040920130709012646880601
0000171173040920130711012490932707
0000171183040920130711010563286471
0000171193040920130711013352646588
0000171203040920130713013340720605
0000171213040920130716012363171936
0000171223040920130717012876146586
0000171233040920130719016382873463
0000171243040920130719012815191131
0000171253040920130719013248344562
0000171263040920130720013310508543
0000171273040920130723013281813622
0000171283040920130724013108643583
0000171293040920130729012710115567
0000171303040920130731012986288563
0000171313040920130732013557802344
0000171323040920130734013375008561
0000171333040920130751012761722541
0000171343040920130752012456526580
0000171353040920130801019008788767
0000171363040920130815013348177625
0000171373040920130827012537695897
0000171383040920130906013143911548
0000173453040920131615013375008561
0000173463040920131700019008788767
0000173473040920131701012537695897
0000173483040920131701013348177625
0000173493040920131703013143911548
0000173503040920131730012098256436
0000173513040920131730012430750645
0000173523040920131844016561215258
0000173533040920131844014813722276
0000173543040920131847012831502561
0000173553040920131848013282366603
0000173563040920131850013108643583
0000173573040920131851012948690546
0000173583040920131859012050927365
0000173593040920131859012580778626
0000173603040920131900013015174567
0000173613040920131900012986288563
0000173623040920131901012490932707
0000173633040920131938012205262353
0000173643050920130628012434438913
0000173653050920130645012845679620
0000173663050920130649013054086606
0000173673050920130650012363099119
0000173683050920130650012333477700
0000173693050920130651012205262353
0000173703050920130652019027518257
0000173713050920130652012328355066
0000173723050920130652013281185567
0000173733050920130654010831104454
0000173743050920130656013375117603
0000173753050920130656012898221548
0000173763050920130656013057168565
0000173773050920130656012895308545
0000173783050920130659012430750645
0000173793050920130659017014719201
0000173803050920130659018221479905
0000173813050920130700010563286471
0000173823050920130700014813722276
0000173833050920130701013324120623
0000173843050920130703013266223623
0000173853050920130706016382873463
0000173863050920130707013123898546
0000173873050920130709020035500934
0000173883050920130710012807241567
0000173893050920130711012710115567
0000173903050920130712017060753395
0000173913050920130713012386578293
0000173923050920130713012907889569
0000173933050920130716012580778626
0000173943050920130716012098256436
0000173953050920130716012876146586
0000173963050920130716021079846680
0000173973050920130717014492005273
0000173983050920130717013023523621
0000173993050920130717012901774603
0000174003050920130717013223076580
0000174013050920130717012219909451
0000174023050920130717011687628046
0000174033050920130718013281813622
0000174043050920130718012195819652
0000174053050920130718015931944277
0000174063050920130720012477101643
0000174073050920130724015101175270
0000174083050920130724012805962097
0000174093050920130725012936499560
0000174103050920130732012893025562
0000174113050920130739019036823792
0000174123050920130741013340555604
0000174133050920130743013230041606
0000174143050920130748013368683607
0000174153050920130753019008788767
0000174163050920130803020469666271
0000174173050920130833012801628567
0000174183050920130833012537695897
0000174193050920130835012413798716
0000174203050920130846013348177625
0000174213050920130859013143911548
0000174223050920131230012801628567
0000174233050920131700013348177625
0000174243050920131700019008788767
0000174253050920131711012537695897
0000174263050920131711013143911548
0000174273050920131844012807241567
0000174283050920131851012956105541
0000174293050920131854013775780938
0000174303050920131856012698827582
0000174313050920131856013340555604
0000174323050920131858013281185567
0000174333050920131859012363099119
0000174343050920131900015931944277
0000174353050920131903013078181854
0000174363050920131904012805962097
0000174373050920131908012477101643
0000174383050920131910013223620299
0000174393050920131913012912871540
0000174403050920131915012328355066
0000174413050920131915012363171936
0000174423050920131922018221479905
0000174433050920131922019013646452
0000174443050920131943012292349576
0000174453050920131943013340720605
0000174463050920132002013557802344
0000174473060920130631012537137908
0000174483060920130637012514436755
0000174493060920130637012371544266
0000174503060920130638016328907177
0000174513060920130639015101175270
0000174523060920130640012184420354
0000174533060920130641012231146209
0000174543060920130642016561215258
0000174553060920130642016559102905
0000174563060920130642012624503546
0000174573060920130643012019979200
0000174583060920130644012456557427
0000174593060920130644013001901542
0000174603060920130645013015174567
0000174613060920130649013775780938
0000174623060920130650012866650478
0000174633060920130651010614412827
0000174643060920130656013282366603
0000174653060920130656012611822621
0000174663060920130657013023523621
0000174673060920130657013054086606
0000174683060920130658019027518257
0000174693060920130658012901774603
0000174703060920130658012845679620
0000174713060920130658019036823792
0000174723060920130658017060753395
0000174733060920130700012912871540
0000174743060920130700013078181854
0000174753060920130700013557802344
0000174763060920130700012956105541
0000174773060920130701013223076580
0000174783060920130702012195819652
0000174793060920130702012698827582
0000174803060920130702013003689621
0000174813060920130704010831104454
0000174823060920130704012697536622
0000174833060920130704012490619537
0000174843060920130705012363171936
0000174853060920130710021079846680
0000174863060920130712012434438913
0000174873060920130715012363352817
0000174883060920130716012307450175
0000174893060920130722012333477700
0000174903060920130724017014719201
0000174913060920130726019028115687
0000174923060920130729019020254203
0000174933060920130740014492005273
0000174943060920130745012898221548
0000174953060920130747013080174568
0000174963060920130748013340720605
0000174973060920130749013375117603
0000174983060920130753020469666271
0000174993060920130753013368683607
0000175003060920130801013348177625
0000175013060920130837012537695897
0000175023060920130848012801628567
0000175033060920130849012413798716
0000175043060920131702012801628567
0000175053060920131705019008788767
0000175063060920131706012537695897
0000175073060920131711012413798716
0000175083060920131712012098256436
0000175093060920131746013348177625
0000175103060920131828014813722276
0000175113060920131852016561215258
0000175123060920131853013015174567
0000175133060920131857013282366603
0000175143060920131858012580778626
0000175153060920131859013223620299
0000175163060920131901012205262353
0000175173060920131902014585442835
0000175183060920131910012866650478
0000175193060920131931017017226737
0000175203060920131933012430750645
0000175213060920132007015971167271
0000175223060920132036018054823768
0000175233070920130635012323040040
0000175243070920130638012805962097
0000175253070920130639018054823768
0000175263070920130639013158042850
0000175273070920130642013393339604
0000175283070920130644012205098138
0000175293070920130650012430750645
0000175303070920130652012020334773
0000175313070920130652013016004606
0000175323070920130654012019979200
0000175333070920130654012319976096
0000175343070920130654012328355066
0000175353070920130654013281185567
0000175363070920130654012363099119
0000175373070920130655012594062547
0000175383070920130655012879773549
0000175393070920130655012490619537
0000175403070920130656012050927365
0000175413070920130656012184420354
0000175423070920130656012701349607
0000175433070920130657019020254203
0000175443070920130658016559102905
0000175453070920130658018221479905
0000175463070920130658012611822621
0000175473070920130658013003689621
0000175483070920130659012205262353
0000175493070920130659013341463622
0000175503070920130700013001901542
0000175513070920130700012514436755
0000175523070920130701012580778626
0000175533070920130702014813722276
0000175543070920130702012477101643
0000175553070920130702012098256436
0000175563070920130705012371544266
0000175573070920130706013044241587
0000175583070920130710012231146209
0000175593070920130710012231146209
0000175603070920130710014585442835
0000175613070920130710012734943567
0000175623070920130711013101611899
0000175633070920130711013337507564
0000175643070920130712017023709736
0000175653070920130712010094962488
0000175663070920130714012537137908
0000175673070920130714012008677348
0000175683070920130719012624503546
0000175693070920130722010614412827
0000175703070920130722012750071587
0000175713070920130727017017226737
0000175723070920130739012456557427
0000175733070920130741012363352817
0000175743070920131839013775780938
0000175753070920131857012956105541
0000175763070920131900012363099119
0000175773070920131900013281185567
0000175783070920131901012363171936
0000175793070920131901012328355066
0000175803070920131901012698827582
0000175813070920131903012805962097
0000175823070920131905012008677348
0000175833070920131906012912871540
0000175843070920131913018221479905
0000175853070920131924012050927365
0000175863070920131928013340720605
0000175873070920131941015971167271
0000175883080920130609012098256436
0000175893080920130624013015174567
0000175903080920130636012559622582
0000175913080920130639012462093267
0000175923080920130645013042840580
0000175933080920130646012664892608
0000175943080920130650012333401038
0000175953080920130651013775780938
0000175963080920130651014585442835
0000175973080920130651012866650478
0000175983080920130652017007888257
0000175993080920130652012538135755
0000176003080920130653012580778626
0000176013080920130653012363171936
0000176023080920130654016559443273
0000176033080920130657019018711759
0000176043080920130657013024399622
0000176053080920130658012750071587
0000176063080920130658015931944277
0000176073080920130658012020334773
0000176083080920130659013023813603
0000176093080920130659012956105541
0000176103080920130659012477101643
0000176113080920130659016873416585
0000176123080920130700012319976096
0000176133080920130702012734943567
0000176143080920130703012698827582
0000176153080920130705012594062547
0000176163080920130706013040688609
0000176173080920130707013101611899
0000176183080920130708013337507564
0000176193080920130708013016004606
0000176203080920130709017023709736
0000176213080920130709012205098138
0000176223080920130710012992819621
0000176233080920130711013044241587
0000176243080920130715013110988622
0000176253080920130715012879773549
0000176263080920130718019008204943
0000176273080920130719012912871540
0000176283080920130720010094962488
0000176293080920130721012323040040
0000176303080920130721013340720605
0000176313080920130722013158042850
0000176323080920130722012701349607
0000176333080920130723013341463622
0000176343080920130729011678204123
0000176353080920130731016559102905
0000176363080920130745012500170243
0000176373080920130753012964126544
0000176383080920130812012948690546
0000176393080920131820014813722276
0000176403080920131901013375117603
0000176413080920131903015931944277
0000176423080920131906013375008561
0000176433080920131908013015174567
0000176443080920131911012205262353
0000176453080920131923012430750645
0000176463080920131929014585442835
0000176473080920131935012866650478
0000176483080920131955018054823768
0000176493090920130600018054823768
0000176503090920130638012363099119
0000176513090920130648012723818197
0000176523090920130649012205262353
0000176533090920130649012205262353
0000176543090920130650012805962097
0000176553090920130650013281185567
0000176563090920130655012050927365
0000176573090920130655012328355066
0000176583090920130655012646880601
0000176593090920130657019035856492
0000176603090920130658012333401038
0000176613090920130658012008677348
0000176623090920130658019018711759
0000176633090920130659012612719581
0000176643090920130700013375008561
0000176653090920130700012580778626
0000176663090920130700014813722276
0000176673090920130700013401848541
0000176683090920130701013335552546
0000176693090920130701012098256436
0000176703090920130702019008204943
0000176713090920130703012761722541
0000176723090920130703016873416585
0000176733090920130706012815191131
0000176743090920130706013310508543
0000176753090920130706013341463622
0000176763090920130707017007888257
0000176773090920130708013080174568
0000176783090920130708018221479905
0000176793090920130709013109731567
0000176803090920130710013024399622
0000176813090920130711012992819621
0000176823090920130714012964126544
0000176833090920130714012477101643
0000176843090920130716012538135755
0000176853090920130716012500170243
0000176863090920130716012500170243
0000176873090920130716013042840580
0000176883090920130717012462093267
0000176893090920130718013375117603
0000176903090920130718012928375548
0000176913090920130719012664892608
0000176923090920130721013248344562
0000176933090920130722012456526580
0000176943090920130728012430750645
0000176953090920130729016559443273
0000176963090920130729012559622582
0000176973090920130750015971167271
0000176983090920130809019008788767
0000176993090920130812013143911548
0000177003090920130813012801628567
0000177013090920130817013348177625
0000177023090920130817012537695897
0000177033090920130850012413798716
0000177043090920131722019008788767
0000177053090920131723012413798716
0000177063090920131730012801628567
0000177073090920131737012537695897
0000177113090920131813012288622123
0000177123090920131841014492005273
0000177133090920131858012698827582
0000177143090920131859012956105541
0000177153090920131900013775780938
0000177163090920131902013281185567
0000177173090920131904012363099119
0000177183090920131905013348177625
0000177193090920131906018221479905
0000177203090920131907012477101643
0000177213090920131908012050927365
0000177223090920131908013078181854
0000177233090920131908012805962097
0000177243090920131911013143911548
0000177253090920131916012328355066
0000177263090920131916012363171936
0000177273090920131923012912871540
0000177283090920131926013340720605
0000177293090920131927019013646452
0000177303090920131939012307071360
0000177313090920131940015971167271
0000177323090920131952013341463622
0000177333090920132008013557802344
0000177343100920130635016561215258
0000177353100920130635013324120623
0000177363100920130642013057168565
0000177373100920130645016559102905
0000177383100920130647012936499560
0000177393100920130652013108773568
0000177403100920130653013775780938
0000177413100920130653013282366603
0000177423100920130653010563286471
0000177433100920130658019013646452
0000177443100920130659016382873463
0000177453100920130700012333477700
0000177463100920130700012288622123
0000177473100920130700012912871540
0000177483100920130701014492005273
0000177493100920130702012386578293
0000177503100920130702013322850608
0000177513100920130702012956105541
0000177523100920130702013078181854
0000177533100920130702020035500934
0000177543100920130703012698827582
0000177553100920130704013015174567
0000177563100920130704013123898546
0000177573100920130705011687628046
0000177583100920130705013352646588
0000177593100920130705012363171936
0000177603100920130706012876146586
0000177613100920130707013281813622
0000177623100920130707012363352817
0000177633100920130708013230041606
0000177643100920130708012866650478
0000177653100920130709013248344562
0000177663100920130716012723818197
0000177673100920130716012456526580
0000177683100920130716013310508543
0000177693100920130716012815191131
0000177703100920130730012612719581
0000177713100920130731013340720605
0000177723100920130732012307071360
0000177733100920130740013401848541
0000177743100920130740013335552546
0000177753100920130745013340555604
0000177763100920130748012761722541
0000177773100920130750010690576568
0000177783100920130753019043562036
0000177793100920130753014419746277
0000177803100920130754012986288563
0000177813100920130754019035856492
0000177823100920130755012928375548
0000177833100920130755013085261604
0000177843100920130757013348177625
0000177853100920130759012646880601
0000177863100920130808013109731567
0000177873100920130814012801628567
0000177883100920130815019008788767
0000177893100920130819012537695897
0000177903100920130836012430762570
0000177913100920130842013143911548
0000177923100920130907012413798716
0000177933100920131700012413798716
0000177943100920131701012537695897
0000177953100920131701019008788767
0000177963100920131701012801628567
0000177973100920131702013143911548
0000177983100920131703013348177625
0000177993100920131804012098256436
0000178003100920131815012599798606
0000178013100920131815012580778626
0000178023100920131828014813722276
0000178033100920131847016561215258
0000178043100920131850014419746277
0000178053100920131850019043562036
0000178063100920131855011678204123
0000178073100920131856012292349576
0000178083100920131857013340555604
0000178093100920131902016559102905
0000178103100920131904012986288563
0000178113100920131904013085261604
0000178123100920131906012430762570
0000178133100920131912012205262353
0000178143100920131913012205262353
0000178153100920131914010690576568
0000178163100920131916010690576568
0000178173100920131920019013677145
0000178183100920131920012948690546
0000178193100920131923013015174567
0000178203100920131923013282366603
0000178213100920131924013375008561
0000178223100920132023013557802344
0000178233110920130619012898221548
0000178243110920130630013281185567
0000178253110920130630012363099119
0000178263110920130637012907889569
0000178273110920130638013054086606
0000178283110920130639019027518257
0000178293110920130644012050927365
0000178303110920130645017014719201
0000178313110920130646010831104454
0000178323110920130647012805962097
0000178333110920130650012328355066
0000178343110920130652012195819652
0000178353110920130656013281813622
0000178363110920130657016382873463
0000178373110920130657012386578293
0000178383110920130657012098256436
0000178393110920130658012580778626
0000178403110920130659013108643583
0000178413110920130700010563286471
0000178423110920130700012219909451
0000178433110920130700012901774603
0000178443110920130700013023523621
0000178453110920130701014813722276
0000178463110920130702012477101643
0000178473110920130702012876146586
0000178483110920130703012429067007
0000178493110920130704013266223623
0000178503110920130706012008677348
0000178513110920130708013324120623
0000178523110920130709012205262353
0000178533110920130709011678204123
0000178543110920130710014492005273
0000178553110920130710013368683607
0000178563110920130710018221479905
0000178573110920130711011687628046
0000178583110920130712019036823792
0000178593110920130712012936499560
0000178603110920130713013123898546
0000178613110920130713012490932707
0000178623110920130714013352646588
0000178633110920130716021079846680
0000178643110920130716012948690546
0000178653110920130716020035500934
0000178663110920130717013230041606
0000178673110920130719012710115567
0000178683110920130719013375008561
0000178693110920130721012599798606
0000178703110920130730020469666271
0000178713110920130749012986288563
0000178723110920130752013348177625
0000178733110920130811012363352817
0000178743110920130818013143911548
0000178753110920130822012413798716
0000178763110920130847012537695897
0000178783110920131700012413798716
0000178793110920131700013143911548
0000178803110920131700013348177625
0000178813110920131700012537695897
0000178823110920131824012288622123
0000178833110920131825012964126544
0000178843110920131838012893025562
0000178853110920131845013775780938
0000178863110920131846013108643583
0000178873110920131854013340720605
0000178883110920131900012328355066
0000178893110920131900014492005273
0000178903110920131900013281185567
0000178913110920131900012363171936
0000178923110920131901013078181854
0000178933110920131903012805962097
0000178943110920131904012050927365
0000178953110920131904012477101643
0000178963110920131906012490932707
0000178973110920131909012912871540
0000178983110920131913012698827582
0000178993110920131915012956105541
0000179003110920131925012008677348
0000179013120920130634016561215258
0000179023120920130634012537137908
0000179033120920130635012434438913
0000179043120920130638010746412220
0000179053120920130640013015174567
0000179063120920130640012231146209
0000179073120920130641013775780938
0000179083120920130643012184420354
0000179093120920130649012611822621
0000179103120920130650012624503546
0000179113120920130653012697536622
0000179123120920130654012307450175
0000179133120920130658012807241567
0000179143120920130658013402189568
0000179153120920130700012456557427
0000179163120920130700013023523621
0000179173120920130700012219909451
0000179183120920130700012901774603
0000179193120920130700012986288563
0000179203120920130701013054086606
0000179213120920130702021079846680
0000179223120920130703013266223623
0000179233120920130703019036823792
0000179243120920130704016559102905
0000179253120920130704012288622123
0000179263120920130704012912871540
0000179273120920130704012845679620
0000179283120920130704017014719201
0000179293120920130705013375117603
0000179303120920130705012893025562
0000179313120920130705020157049145
0000179323120920130707012698827582
0000179333120920130707012195819652
0000179343120920130707012907889569
0000179353120920130708015931944277
0000179363120920130708020737056546
0000179373120920130708020469666271
0000179383120920130709013368683607
0000179393120920130710013282366603
0000179403120920130753013340555604
0000179413120920130754012307071360
0000179423120920130756013223076580
0000179433120920130800019008788767
0000179443120920130803013348177625
0000179453120920130817013003689621
0000179463120920130819012801628567
0000179473120920130820013401848541
0000179483120920130828012413798716
0000179493120920130844012537695897
0000179503120920131705012801628567
0000179513120920131705019008788767
0000179523120920131705012413798716
0000179533120920131705013348177625
0000179543120920131719012537695897
0000179553120920131824014813722276
0000179563120920131826012098256436
0000179573120920131826012580778626
0000179583120920131857012599798606
0000179593120920131900013340555604
0000179603120920131900012496991179
0000179613120920131902016561215258
0000179623120920131902012831502561
0000179633120920131903012948690546
0000179643120920131903012948690546
0000179653120920131903013282366603
0000179663120920131904015931944277
0000179673120920131904013015174567
0000179683120920131909012430750645
0000179693120920131912015101175270
0000179703120920131919012205262353
0000179713120920131922013223620299
0000179723120920131923019013646452
0000179733120920131929013003689621
0000179743120920131938012307071360
0000179753130920130624012323040040
0000179763130920130635012514436755
0000179773130920130636010614412827
0000179783130920130639013337507564
0000179793130920130641013158042850
0000179803130920130642012019979200
0000179813130920130644012363099119
0000179823130920130645012450071042
0000179833130920130650012879773549
0000179843130920130650012328355066
0000179853130920130651013281185567
0000179863130920130653012430762570
0000179873130920130654012050927365
0000179883130920130657013016004606
0000179893130920130658012020334773
0000179903130920130659012098256436
0000179913130920130659012611822621
0000179923130920130659012319976096
0000179933130920130700012580778626
0000179943130920130700020737056546
0000179953130920130701019008204943
0000179963130920130701012307450175
0000179973130920130701012831502561
0000179983130920130702012434438913
0000179993130920130703013375117603
0000180003130920130703012734943567
0000180013130920130703014813722276
0000180023130920130704013401848541
0000180033130920130705020157049145
0000180043130920130705012430750645
0000180053130920130706018221479905
0000180063130920130706012750071587
0000180073130920130706013101611899
0000180083130920130708012008677348
0000180093130920130709013402189568
0000180103130920130709012948690546
0000180113130920130710012537137908
0000180123130920130710019028115687
0000180133130920130710012205262353
0000180143130920130711012456557427
0000180153130920130712013023813603
0000180163130920130714012599798606
0000180173130920130716013223076580
0000180183130920130723019020254203
0000180193130920130726012697536622
0000180203130920130729012477101643
0000180213130920130737012231146209
0000180223130920130741019008788767
0000180233130920130743012701349607
0000180243130920130746012624503546
0000180253130920130801012801628567
0000180263130920130806013143911548
0000180273130920130847012413798716
0000180283130920130923012537695897
0000180293130920130927019019769882
0000180303130920131701012537695897
0000180313130920131703012801628567
0000180323130920131705019008788767
0000180333130920131707012413798716
0000180343130920131825013143911548
0000180353130920131826012288622123
0000180363130920131832019028115687
0000180373130920131848013775780938
0000180383130920131854012701349607
0000180393130920131858013223620299
0000180403130920131859012363099119
0000180413130920131900013281185567
0000180423130920131901012008677348
0000180433130920131901019019769882
0000180443130920131903017017226737
0000180453130920131904013078181854
0000180463130920131908012050927365
0000180473130920131908012477101643
0000180483130920131914012363171936
0000180493130920131915012328355066
0000180503130920131917013340720605
0000180513130920131918012912871540
0000180523130920131920012698827582
0000180533130920131948018054823768
0000180543140920130614013015174567
0000180553140920130625016561215258
0000180563140920130633013042840580
0000180573140920130637013775780938
0000180583140920130641012462093267
0000180593140920130641012538135755
0000180603140920130642013023813603
0000180613140920130642014585442835
0000180623140920130650018054823768
0000180633140920130651012205098138
0000180643140920130651012019979200
0000180653140920130651013393339604
0000180663140920130651013080174568
0000180673140920130654013282366603
0000180683140920130655012992819621
0000180693140920130658012664892608
0000180703140920130658013020335603
0000180713140920130700012734943567
0000180723140920130700012319976096
0000180733140920130700012020334773
0000180743140920130700012750071587
0000180753140920130700010094962488
0000180763140920130700013337507564
0000180773140920130700013101611899
0000180783140920130701017023709736
0000180793140920130701012371544266
0000180803140920130701013078181854
0000180813140920130701012866650478
0000180823140920130701012594062547
0000180833140920130702012514436755
0000180843140920130702013158042850
0000180853140920130703012698827582
0000180863140920130703013024837131
0000180873140920130704012500170243
0000180883140920130704013044241587
0000180893140920130706013033365581
0000180903140920130706012363171936
0000180913140920130707016559443273
0000180923140920130708013024399622
0000180933140920130708013340720605
0000180943140920130709019020254203
0000180953140920130710013016004606
0000180963140920130713012912871540
0000180973140920130717012288622123
0000180983140920130719012879773549
0000180993140920130719015971167271
0000181003140920130719010852235647
0000181013140920130723012323040040
0000181023140920130724010614412827
0000181033140920130726017017226737
0000181043140920130750012430762570
0000181053140920130917012831502561
0000181063140920131829014813722276
0000181073140920131900012462093267
0000181083140920131916015971167271
0000181093140920131916012430750645
0000181103140920131916012205262353
0000181113140920131917012948690546
0000181123140920131919013015174567
0000181133140920132000016561215258
0000181143150920130629012283119229
0000181153150920130634012184420354
0000181163150920130634013775780938
0000181173150920130646017007888257
0000181183150920130647016873416585
0000181193150920130647012477101643
0000181203150920130647018221479905
0000181213150920130650012831502561
0000181223150920130650014813722276
0000181233150920130651012328355066
0000181243150920130651013282366603
0000181253150920130653012008677348
0000181263150920130655012646880601
0000181273150920130655012050927365
0000181283150920130656013080174568
0000181293150920130657012363099119
0000181303150920130658013281185567
0000181313150920130700012664892608
0000181323150920130700012205262353
0000181333150920130701013044241587
0000181343150920130701014585442835
0000181353150920130701013024837131
0000181363150920130701012594062547
0000181373150920130702013322850608
0000181383150920130702013393339604
0000181393150920130703012333401038
0000181403150920130703013393339604
0000181413150920130703012490619537
0000181423150920130705012205098138
0000181433150920130706017023709736
0000181443150920130707012456526580
0000181453150920130707012538135755
0000181463150920130707012992819621
0000181473150920130709012948690546
0000181483150920130711013024399622
0000181493150920130712012430750645
0000181503150920130712012724154543
0000181513150920130712013042840580
0000181523150920130713012500170243
0000181533150920130714013109731567
0000181543150920130717015931944277
0000181553150920130723011678204123
0000181563150920130734016559443273
0000181573150920130744013340555604
0000181583150920131024013248344562
0000181593150920131807018054823768
0000181603150920131809012288622123
0000181613150920131842013340720605
0000181623150920131847012956105541
0000181633150920131854012363171936
0000181643150920131855013340555604
0000181653150920131855015931944277
0000181663150920131858012328355066
0000181673150920131859013281185567
0000181683150920131859012363099119
0000181693150920131900013393339604
0000181703150920131900012008677348
0000181713150920131903013040688609
0000181723150920131911012912871540
0000181733150920131911013078181854
0000181743150920131912012050927365
0000181753150920131913012477101643
0000181763150920131915012184420354
0000181773150920131921013230041606
0000181783150920131923013388088542
0000181793160920130627012956105541
0000181803160920130633013282366603
0000181813160920130633010563286471
0000181823160920130636016561215258
0000181833160920130636013015174567
0000181843160920130639013057168565
0000181853160920130641012936499560
0000181863160920130643020035500934
0000181873160920130643011687628046
0000181883160920130647013775780938
0000181893160920130648013108773568
0000181903160920130657013040688609
0000181913160920130658012928375548
0000181923160920130659012876146586
0000181933160920130700012866650478
0000181943160920130700017007888257
0000181953160920130701013388088542
0000181963160920130701016873416585
0000181973160920130701012363171936
0000181983160920130702010614412827
0000181993160920130702012912871540
0000182003160920130703013078181854
0000182013160920130705012231146209
0000182023160920130706016559102905
0000182033160920130708016382873463
0000182043160920130709012386578293
0000182053160920130709012490619537
0000182063160920130710013109731567
0000182073160920130710013123898546
0000182083160920130711013322850608
0000182093160920130713011678204123
0000182103160920130713013080174568
0000182113160920130714012646880601
0000182123160920130714012895308545
0000182133160920130716012288622123
0000182143160920130716018054823768
0000182153160920130716012723818197
0000182163160920130717012333401038
0000182173160920130719013340720605
0000182183160920130719013248344562
0000182193160920130719012815191131
0000182203160920130720013341463622
0000182213160920130729013281813622
0000182223160920130734012456526580
0000182233160920130736015971167271
0000182243160920130746012761722541
0000182253160920130747019008788767
0000182263160920130748012612719581
0000182273160920130802012801628567
0000182283160920130810013143911548
0000182293160920130813013348177625
0000182303160920130913012537695897
0000188363160920131700019008788767
0000188373160920131700012537695897
0000188383160920131700012801628567
0000188393160920131723013143911548
0000188403160920131724013348177625
0000188413160920131811012599798606
0000188423160920131814012580778626
0000188433160920131814012098256436
0000188443160920131840014813722276
0000188453160920131843012948690546
0000188463160920131852016561215258
0000188473160920131853012205262353
0000188483160920131853013282366603
0000188493160920131854012866650478
0000188503160920131856013015174567
0000188513160920131930015971167271
0000188523160920131940013341463622
0000188533170920130631019027518257
0000188543170920130641013054086606
0000188553170920130641012898221548
0000188563170920130643012363099119
0000188573170920130645010831104454
0000188583170920130646012893025562
0000188593170920130648013281185567
0000188603170920130650017014719201
0000188613170920130650012333477700
0000188623170920130651012205262353
0000188633170920130653012328355066
0000188643170920130658012805962097
0000188653170920130658012845679620
0000188663170920130659012050927365
0000188673170920130659013352646588
0000188683170920130700012580778626
0000188693170920130700012008677348
0000188703170920130701012098256436
0000188713170920130701016382873463
0000188723170920130702012876146586
0000188733170920130703020035500934
0000188743170920130704012831502561
0000188753170920130704018221479905
0000188763170920130704012477101643
0000188773170920130705014813722276
0000188783170920130705010563286471
0000188793170920130707012195819652
0000188803170920130708014492005273
0000188813170920130709019036823792
0000188823170920130710012948690546
0000188833170920130710012928375548
0000188843170920130712010614412827
0000188853170920130712011687628046
0000188863170920130714012599798606
0000188873170920130719020469666271
0000188883170920130721021079846680
0000188893170920130721013368683607
0000188903170920130724012936499560
0000188913170920130725013057168565
0000188923170920130725013123898546
0000188933170920130734012986288563
0000188943170920130734013108773568
0000188953170920130737013340555604
0000188963170920130738013223076580
0000188973170920130741012386578293
0000188983170920130746014419746277
0000188993170920130746019043562036
0000189003170920130747012612719581
0000189013170920130749013085261604
0000189023170920130749013348177625
0000189033170920130753010690576568
0000189043170920130803013230041606
0000189053170920130807012231146209
0000189063170920130807012231146209
0000189073170920130813012901774603
0000189083170920130813013023523621
0000189093170920130815012537695897
0000189103170920130815013143911548
0000189113170920130832012413798716
0000189123170920130840012801628567
0000189133170920130947012430762570
0000189143170920131050019008788767
0000189153170920131646012801628567
0000189163170920131656019008788767
0000189173170920131705012537695897
0000189183170920131710012413798716
0000189193170920131712013348177625
0000189203170920131712013143911548
0000189213170920131748012288622123
0000189223170920131840013775780938
0000189233170920131842011678204123
0000189243170920131849012698827582
0000189253170920131849013340555604
0000189263170920131852012956105541
0000189273170920131852013085261604
0000189283170920131854012986288563
0000189293170920131857018221479905
0000189303170920131858012363171936
0000189313170920131900013281185567
0000189323170920131900012008677348
0000189333170920131900014419746277
0000189343170920131900019043562036
0000189353170920131900012363099119
0000189363170920131901013340720605
0000189373170920131901012050927365
0000189383170920131901012477101643
0000189393170920131903012805962097
0000189403170920131906012292349576
0000189413170920131908013078181854
0000189423170920131910012912871540
0000189433170920131917012430762570
0000189443170920131934010690576568
0000189453170920131936021079846680
0000189463170920131946013375008561
0000189473170920132004013557802344
0000189483180920130620016559102905
0000189493180920130621012866650478
0000189503180920130632016561215258
0000189513180920130642012907889569
0000189523180920130645012912871540
0000189533180920130648013775780938
0000189543180920130648013402189568
0000189553180920130649012371544266
0000189563180920130651012624503546
0000189573180920130652020737056546
0000189583180920130652016328907177
0000189593180920130652012611822621
0000189603180920130653019027518257
0000189613180920130653013282366603
0000189623180920130653012898221548
0000189633180920130654012456557427
0000189643180920130655010831104454
0000189653180920130657013015174567
0000189663180920130659013003689621
0000189673180920130700013023523621
0000189683180920130700012288622123
0000189693180920130700012845679620
0000189703180920130702012219909451
0000189713180920130702019036823792
0000189723180920130703012333477700
0000189733180920130704012195819652
0000189743180920130704013266223623
0000189753180920130704012710115567
0000189763180920130705013352646588
0000189773180920130705012363171936
0000189783180920130705012956105541
0000189793180920130706013223076580
0000189803180920130706013078181854
0000189813180920130706013054086606
0000189823180920130707013340720605
0000189833180920130707012363352817
0000189843180920130707012901774603
0000189853180920130707012697536622
0000189863180920130708012698827582
0000189873180920130709012429067007
0000189883180920130710012893025562
0000189893180920130712013401848541
0000189903180920130716019008204943
0000189913180920130717017014719201
0000189923180920130717019013677145
0000189933180920130720013108643583
0000189943180920130722012490932707
0000189953180920130727014492005273
0000189963180920130727020469666271
0000189973180920130727013368683607
0000189983180920130728013557802344
0000189993180920130735012986288563
0000190003180920130744013282398602
0000190013180920130751013348177625
0000190023180920130814013375008561
0000190033180920130819012801628567
0000190043180920130819012413798716
0000190053180920130850012537695897
