0000309353261220131705013143911548
0000309363261220131706013348177625
0000309373261220131714012801628567
0000309383261220131844018054823768
0000309393261220131845012698827582
0000309403261220131849012580778626
0000309413261220131859012477101643
0000309423261220131900013340555604
0000309433261220131900013281185567
0000309443261220131900012807241567
0000309453261220131900012288622123
0000309463261220131901018221479905
0000309473261220131901012805962097
0000309483261220131902012050927365
0000309493261220131904012307071360
0000309503261220131905012328355066
0000309513261220131906012363099119
0000309523261220131910012956105541
0000309533261220131913012008677348
0000309543261220131923012413798716
0000309553261220131940013375117603
0000309563261220131949013223620299
0000309573271220130610018054823768
0000309583271220130619010614412827
0000309593271220130621013015174567
0000309603271220130621020035500934
0000309613271220130622012514436755
0000309623271220130632012724154543
0000309633271220130634012537662166
0000309643271220130639010563286471
0000309653271220130639012936499560
0000309663271220130641016559102905
0000309673271220130643012019979200
0000309683271220130652011687628046
0000309693271220130653016561215258
0000309703271220130656013282366603
0000309713271220130657013108773568
0000309723271220130658012386578293
0000309733271220130658012723818197
0000309743271220130700012333477700
0000309753271220130701012363352817
0000309763271220130703012288622123
0000309773271220130704013123898546
0000309783271220130705026724104090
0000309793271220130705013281813622
0000309803271220130706013230041606
0000309813271220130707012698827582
0000309823271220130707012477101643
0000309833271220130707012490619537
0000309843271220130707019028115687
0000309853271220130707013348982609
0000309863271220130709012956105541
0000309873271220130709013223076580
0000309883271220130710012866650478
0000309893271220130710012434438913
0000309903271220130710012876146586
0000309913271220130710012580778626
0000309923271220130710012492412522
0000309933271220130712012815191131
0000309943271220130716013310508543
0000309953271220130718013109731567
0000309963271220130721013388132584
0000309973271220130726012283119229
0000309983271220130726013237415420
0000309993271220130727013057168565
0000310003271220130736012430762570
0000310013271220130736012430762570
0000310023271220130754019020254203
0000310033271220130758013348177625
0000310043271220130803012801628567
0000310053271220130841012413798716
0000310063271220130907013143911548
0000310073271220131007019019769882
0000310083271220131717012801628567
0000310093271220131727013348177625
0000310103271220131727013143911548
0000310113271220131806018054823768
0000310123271220131842012866873434
0000310133271220131846012098256436
0000310143271220131849012413798716
0000310153271220131851014813722276
0000310163271220131852016559102905
0000310173271220131852012831502561
0000310183271220131857013223620299
0000310193271220131900012912871540
0000310203271220131900016561215258
0000310213271220131901013015174567
0000310223271220131901012496991179
0000310233271220131907012866650478
0000310243271220131908012430750645
0000310253271220131912017017226737
0000310263271220131943026724104090
0000310273281220130612018054823768
0000310283281220130631012195819652
0000310293281220130633012805962097
0000310303281220130635012205098138
0000310313281220130640010605420464
0000310323281220130641020774970167
0000310333281220130644013054086606
0000310343281220130645010094962488
0000310353281220130646012594062547
0000310363281220130647012019979200
0000310373281220130647012363099119
0000310383281220130648012050927365
0000310393281220130650014492005273
0000310403281220130650013281185567
0000310413281220130651019027518257
0000310423281220130653012845679620
0000310433281220130654012893025562
0000310443281220130657020469666271
0000310453281220130700012912871540
0000310463281220130700013108773568
0000310473281220130700013023523621
0000310483281220130700012901774603
0000310493281220130700012866873434
0000310503281220130701013281813622
0000310513281220130701014813722276
0000310523281220130702012831502561
0000310533281220130702012430750645
0000310543281220130702018221479905
0000310553281220130703019020254203
0000310563281220130703013024837131
0000310573281220130704019036823792
0000310583281220130707012008677348
0000310593281220130709011687628046
0000310603281220130709013123898546
0000310613281220130710013368683607
0000310623281220130710013057168565
0000310633281220130711020035500934
0000310643281220130711012386578293
0000310653281220130715012328355066
0000310663281220130716012514436755
0000310673281220130717012537662166
0000310683281220130719012876146586
0000310693281220130719013237415420
0000310703281220130720012363352817
0000310713281220130720012936499560
0000310723281220130721017017226737
0000310733281220130723010563286471
0000310743281220130726010614412827
0000310753281220130732012098256436
0000310763281220131845012698827582
0000310773281220131850013340720605
0000310783281220131851012288622123
0000310793281220131858012580778626
0000310803281220131901012805962097
0000310813281220131901012050927365
0000310823281220131902018221479905
0000310833281220131902012328355066
0000310843281220131904012477101643
0000310853281220131904012537662166
0000310863281220131904013281185567
0000310873281220131905012363099119
0000310883281220131915012008677348
0000310893281220131923012956105541
0000310903281220131948010831104454
0000310913291220130620013015174567
0000310923291220130627013282366603
0000310933291220130634012184420354
0000310943291220130644012537137908
0000310953291220130645016873416585
0000310963291220130648012611822621
0000310973291220130651020737056546
0000310983291220130651016328907177
0000310993291220130654012371544266
0000311003291220130654013001901542
0000311013291220130655010852235647
0000311023291220130655012231146209
0000311033291220130656012898133584
0000311043291220130658013402189568
0000311053291220130658016561215258
0000311063291220130659016559102905
0000311073291220130700012205098138
0000311083291220130700012477101643
0000311093291220130700012580778626
0000311103291220130700012288622123
0000311113291220130701012698827582
0000311123291220130702013054086606
0000311133291220130702010831104454
0000311143291220130702019027518257
0000311153291220130702012901774603
0000311163291220130703013023523621
0000311173291220130703013401848541
0000311183291220130705012594062547
0000311193291220130706012845679620
0000311203291220130707012624503546
0000311213291220130709012956105541
0000311223291220130709013003689621
0000311233291220130709013368683607
0000311243291220130711017007888257
0000311253291220130711019036823792
0000311263291220130717012893025562
0000311273291220130718013024837131
0000311283291220130722010094962488
0000311293291220130724020469666271
0000311303291220130725013110988622
0000311313291220130731011678204123
0000311323291220130733020774970167
0000311333291220130736010605420464
0000311343291220130749013340720605
0000311353291220131845012866873434
0000311363291220131845012098256436
0000311373291220131850014813722276
0000311383291220131854013282366603
0000311393291220131854012456557427
0000311403291220131857012831502561
0000311413291220131900013388088542
0000311423291220131908016561215258
0000311433291220131909013015174567
0000311443291220131911012912871540
0000311453291220131918012430750645
0000311463301220130635012363099119
0000311473301220130638012805962097
0000311483301220130642012050927365
0000311493301220130646012928375548
0000311503301220130646012323040040
0000311513301220130647012328355066
0000311523301220130647018221479905
0000311533301220130647012319976096
0000311543301220130647013158042850
0000311553301220130648012879773549
0000311563301220130648012734943567
0000311573301220130649013281185567
0000311583301220130653012380739570
0000311593301220130653013110988622
0000311603301220130658014813722276
0000311613301220130658012912871540
0000311623301220130658013003689621
0000311633301220130658020737056546
0000311643301220130659016328907177
0000311653301220130659012831502561
0000311663301220130700012866873434
0000311673301220130700016873416585
0000311683301220130700016873416585
0000311693301220130701019035856492
0000311703301220130701012184420354
0000311713301220130701012098256436
0000311723301220130703012750071587
0000311733301220130703013023813603
0000311743301220130706012611822621
0000311753301220130707013401848541
0000311763301220130708013335552546
0000311773301220130709012008677348
0000311783301220130710012456557427
0000311793301220130711012898133584
0000311803301220130712012697536622
0000311813301220130712013101611899
0000311823301220130713017007888257
0000311833301220130714013337507564
0000311843301220130714012612719581
0000311853301220130716013001901542
0000311863301220130716013311938584
0000311873301220130717013402189568
0000311883301220130720012430750645
0000311893301220130722012371544266
0000311903301220130722012537137908
0000311913301220130722012624503546
0000311923301220130723019013677145
0000311933301220130724011678204123
0000311943301220130724012231146209
0000311953301220130730012231146209
0000311963301220130738018054823768
0000311973301220130748012801628567
0000311983301220130828013348177625
0000311993301220130925012413798716
0000312003301220131611012801628567
0000312013301220131700012413798716
0000312023301220131705013348177625
0000312033301220131843013340720605
0000312043301220131844010563286471
0000312053301220131844012288622123
0000312063301220131845012698827582
0000312073301220131846011678204123
0000312083301220131854012580778626
0000312093301220131855012956105541
0000312103301220131855012477101643
0000312113301220131858012328355066
0000312123301220131900013281185567
0000312133301220131904018221479905
0000312143301220131905012363099119
0000312153301220131906012050927365
0000312163301220131907012805962097
0000312173301220131914019013646452
0000312183301220131918013335552546
0000312193301220131921012008677348
0000312203301220131926018054823768
0000312213301220131926012701349607
0000312223301220131938013311938584
0000312233311220130625012434438913
0000312243311220130627013042840580
0000312253311220130637013348982609
0000312263311220130638013015174567
0000312273311220130643012537662166
0000312283311220130643016559443273
0000312293311220130644012907889569
0000312303311220130648012462093267
0000312313311220130649013324120623
0000312323311220130649016561215258
0000312333311220130650016559102905
0000312343311220130700012956105541
0000312353311220130700013337507564
0000312363311220130700012380739570
0000312373311220130700012477101643
0000312383311220130701012319976096
0000312393311220130701012750071587
0000312403311220130701012288622123
0000312413311220130702012698827582
0000312423311220130702012449967518
0000312433311220130703013282366603
0000312443311220130703012210531197
0000312453311220130704013101611899
0000312463311220130705013158042850
0000312473311220130707013340720605
0000312483311220130711012490619537
0000312493311220130711012879773549
0000312503311220130712012559622582
0000312513311220130713012559622582
0000312523311220130714012612719581
0000312533311220130717019013646452
0000312543311220130719014419746277
0000312553311220130719019043562036
0000312563311220130721011678204123
0000312573311220130722012323040040
0000312583311220130732012992819621
0000312593311220130733012701349607
0000312603311220130741012500170243
0000312613311220130753010690576568
0000312623311220130755012928375548
0000312633311220130755012928375548
0000312643311220130802019035856492
0000312653311220130809012801628567
0000312663311220130840013348177625
0000312673311220130843012413798716
0000312683311220131119013348177625
0000312693311220131502012801628567
0000312703311220131727019043562036
0000312713311220131727014419746277
0000312723311220131846012866873434
0000312733311220131847012098256436
0000312743311220131852014813722276
0000312753311220131853016561215258
0000312763311220131854013015174567
0000312773311220131855013282366603
0000312783311220131857012912871540
0000312793311220131858012831502561
0000312803311220131900012496991179
0000312813311220131903013348982609
0000312823311220131917010690576568
0000312833311220132009012430750645
0000312843010120140557013324120623
0000312853010120140634012805962097
0000312863010120140653012724154543
0000312873010120140653018221479905
0000312883010120140654013348982609
0000312893010120140657012449967518
0000312903010120140658012710115567
0000312913010120140700012219909451
0000312923010120140700012434438913
0000312933010120140702012328355066
0000312943010120140702014813722276
0000312953010120140702012050927365
0000312963010120140703012500170243
0000312973010120140704012912871540
0000312983010120140706013042840580
0000312993010120140707013266223623
0000313003010120140709012098256436
0000313013010120140709012430750645
0000313023010120140709013080174568
0000313033010120140711019013677145
0000313043010120140712012815191131
0000313053010120140712012831502561
0000313063010120140713012008677348
0000313073010120140716012992819621
0000313083010120140724012462093267
0000313093010120140724012462093267
0000313103010120140724012866873434
0000313113010120140725010746412220
0000313123010120140725012429067007
0000313133010120140725012429067007
0000313143010120140727012907889569
0000313153010120140728016559443273
0000313163010120140729012490619537
0000313173010120140731013281185567
0000313183010120140743013310508543
0000313193010120140827012490932707
0000313203010120141844012698827582
0000313213010120141849013388132584
0000313223010120141851012288622123
0000313233010120141854012050927365
0000313243010120141856012580778626
0000313253010120141900013281185567
0000313263010120141901012490932707
0000313273010120141902012328355066
0000313283010120141903018221479905
0000313293010120141904012477101643
0000313303010120141907012805962097
0000313313010120141911012008677348
0000313323010120141912013340720605
0000313333010120141928012807241567
0000313343010120141935012956105541
0000313353020120140630013015174567
0000313363020120140631010563286471
0000313373020120140633012936499560
0000313383020120140633016382873463
0000313393020120140634012537662166
0000313403020120140634020035500934
0000313413020120140638012537137908
0000313423020120140641012386578293
0000313433020120140642012895308545
0000313443020120140643013282366603
0000313453020120140644012876146586
0000313463020120140645012333477700
0000313473020120140648012307071360
0000313483020120140653013352646588
0000313493020120140653016561215258
0000313503020120140656016559102905
0000313513020120140700012580778626
0000313523020120140700012477101643
0000313533020120140701012956105541
0000313543020120140701011687628046
0000313553020120140701013108773568
0000313563020120140703012698827582
0000313573020120140704013340720605
0000313583020120140706013223076580
0000313593020120140709012724154543
0000313603020120140710013266223623
0000313613020120140710012710115567
0000313623020120140710012363352817
0000313633020120140711013123898546
0000313643020120140713013230041606
0000313653020120140713012866650478
0000313663020120140714012219909451
0000313673020120140715013282398602
0000313683020120140717012288622123
0000313693020120140719013340555604
0000313703020120140721013348982609
0000313713020120140722013310508543
0000313723020120140722012492412522
0000313733020120140724013388132584
0000313743020120140730010746412220
0000313753020120140730012815191131
0000313763020120140741013080174568
0000313773020120140746013348177625
0000313783020120140800019008788767
0000313793020120140801012801628567
0000313803020120140828012413798716
0000313813020120140839013143911548
0000313823020120141702012801628567
0000313833020120141737019008788767
0000313843020120141742018054823768
0000313853020120141831012866873434
0000313863020120141848012098256436
0000313873020120141850014813722276
0000313883020120141851016561215258
0000313893020120141856013340555604
0000313903020120141857012831502561
0000313913020120141901012912871540
0000313923020120141913012307071360
0000313933020120141921012866650478
0000313943020120141922012496991179
0000313953020120141923012807241567
0000313963030120141713013348177625
0000313973030120141728012801628567
0000313983030120141748018054823768
0000313993030120141755012413798716
0000314003030120141846012698827582
0000314013030120141851013340720605
0000314023030120141851012580778626
0000314033030120141853019028115687
0000314043030120141856012956105541
0000314053030120141858019019769882
0000314063030120141900012363099119
0000314073030120141902012050927365
0000314083030120141902013281185567
0000314093030120141904012805962097
0000314103030120141907012328355066
0000314113030120141910012008677348
0000314123030120141912017017226737
0000314133040120140630013015174567
0000314143040120140639010094962488
0000314153040120140643012184420354
0000314163040120140648020774970167
0000314173040120140649016561215258
0000314183040120140649013023523621
0000314193040120140650012611822621
0000314203040120140651012594062547
0000314213040120140653013003689621
0000314223040120140654013388132584
0000314233040120140654012624503546
0000314243040120140654016328907177
0000314253040120140655012019979200
0000314263040120140658012956105541
0000314273040120140659012205098138
0000314283040120140700012514436755
0000314293040120140700012580778626
0000314303040120140702013024837131
0000314313040120140702012288622123
0000314323040120140704010852235647
0000314333040120140708013054086606
0000314343040120140709019020254203
0000314353040120140709019036823792
0000314363040120140709013282366603
0000314373040120140709012866650478
0000314383040120140710017017226737
0000314393040120140711012698827582
0000314403040120140720019027518257
0000314413040120140732010831104454
0000314423040120140733020469666271
0000314433040120140733013368683607
0000314443040120140751012195819652
0000314453040120140751010614412827
0000314463040120140815013237415420
0000314473040120141010012537662166
0000314483040120141033013020335603
0000314493040120141834012866873434
0000314503040120141845013282366603
0000314513040120141850012831502561
0000314523040120141855014813722276
0000314533040120141857013402189568
0000314543040120141900012496991179
0000314553040120141902012912871540
0000314563040120141903012815191131
0000314573040120141904013015174567
0000314583040120141904016561215258
0000314593040120141910013020335603
0000314603040120141910013020335603
0000314613040120141911012866650478
0000314623040120141940012430750645
0000314633050120140644013158042850
0000314643050120140646012363099119
0000314653050120140647016873416585
0000314663050120140648013016004606
0000314673050120140648012805962097
0000314683050120140649013281185567
0000314693050120140649012380739570
0000314703050120140650013337507564
0000314713050120140653012734943567
0000314723050120140654012050927365
0000314733050120140700012205098138
0000314743050120140700012912871540
0000314753050120140700014813722276
0000314763050120140700012319976096
0000314773050120140700012611822621
0000314783050120140701012831502561
0000314793050120140701012328355066
0000314803050120140701017007888257
0000314813050120140701012430750645
0000314823050120140702013024837131
0000314833050120140703013402189568
0000314843050120140705013101611899
0000314853050120140708020774970167
0000314863050120140709014660472279
0000314873050120140710012098256436
0000314883050120140711013003689621
0000314893050120140712012008677348
0000314903050120140712012697536622
0000314913050120140714013388132584
0000314923050120140715012537662166
0000314933050120140716016328907177
0000314943050120140719012594062547
0000314953050120140719012386578293
0000314963050120140719013110988622
0000314973050120140720013040688609
0000314983050120140720012184420354
0000314993050120140723012624503546
0000315003050120140728012866873434
0000315013050120140730012701349607
0000315023050120140733012231146209
0000315033050120140738010094962488
0000315043050120140740011678204123
0000315053050120141839012698827582
0000315063050120141849012580778626
0000315073050120141851013340720605
0000315083050120141855012815191131
0000315093050120141856012328355066
0000315103050120141901012050927365
0000315113050120141903014660472279
0000315123050120141906013281185567
0000315133050120141908018221479905
0000315143050120141908018221479905
0000315153050120141909012956105541
0000315163050120141909013388088542
0000315173050120141910012805962097
0000315183050120141917012008677348
0000315193050120141925013375117603
0000315203050120141938012333477700
0000315213050120141938016873416585
0000315223060120140629010563286471
0000315233060120140636013015174567
0000315243060120140647012462093267
0000315253060120140648012559622582
0000315263060120140648012559622582
0000315273060120140648013282366603
0000315283060120140649012928375548
0000315293060120140649013020335603
0000315303060120140653016561215258
0000315313060120140653018221479905
0000315323060120140656019035856492
0000315333060120140659013401848541
0000315343060120140659012956105541
0000315353060120140700013101611899
0000315363060120140700013337507564
0000315373060120140700012319976096
0000315383060120140700013340720605
0000315393060120140701012323040040
0000315403060120140701012449967518
0000315413060120140701012386578293
0000315423060120140703017007888257
0000315433060120140703013023813603
0000315443060120140706015971167271
0000315453060120140706012734943567
0000315463060120140708013158042850
0000315473060120140709013024399622
0000315483060120140709013388088542
0000315493060120140709012698827582
0000315503060120140709013110988622
0000315513060120140710013335552546
0000315523060120140711013311938584
0000315533060120140714012701349607
0000315543060120140714012500170243
0000315553060120140714012992819621
0000315563060120140716012866650478
0000315573060120140716012333477700
0000315583060120140724012380739570
0000315593060120140724013016004606
0000315603060120140724018054823768
0000315613060120140726012612719581
0000315623060120140728012496991179
0000315633060120140733019013677145
0000315643060120140735019020254203
0000315653060120140756019008788767
0000315663060120140816012801628567
0000315673060120140836012413798716
0000315683060120140847013143911548
0000315693060120140851013348177625
0000315703060120141721019008788767
0000315713060120141733012801628567
0000315723060120141810013143911548
0000315733060120141811013348177625
0000315743060120141841012413798716
0000315753060120141856012866873434
0000315763060120141858014813722276
0000315773060120141900012496991179
0000315783060120141907013230041606
0000315793060120141910012831502561
0000315803060120141912012866650478
0000315813060120141912016561215258
0000315823060120141912013015174567
0000315833060120141912013015174567
0000315843060120141914012912871540
0000315853060120141916019013677145
0000315863060120141918018054823768
0000315873060120141920013024399622
0000315883060120141935011678204123
0000315893060120141938012430750645
0000315903060120141942013311938584
0000315913060120141951012205262353
0000315923070120140642012805962097
0000315933070120140643012328355066
0000315943070120140644013388132584
0000315953070120140646012363099119
0000315963070120140648013080174568
0000315973070120140649012761722541
0000315983070120140649012283119229
0000315993070120140651012050927365
0000316003070120140651010746412220
0000316013070120140652013324120623
0000316023070120140652012724154543
0000316033070120140653013352646588
0000316043070120140653013281185567
0000316053070120140654012205262353
0000316063070120140656013310508543
0000316073070120140656014813722276
0000316083070120140657012490619537
0000316093070120140657013348982609
0000316103070120140657013282366603
0000316113070120140701012912871540
0000316123070120140706012449967518
0000316133070120140709014419746277
0000316143070120140710019043562036
0000316153070120140711013109731567
0000316163070120140711013230041606
0000316173070120140712012500170243
0000316183070120140712012831502561
0000316193070120140714019018711759
0000316203070120140721012462093267
0000316213070120140721012612719581
0000316223070120140725012674856604
0000316233070120140726012866873434
0000316243070120140726012723818197
0000316253070120140727012430750645
0000316263070120140728012928375548
0000316273070120140731012815191131
0000316283070120140733012559622582
0000316293070120140743013401848541
0000316303070120140743013335552546
0000316313070120140751012992819621
0000316323070120140753019008788767
0000316333070120140757011678204123
0000316343070120140802012801628567
0000316353070120140803013348177625
0000316363070120140812010690576568
0000316373070120140815019035856492
0000316383070120140843012413798716
0000316393070120140844013143911548
0000316403070120141712012801628567
0000316413070120141735012413798716
0000316423070120141750013143911548
0000316433070120141752013348177625
0000316443070120141845013340720605
0000316453070120141847012288622123
0000316463070120141852012580778626
0000316473070120141854019043562036
0000316483070120141854015931944277
0000316493070120141854014419746277
0000316503070120141858012477101643
0000316513070120141901013281185567
0000316523070120141901012328355066
0000316533070120141903012363099119
0000316543070120141907018221479905
0000316553070120141908012008677348
0000316563070120141911012956105541
0000316573070120141912012805962097
0000316583070120141917012050927365
0000316593070120141933012430762570
0000316603070120141942012698827582
0000316613070120142002010690576568
0000316623080120140628016382873463
0000316633080120140628012537662166
0000316643080120140628020035500934
0000316653080120140631016561215258
0000316663080120140633013015174567
0000316673080120140633010563286471
0000316683080120140636012936499560
0000316693080120140643012907889569
0000316703080120140647012219909451
0000316713080120140649013282366603
0000316723080120140650016559102905
0000316733080120140655012876146586
0000316743080120140657010746412220
0000316753080120140658012386578293
0000316763080120140659012283119229
0000316773080120140700015931944277
0000316783080120140700012288622123
0000316793080120140700012477101643
0000316803080120140700012956105541
0000316813080120140702012895308545
0000316823080120140703012580778626
0000316833080120140703011687628046
0000316843080120140703013340720605
0000316853080120140703013324120623
0000316863080120140703012429067007
0000316873080120140704012698827582
0000316883080120140704012866650478
0000316893080120140705013230041606
0000316903080120140707013108773568
0000316913080120140708013282398602
0000316923080120140709012363352817
0000316933080120140710013109731567
0000316943080120140710013348982609
0000316953080120140710013348982609
0000316963080120140710012710115567
0000316973080120140710012710115567
0000316983080120140711013281813622
0000316993080120140713012490619537
0000317003080120140715013057168565
0000317013080120140716012723818197
0000317023080120140718013266223623
0000317033080120140722013388132584
0000317043080120140725013080174568
0000317053080120140725012815191131
0000317063080120140728013352646588
0000317073080120140737012761722541
0000317083080120140756013348177625
0000317093080120140758019008788767
0000317103080120140759012801628567
0000317113080120140839013143911548
0000317123080120141724013348177625
0000317133080120141727013143911548
0000317143080120141737012801628567
0000317153080120141843012866873434
0000317163080120141844012098256436
0000317173080120141856014813722276
0000317183080120141856012831502561
0000317193080120141900013282366603
0000317203080120141902012912871540
0000317213080120141902012866650478
0000317223080120141902016561215258
0000317233080120141903013015174567
0000317243080120141915012496991179
0000317253080120141929012205262353
0000317263080120141948012430750645
0000317273090120140628010094962488
0000317283090120140635012434438913
0000317293090120140637019027518257
0000317303090120140639017014719201
0000317313090120140640013054086606
0000317323090120140642012805962097
0000317333090120140642012195819652
0000317343090120140642019036823792
0000317353090120140645012205262353
0000317363090120140646010831104454
0000317373090120140650012050927365
0000317383090120140651012893025562
0000317393090120140652012363099119
0000317403090120140654018221479905
0000317413090120140655012901774603
0000317423090120140655013023523621
0000317433090120140657012328355066
0000317443090120140658012895308545
0000317453090120140659020469666271
0000317463090120140700012912871540
0000317473090120140700014813722276
0000317483090120140700012098256436
0000317493090120140700012537662166
0000317503090120140701012866873434
0000317513090120140701016382873463
0000317523090120140701013281813622
0000317533090120140702012333477700
0000317543090120140703012866650478
0000317553090120140705013223076580
0000317563090120140709012219909451
0000317573090120140709012845679620
0000317583090120140709013282398602
0000317593090120140710020035500934
0000317603090120140710012876146586
0000317613090120140710012710115567
0000317623090120140711013368683607
0000317633090120140713012831502561
0000317643090120140714012386578293
0000317653090120140714011687628046
0000317663090120140715012430750645
0000317673090120140717012363352817
0000317683090120140718012307071360
0000317693090120140719012907889569
0000317703090120140719014492005273
0000317713090120140722013230041606
0000317723090120140726013375117603
0000317733090120140726013266223623
0000317743090120140730012936499560
0000317753090120140730013108773568
0000317763090120140734013340555604
0000317773090120140736010563286471
0000317783090120140740012807241567
0000317793090120140805013348177625
0000317803090120140904013143911548
0000317813090120141140012413798716
0000317823090120141756013348177625
0000317833090120141757013143911548
0000317843090120141758012413798716
0000317853090120141843012288622123
0000317863090120141844012580778626
0000317873090120141845018054823768
0000317883090120141845012698827582
0000317893090120141852012477101643
0000317903090120141852013340555604
0000317913090120141855012956105541
0000317923090120141855012328355066
0000317933090120141857012807241567
0000317943090120141900012866650478
0000317953090120141902012307071360
0000317963090120141902012363099119
0000317973090120141903012805962097
0000317983090120141904018221479905
0000317993090120141904012050927365
0000318003090120141906019036823792
0000318013090120141910013223620299
0000318023090120141920012008677348
0000318033100120140538018054823768
0000318043100120140633012184420354
0000318053100120140635012537137908
0000318063100120140636012514436755
0000318073100120140638013015174567
0000318083100120140639016561215258
0000318093100120140639013282366603
0000318103100120140647013402189568
0000318113100120140648012371544266
0000318123100120140652012611822621
0000318133100120140657012019979200
0000318143100120140658013237415420
0000318153100120140658010614412827
0000318163100120140659012456557427
0000318173100120140659016559102905
0000318183100120140659013001901542
0000318193100120140700013023523621
0000318203100120140700012288622123
0000318213100120140701013003689621
0000318223100120140702012580778626
0000318233100120140703026724104090
0000318243100120140703013368683607
0000318253100120140705020737056546
0000318263100120140705019028115687
0000318273100120140706012956105541
0000318283100120140707012901774603
0000318293100120140707012698827582
0000318303100120140707019027518257
0000318313100120140708012624503546
0000318323100120140710012477101643
0000318333100120140710013223076580
0000318343100120140710013054086606
0000318353100120140710012845679620
0000318363100120140712012697536622
0000318373100120140717017014719201
0000318383100120140719012434438913
0000318393100120140723010831104454
0000318403100120140723012195819652
0000318413100120140727010605420464
0000318423100120140728020469666271
0000318433100120140729019020254203
0000318443100120140735012893025562
0000318453100120140743014492005273
0000318463100120140747012866650478
0000318473100120140749013375117603
0000318483100120140756012333477700
0000318493100120140805013348177625
0000318503100120140805019008788767
0000318513100120140833012430762570
0000318523100120140911013143911548
