0000263233311020131707012801628567
0000263243311020131708012413798716
0000263253311020131709013348177625
0000263263311020131839018054823768
0000263273311020131844012580778626
0000263283311020131845012307450175
0000263293311020131849012698827582
0000263303311020131849013340720605
0000263313311020131853012477101643
0000263323311020131855012807241567
0000263333311020131856012288622123
0000263343311020131857013340555604
0000263353311020131900012363099119
0000263363311020131900014492005273
0000263373311020131900012363171936
0000263383311020131900013281185567
0000263393311020131901012328355066
0000263403311020131907012805962097
0000263413311020131908012050927365
0000263423311020131909012761722541
0000263433311020131911018221479905
0000263443311020131912012008677348
0000263453311020131917012956105541
0000263463311020131932012912871540
0000263473311020131936013223620299
0000263483011120130536018054823768
0000263493011120130624013282366603
0000263503011120130632012514436755
0000263513011120130633010614412827
0000263523011120130640016559102905
0000263533011120130640012462093267
0000263543011120130641013023813603
0000263553011120130644016559443273
0000263563011120130648012019979200
0000263573011120130648013237415420
0000263583011120130649016561215258
0000263593011120130651013020335603
0000263603011120130658019028115687
0000263613011120130700012912871540
0000263623011120130700012319976096
0000263633011120130700012879773549
0000263643011120130700012363171936
0000263653011120130700012450071042
0000263663011120130700012664892608
0000263673011120130700012734943567
0000263683011120130701012184420354
0000263693011120130701012580778626
0000263703011120130702012288622123
0000263713011120130703013042840580
0000263723011120130705013101611899
0000263733011120130706012500170243
0000263743011120130707012559622582
0000263753011120130707012559622582
0000263763011120130709012380739570
0000263773011120130709019008204943
0000263783011120130710012866650478
0000263793011120130713012750071587
0000263803011120130715012434438913
0000263813011120130719013158042850
0000263823011120130720012477101643
0000263833011120130720012956105541
0000263843011120130720012701349607
0000263853011120130720012701349607
0000263863011120130721013223076580
0000263873011120130721012496991179
0000263883011120130722012698827582
0000263893011120130730014585442835
0000263903011120130733012761722541
0000263913011120130736013337507564
0000263923011120130743013340720605
0000263933011120130744012323040040
0000263943011120130748026724104090
0000263953011120130802013348177625
0000263963011120130807013375117603
0000263973011120130809019008788767
0000263983011120130812012801628567
0000263993011120130812012333477700
0000264003011120130842012430762570
0000264013011120130848013143911548
0000264023011120130849012413798716
0000264033011120131003019020254203
