0000285693291120131734013143911548
0000285703291120131734013348177625
0000285713291120131750012413798716
0000285723291120131800018054823768
0000285733291120131850014813722276
0000285743291120131850016559102905
0000285753291120131852012098256436
0000285763291120131902013223620299
0000285773291120131902013282366603
0000285783291120131911012430750645
0000285793291120131913012912871540
0000285803291120131916016561215258
0000285813291120131916013015174567
0000285823291120131918026724104090
0000285833291120131919017017226737
0000285843291120131930012831502561
0000285853291120131930012866650478
0000285863291120131940012866873434
0000285873291120131956012496991179
0000285883301120130626012323040040
0000285893301120130629012184420354
0000285903301120130643012019979200
0000285913301120130643012805962097
0000285923301120130644010094962488
0000285933301120130646012205098138
0000285943301120130651012594062547
0000285953301120130652012050927365
0000285963301120130652012319976096
0000285973301120130652012328355066
0000285983301120130653012380739570
0000285993301120130655020774970167
0000286003301120130656012008677348
0000286013301120130657012697536622
0000286023301120130658012866873434
0000286033301120130658013101611899
0000286043301120130700012514436755
0000286053301120130700012098256436
0000286063301120130700012912871540
0000286073301120130701014813722276
0000286083301120130701012815191131
0000286093301120130702012611822621
0000286103301120130703013003689621
0000286113301120130706019020254203
0000286123301120130707013024837131
0000286133301120130707017017226737
0000286143301120130709012750071587
0000286153301120130709012879773549
0000286163301120130711013266223623
0000286173301120130711012430750645
0000286183301120130713012371544266
0000286193301120130713012537137908
0000286203301120130715012734943567
0000286213301120130716010614412827
0000286223301120130716010614412827
0000286233301120130717012456557427
0000286243301120130717013001901542
0000286253301120130718012831502561
0000286263301120130719013337507564
0000286273301120130720013042840580
0000286283301120130726012624503546
0000286293301120130728016328907177
0000286303301120130728013281185567
0000286313301120130732013016004606
0000286323301120130735012898133584
0000286333301120130756012701349607
0000286343301120130821013237415420
0000286353301120131848012477101643
0000286363301120131857012698827582
0000286373301120131857012815191131
0000286383301120131858012580778626
0000286393301120131858013281185567
0000286403301120131903012288622123
0000286413301120131905013266223623
0000286423301120131905012328355066
0000286433301120131905018221479905
0000286443301120131905012050927365
0000286453301120131906012805962097
0000286463301120131908012363099119
0000286473301120131916012008677348
0000286483301120131919012956105541
0000286493301120131921013340720605
0000286503301120131924013057168565
0000286513011220130641016561215258
0000286523011220130647016873416585
0000286533011220130649013015174567
0000286543011220130649013023813603
0000286553011220130654013024399622
0000286563011220130654017007888257
0000286573011220130654012750071587
0000286583011220130656012538135755
0000286593011220130658013401848541
0000286603011220130700012477101643
0000286613011220130700012288622123
0000286623011220130700013101611899
0000286633011220130701012698827582
0000286643011220130701012205098138
0000286653011220130701013337507564
0000286663011220130703013024837131
0000286673011220130703012537662166
0000286683011220130704012559622582
0000286693011220130704012559622582
0000286703011220130704019018711759
0000286713011220130704019018711759
0000286723011220130708014585442835
0000286733011220130708013340720605
0000286743011220130709012184420354
0000286753011220130709012701349607
0000286763011220130711016559102905
0000286773011220130712012594062547
0000286783011220130713012380739570
0000286793011220130713013282366603
0000286803011220130714013335552546
0000286813011220130714013110988622
0000286823011220130714019008204943
0000286833011220130717013040688609
0000286843011220130718012323040040
0000286853011220130719013057168565
0000286863011220130721012462093267
0000286873011220130721020774970167
0000286883011220130722012734943567
0000286893011220130726012879773549
0000286903011220130728012992819621
0000286913011220130728012580778626
0000286923011220130728012866650478
0000286933011220130809012500170243
0000286943011220130813010094962488
0000286953011220131850012866873434
0000286963011220131850013282366603
0000286973011220131851014813722276
0000286983011220131900013015174567
0000286993011220131900016561215258
0000287003011220131903012912871540
0000287013011220131903013388088542
0000287023011220131909012210531197
0000287033011220131914012866650478
0000287043011220131926012430750645
0000287053011220131933012496991179
0000287063021220130643012363099119
0000287073021220130644012490619537
0000287083021220130646013281185567
0000287093021220130650012805962097
0000287103021220130654012050927365
0000287113021220130654012723818197
0000287123021220130655013388132584
0000287133021220130655012328355066
0000287143021220130655012928375548
0000287153021220130655012283119229
0000287163021220130655013348982609
0000287173021220130656019035856492
0000287183021220130659018221479905
0000287193021220130700016873416585
0000287203021220130700013310508543
0000287213021220130701014813722276
0000287223021220130705014585442835
0000287233021220130705012866873434
0000287243021220130708013080174568
0000287253021220130708012761722541
0000287263021220130711013388088542
0000287273021220130712013401848541
0000287283021220130712017007888257
0000287293021220130714013110988622
0000287303021220130714012992819621
0000287313021220130714015971167271
0000287323021220130715013109731567
0000287333021220130715012815191131
0000287343021220130716019018711759
0000287353021220130716012912871540
0000287363021220130717013311938584
0000287373021220130724019020254203
0000287383021220130727012462093267
0000287393021220130728012210531197
0000287403021220130730012538135755
0000287413021220130735012612719581
0000287423021220130744013024399622
0000287433021220130752012801628567
0000287443021220130753019008788767
0000287453021220130754013348177625
0000287463021220130756012559622582
0000287473021220130756012559622582
0000287483021220130756019013677145
0000287493021220130758013223620299
0000287503021220130814013143911548
0000287513021220130818012413798716
0000287523021220130846012430750645
0000291633021220131702019008788767
0000291643021220131735012801628567
0000291653021220131825012413798716
0000291663021220131837013348177625
0000291673021220131841013143911548
0000291683021220131844012288622123
0000291693021220131851012580778626
0000291703021220131855013340720605
0000291713021220131856012477101643
0000291723021220131856012956105541
0000291733021220131900012363099119
0000291743021220131902013281185567
0000291753021220131904013223620299
0000291763021220131905018221479905
0000291773021220131908012805962097
0000291783021220131908012698827582
0000291793021220131916019013677145
0000291803021220131916019020254203
0000291813021220131923015971167271
0000291823021220131924019013646452
0000291833021220131936012050927365
0000291843021220132022013311938584
0000291853031220130636013015174567
0000291863031220130637012936499560
0000291873031220130639013282366603
0000291883031220130642016382873463
0000291893031220130643013324120623
0000291903031220130646016561215258
0000291913031220130646010746412220
0000291923031220130646014585442835
0000291933031220130648012698827582
0000291943031220130648012283119229
0000291953031220130648016559102905
0000291963031220130651010563286471
0000291973031220130652012537662166
0000291983031220130652013230041606
0000291993031220130655013108773568
0000292003031220130656020035500934
0000292013031220130656012363352817
0000292023031220130659011687628046
0000292033031220130659012895308545
0000292043031220130700013123898546
0000292053031220130701012956105541
0000292063031220130701012386578293
0000292073031220130702012477101643
0000292083031220131701012413798716
0000292093031220131708012801628567
0000292103031220131848012098256436
0000292113031220131849013085261604
0000292123031220131849014813722276
0000292133031220131852012831502561
0000292143031220131856016559102905
0000292153031220131900013348177625
0000292163031220131903014419746277
0000292173031220131905013282366603
0000292183031220131906012430750645
0000292193031220131909012866650478
0000292203031220131910012912871540
0000292213031220131911019043562036
0000292223031220131911012496991179
0000292233031220131913016561215258
0000292243031220131913013015174567
0000292253031220131914013143911548
0000292263031220131916019013677145
0000292273031220132010010690576568
0000292283031220132223012866873434
0000292293041220130626012893025562
0000292303041220130638010831104454
0000292313041220130640013054086606
0000292323041220130641010605420464
0000292333041220130643012363099119
0000292343041220130643012907889569
0000292353041220130645013281185567
0000292363041220130646017014719201
0000292373041220130648012845679620
0000292383041220130650019027518257
0000292393041220130653013080174568
0000292403041220130653012328355066
0000292413041220130655012831502561
0000292423041220130656012219909451
0000292433041220130656012805962097
0000292443041220130658013057168565
0000292453041220130659012895308545
0000292463041220130659010746412220
0000292473041220130700014813722276
0000292483041220130701012430750645
0000292493041220130701014492005273
0000292503041220130702011687628046
0000292513041220130702013324120623
0000292523041220130703020157049145
0000292533041220130704012429067007
0000292543041220130704012050927365
0000292553041220130705020035500934
0000292563041220130707012912871540
0000292573041220130708012008677348
0000292583041220130709013108773568
0000292593041220130709012363352817
0000292603041220130709012936499560
0000292613041220130710013123898546
0000292623041220130710012901774603
0000292633041220130710012195819652
0000292643041220130710014585442835
0000292653041220130711012866873434
0000292663041220130711018221479905
0000292673041220130712016382873463
0000292683041220130715019036823792
0000292693041220130717020469666271
0000292703041220130717013266223623
0000292713041220130717012386578293
0000292723041220130718013368683607
0000292733041220130720013352646588
0000292743041220130723012098256436
0000292753041220130730013230041606
0000292763041220130754012986288563
0000292773041220130756012710115567
0000292783041220130757013282398602
0000292793041220130802013348177625
0000292803041220130814012801628567
0000292813041220130829012490932707
0000292823041220130906013143911548
0000292833041220130915013143911548
0000292843041220131658012801628567
0000292853041220131840013143911548
0000292863041220131841013348177625
0000292873041220131842012288622123
0000292883041220131848013340720605
0000292893041220131849012580778626
0000292903041220131859012477101643
0000292913041220131859012986288563
0000292923041220131900013281185567
0000292933041220131901012363099119
0000292943041220131904012490932707
0000292953041220131913012807241567
0000292963041220131915018221479905
0000292973041220131915012328355066
0000292983041220131916012805962097
0000292993041220131923012050927365
0000293003041220131923012956105541
0000293013041220131928012964126544
0000293023041220131951012008677348
0000293033041220131952012710115567
0000293043041220132014012698827582
0000293053051220130617012434438913
0000293063051220130623012184420354
0000293073051220130632016559102905
0000293083051220130635012307450175
0000293093051220130636012537137908
0000293103051220130640013282366603
0000293113051220130641013003689621
0000293123051220130647012611822621
0000293133051220130647012371544266
0000293143051220130653012624503546
0000293153051220130657012456557427
0000293163051220130657013001901542
0000293173051220130657013402189568
0000293183051220130700012219909451
0000293193051220130700013266223623
0000293203051220130701013281813622
0000293213051220130702013401848541
0000293223051220130703013054086606
0000293233051220130704012231146209
0000293243051220130704012333477700
0000293253051220130705012288622123
0000293263051220130706019027518257
0000293273051220130706014492005273
0000293283051220130709012901774603
0000293293051220130712012893025562
0000293303051220130714013015174567
0000293313051220130714010831104454
0000293323051220130715012845679620
0000293333051220130715019036823792
0000293343051220130716020737056546
0000293353051220130716012195819652
0000293363051220130717013375117603
0000293373051220130717013375117603
0000293383051220130717012307071360
0000293393051220130719012697536622
0000293403051220130719012580778626
0000293413051220130720012898133584
0000293423051220130722010605420464
0000293433051220130726012496991179
0000293443051220130728012866650478
0000293453051220130728020469666271
0000293463051220130729013368683607
0000293473051220130729012956105541
0000293483051220130738013340555604
0000293493051220130740012907889569
0000293503051220130807013348177625
0000293513051220130809019008788767
0000293523051220130814012413798716
0000293533051220130818012801628567
0000293543051220130821016561215258
0000293553051220130824013143911548
0000293563051220131717012801628567
0000293573051220131717019008788767
0000293583051220131728012413798716
0000293593051220131730013143911548
0000293603051220131736013348177625
0000293613051220131847014813722276
0000293623051220131849012098256436
0000293633051220131849016559102905
0000293643051220131852013282366603
0000293653051220131854012807241567
0000293663051220131900012496991179
0000293673051220131904012307450175
0000293683051220131904013340555604
0000293693051220131905012307071360
0000293703051220131907012866650478
0000293713051220131907012866650478
0000293723051220131915012866873434
0000293733051220131926013015174567
0000293743051220131926016561215258
0000293753051220131944012912871540
0000293763051220131954018054823768
0000293773051220132016013281813622
0000293783051220132044013223620299
0000293793061220130538018054823768
0000293803061220130630012363099119
0000293813061220130633013281185567
0000293823061220130634012805962097
0000293833061220130636012514436755
0000293843061220130643013016004606
0000293853061220130647012019979200
0000293863061220130649012319976096
0000293873061220130653018221479905
0000293883061220130655012380739570
0000293893061220130657012879773549
0000293903061220130658013237415420
0000293913061220130658012328355066
0000293923061220130659014813722276
0000293933061220130659012898133584
0000293943061220130700012050927365
0000293953061220130701013335552546
0000293963061220130701013158042850
0000293973061220130701020737056546
0000293983061220130702012734943567
0000293993061220130702012611822621
0000294003061220130703013001901542
0000294013061220130703012912871540
0000294023061220130703012323040040
0000294033061220130704012624503546
0000294043061220130705012184420354
0000294053061220130708012430750645
0000294063061220130708012697536622
0000294073061220130710013003689621
0000294083061220130710012537137908
0000294093061220130711013101611899
0000294103061220130711013401848541
0000294113061220130713012815191131
0000294123061220130713012008677348
0000294133061220130714013324120623
0000294143061220130714012456557427
0000294153061220130716012866650478
0000294163061220130716012231146209
0000294173061220130716012333477700
0000294183061220130717019028115687
0000294193061220130722012371544266
0000294203061220130727012701349607
0000294213061220130728013375117603
0000294223061220130730019020254203
0000294233061220130737016328907177
0000294243061220130743012434438913
0000294253061220130744010614412827
0000294263061220130752012750071587
0000294273061220130752012750071587
0000294283061220130755019008788767
0000294293061220130804013348177625
0000294303061220130823012413798716
0000294313061220130825012801628567
0000294323061220130829012430762570
0000294333061220130859013143911548
0000294343061220130958019019769882
0000294353061220131124012098256436
0000294363061220131128012866873434
0000294373061220131700019008788767
0000294383061220131704013143911548
0000294393061220131709013348177625
0000294403061220131725012801628567
0000294413061220131801018054823768
0000294423061220131842013340720605
0000294433061220131842012462093267
0000294443061220131843019028115687
0000294453061220131848012580778626
0000294463061220131851012698827582
0000294473061220131853012288622123
0000294483061220131857012328355066
0000294493061220131857013223620299
0000294503061220131859012050927365
0000294513061220131901019019769882
0000294523061220131901012363099119
0000294533061220131902012956105541
0000294543061220131906012815191131
0000294553061220131908017017226737
0000294563061220131909012805962097
0000294573061220131909013281185567
0000294583061220131911018221479905
0000294593061220131912012008677348
0000294603071220130622013015174567
0000294613071220130644016561215258
0000294623071220130646013024399622
0000294633071220130646013023813603
0000294643071220130647020774970167
0000294653071220130649012205098138
0000294663071220130650010094962488
0000294673071220130651012594062547
0000294683071220130652012559622582
0000294693071220130652012559622582
0000294703071220130652016559443273
0000294713071220130656012496991179
0000294723071220130657012386578293
0000294733071220130658012992819621
0000294743071220130700013101611899
0000294753071220130701012319976096
0000294763071220130702012514436755
0000294773071220130703012866650478
0000294783071220130703012956105541
0000294793071220130704013042840580
0000294803071220130704012538135755
0000294813071220130705012734943567
0000294823071220130705012019979200
0000294833071220130705013024837131
0000294843071220130706012879773549
0000294853071220130709012701349607
0000294863071220130709012750071587
0000294873071220130709019020254203
0000294883071220130709012231146209
0000294893071220130711012288622123
0000294903071220130711013020335603
0000294913071220130714012698827582
0000294923071220130714012500170243
0000294933071220130714013282366603
0000294943071220130715019018711759
0000294953071220130715013230041606
0000294963071220130717012380739570
0000294973071220130717013335552546
0000294983071220130718013016004606
0000294993071220130721013158042850
0000295003071220130723017017226737
0000295013071220130723012580778626
0000295023071220130724012323040040
0000295033071220130724012462093267
0000295043071220130725013340720605
0000295053071220130728019008204943
0000295063071220130737018054823768
0000295073071220130806010614412827
0000295083071220130850013237415420
0000295093071220130907012430762570
0000295103071220131812012866873434
0000295113071220131850014813722276
0000295123071220131856012831502561
0000295133071220131900012496991179
0000295143071220131901012866650478
0000295153071220131904012992819621
0000295163071220131904013015174567
0000295173071220131906016561215258
0000295183071220131907012912871540
0000295193071220131915012430750645
0000295203071220131915013282366603
0000295213081220130629012936499560
0000295223081220130648018221479905
0000295233081220130648017007888257
0000295243081220130650012319976096
0000295253081220130650013388132584
0000295263081220130651012805962097
0000295273081220130651012831502561
0000295283081220130651014813722276
0000295293081220130652012723818197
0000295303081220130652012490619537
0000295313081220130654013348982609
0000295323081220130654012283119229
0000295333081220130654012050927365
0000295343081220130655012328355066
0000295353081220130655012008677348
0000295363081220130656016873416585
0000295373081220130658013310508543
0000295383081220130700012205098138
0000295393081220130700012912871540
0000295403081220130701012538135755
0000295413081220130701012500170243
0000295423081220130701013042840580
0000295433081220130702013282366603
0000295443081220130703012761722541
0000295453081220130703012231146209
0000295463081220130705012594062547
0000295473081220130706013108773568
0000295483081220130708013281185567
0000295493081220130710020774970167
0000295503081220130711013024837131
0000295513081220130712013024399622
0000295523081220130714012363099119
0000295533081220130718013110988622
0000295543081220130718012559622582
0000295553081220130718012559622582
0000295563081220130718016559443273
0000295573081220130719012866873434
0000295583081220130720012430750645
0000295593081220130720013040688609
0000295603081220130732010094962488
0000295613081220130734013020335603
0000295623081220130743012815191131
0000295633081220131842012698827582
0000295643081220131842012580778626
0000295653081220131847013340720605
0000295663081220131852012288622123
0000295673081220131854018221479905
0000295683081220131856012328355066
0000295693081220131857013388088542
0000295703081220131858012050927365
0000295713081220131900013281185567
0000295723081220131901012363099119
0000295733081220131907012477101643
0000295743081220131914012805962097
0000295753081220131917012956105541
0000295763081220131934013375117603
0000295773081220132022012008677348
0000295783091220130617016559102905
0000295793091220130627020035500934
0000295803091220130636016382873463
0000295813091220130636012537662166
0000295823091220130637010563286471
0000295833091220130645011687628046
0000295843091220130647016561215258
0000295853091220130650013282366603
0000295863091220130652013015174567
0000295873091220130655012386578293
0000295883091220130658012363352817
0000295893091220130658013123898546
0000295903091220130659012928375548
0000295913091220130700017007888257
0000295923091220130700012580778626
0000295933091220130701012723818197
0000295943091220130701013388088542
0000295953091220130701012815191131
0000295963091220130702012496991179
0000295973091220130702013311938584
0000295983091220130702019035856492
0000295993091220130702012698827582
0000296003091220130703016873416585
0000296013091220130704012283119229
0000296023091220130705012288622123
0000296033091220130706012876146586
0000296043091220130706013340720605
0000296053091220130710013080174568
0000296063091220130711018054823768
0000296073091220130714015971167271
0000296083091220130715013348982609
0000296093091220130715013388132584
0000296103091220130718012866650478
0000296113091220130718012956105541
0000296123091220130723013108773568
0000296133091220130724012936499560
0000296143091220130725012477101643
0000296153091220130725013310508543
0000296163091220130727012490619537
0000296173091220130728013230041606
0000296183091220130731019020254203
0000296193091220130742012612719581
0000296203091220130751013223620299
0000296213091220130757013348177625
0000296223091220130757019008788767
0000296233091220130800012413798716
0000296243091220130804012801628567
0000296253091220130826013143911548
0000296263091220131700013348177625
0000296273091220131700013143911548
0000296283091220131700012413798716
0000296293091220131703012801628567
0000296303091220131706019008788767
0000296313091220131833011678204123
0000296323091220131843012866873434
0000296333091220131850014813722276
0000296343091220131854013282366603
0000296353091220131856012866650478
0000296363091220131856016559102905
0000296373091220131857012831502561
0000296383091220131900019020254203
0000296393091220131902013223620299
0000296403091220131903012912871540
0000296413091220131904012496991179
0000296423091220131908018054823768
0000296433091220131908019013646452
0000296443091220131909013015174567
0000296453091220131910016561215258
0000296463091220131926012430750645
0000296473091220131927015971167271
0000296483091220132008013311938584
0000296493101220130632017014719201
0000296503101220130633012805962097
0000296513101220130635010605420464
0000296523101220130636013054086606
0000296533101220130641012363099119
0000296543101220130642013324120623
0000296553101220130642013281185567
0000296563101220130649012901774603
0000296573101220130649012831502561
0000296583101220130649012195819652
0000296593101220130649018221479905
0000296603101220130651012008677348
0000296613101220130655019027518257
0000296623101220130655010746412220
0000296633101220130656012893025562
0000296643101220130658013123898546
0000296653101220130658012098256436
0000296663101220130659014813722276
0000296673101220130659013368683607
0000296683101220130659012537662166
0000296693101220130700013282366603
0000296703101220130702019036823792
0000296713101220130703019013646452
0000296723101220130704013057168565
0000296733101220130705016382873463
0000296743101220130705020469666271
0000296753101220130706020035500934
0000296763101220130706020035500934
0000296773101220130707012050927365
0000296783101220130708012845679620
0000296793101220130709012876146586
0000296803101220130709010563286471
0000296813101220130709013352646588
0000296823101220130712012866873434
0000296833101220130713012912871540
0000296843101220130713012231146209
0000296853101220130716012895308545
0000296863101220130719013080174568
0000296873101220130720014492005273
0000296883101220130720012430750645
0000296893101220130724019035856492
0000296903101220130726012430762570
0000296913101220130727011687628046
0000296923101220130727012986288563
0000296933101220130727012386578293
0000296943101220130729013230041606
0000296953101220130732012612719581
0000296963101220130733012363352817
0000296973101220130752014419746277
0000296983101220130755019043562036
0000296993101220130759012413798716
0000297003101220130805019008788767
0000297013101220130816010690576568
0000297023101220130824012801628567
0000297033101220130836013348177625
0000297043101220130836013143911548
0000297053101220131701019008788767
0000297063101220131707012801628567
0000297073101220131714013143911548
0000297083101220131733012413798716
0000297093101220131841012288622123
0000297103101220131842012986288563
0000297113101220131844010831104454
0000297123101220131848012580778626
0000297133101220131850013282366603
0000297143101220131852019043562036
0000297153101220131853014419746277
0000297163101220131853012477101643
0000297173101220131857013281185567
0000297183101220131859012956105541
0000297193101220131900014492005273
0000297203101220131900012363099119
0000297213101220131902012008677348
0000297223101220131904018221479905
0000297233101220131905012050927365
0000297243101220131906012698827582
0000297253101220131906012805962097
0000297263101220131915015931944277
0000297273101220131916012430762570
0000297283101220131917012430762570
0000297293101220131917012430762570
0000297303101220131917012430762570
0000297313101220131926019013677145
0000297323101220131935010690576568
0000297333111220130708012288622123
0000297343111220130743015931944277
0000297353111220130748012184420354
0000297363111220130840012537137908
0000297373111220130858019013677145
0000297383111220130904013266223623
0000297393111220130911012611822621
0000297403111220130921013282398602
0000297413111220130924012195819652
0000297423111220130930010831104454
0000297433111220130930012901774603
0000297443111220130934012580778626
0000297453111220130935019027518257
0000297463111220131001010746412220
0000297473111220131011012907889569
0000297483111220131011013282366603
0000297493111220131024012219909451
0000297503111220131029013352646588
0000297513111220131037020469666271
0000297523111220131037019036823792
0000297533111220131037019036823792
0000297543111220131039010605420464
0000297553111220131047012986288563
0000297563111220131117013324120623
0000297573111220131117012956105541
0000297583111220131202012698827582
0000297593111220131332012866873434
0000297603111220131337013003689621
0000297613111220131425012893025562
0000297623111220131425013368683607
0000297633111220131426017014719201
0000297643111220131430013401848541
0000297653111220131647012845679620
0000297663111220131720012456557427
0000297673111220131722012477101643
0000297683111220131722013282366603
0000297693111220131805012807241567
0000297703111220131841013016004606
0000297713111220131847012912871540
0000297723111220131847012098256436
0000297733111220131849014813722276
0000297743111220131853012831502561
0000297753111220131908012184420354
0000297763121220130631012434438913
0000297773121220130636012050927365
0000297783121220130637012184420354
0000297793121220130639013281185567
0000297803121220130642012805962097
0000297813121220130645012624503546
0000297823121220130646012323040040
0000297833121220130653013080174568
0000297843121220130653018221479905
0000297853121220130653012307071360
0000297863121220130654012008677348
0000297873121220130656012363099119
0000297883121220130657012333477700
0000297893121220130657012380739570
0000297903121220130657012912871540
0000297913121220130659012328355066
0000297923121220130659014813722276
0000297933121220130700012831502561
0000297943121220130700012866873434
0000297953121220130701012319976096
0000297963121220130701013337507564
0000297973121220130701012219909451
0000297983121220130702013266223623
0000297993121220130703012098256436
0000298003121220130703013003689621
0000298013121220130704013401848541
0000298023121220130705013375117603
0000298033121220130706012611822621
0000298043121220130706016328907177
0000298053121220130709013335552546
0000298063121220130710013158042850
0000298073121220130716013023813603
0000298083121220130717012907889569
0000298093121220130720013001901542
0000298103121220130720013016004606
0000298113121220130721013223076580
0000298123121220130734012734943567
0000298133121220130734012456557427
0000298143121220130800013340555604
0000298153121220130800012801628567
0000298163121220130801019008788767
0000298173121220130807013348177625
0000298183121220130815012413798716
0000298193121220130859013143911548
0000298203121220131723012801628567
0000298213121220131723019008788767
0000298223121220131742012413798716
0000298233121220131745013348177625
0000298243121220131747013143911548
0000298253121220131845013340720605
0000298263121220131846013340555604
0000298273121220131846012580778626
0000298283121220131847012807241567
0000298293121220131851018054823768
0000298303121220131852012477101643
0000298313121220131857012288622123
0000298323121220131857013016004606
0000298333121220131900012307071360
0000298343121220131901012363099119
0000298353121220131902013281185567
0000298363121220131904013080174568
0000298373121220131907012805962097
0000298383121220131908012328355066
0000298393121220131908018221479905
0000298403121220131910012956105541
0000298413121220131911019013646452
0000298423121220131913012184420354
0000298433121220131914012008677348
0000298443121220131918012050927365
0000298453121220131926012701349607
0000298463121220131950013223620299
0000298473131220130630016559443273
0000298483131220130632010614412827
0000298493131220130632010614412827
0000298503131220130632013282366603
0000298513131220130646012019979200
0000298523131220130649012462093267
0000298533131220130649013015174567
0000298543131220130649016561215258
0000298553131220130653012514436755
0000298563131220130655012496991179
0000298573131220130656012538135755
0000298583131220130657013042840580
0000298593131220130657012319976096
0000298603131220130700012734943567
0000298613131220130700012580778626
0000298623131220130701010852235647
0000298633131220130701012210531197
0000298643131220130701013101611899
0000298653131220130702012434438913
0000298663131220130702012559622582
0000298673131220130703012288622123
0000298683131220130704016559102905
0000298693131220130705012477101643
0000298703131220130706013016004606
0000298713131220130707013024399622
0000298723131220130707013223076580
0000298733131220130707013237415420
0000298743131220130707012701349607
0000298753131220130708012500170243
0000298763131220130710026724104090
0000298773131220130710012323040040
0000298783131220130711012956105541
0000298793131220130711019028115687
0000298803131220130713018054823768
0000298813131220130715012866650478
0000298823131220130715012992819621
0000298833131220130715019018711759
0000298843131220130717013335552546
0000298853131220130717012624503546
0000298863131220130718013158042850
0000298873131220130719013340720605
0000298883131220130720013281813622
0000298893131220130721013337507564
0000298903131220130723013375117603
0000298913131220130724019013646452
0000298923131220130724012380739570
0000298933131220130735019020254203
0000298943131220130739012333477700
0000298953131220130752013348177625
0000298963131220130800019008788767
0000299003131220130824012449967518
0000299013131220130840013143911548
0000299023131220130935012413798716
0000299033131220131123012801628567
0000299043131220131715013348177625
0000299053131220131716013143911548
0000299063131220131726018054823768
0000299073131220131750012413798716
0000299083131220131826012866873434
0000299093131220131840019028115687
0000299103131220131851012098256436
0000299113131220131852016559102905
0000299123131220131852013020335603
0000299133131220131853014813722276
0000299143131220131855012801628567
0000299153131220131855026724104090
0000299163131220131857013223620299
0000299173131220131858012496991179
0000299183131220131859013282366603
0000299193131220131859017017226737
0000299203131220131908016561215258
0000299213131220131908013015174567
0000299223131220131911012912871540
0000299233131220131916012866650478
0000299243131220131923012430750645
0000299253141220130614018054823768
0000299263141220130633012050927365
0000299273141220130638012205098138
0000299283141220130640012805962097
0000299293141220130641012594062547
0000299303141220130642020774970167
0000299313141220130644012490619537
0000299323141220130645012019979200
0000299333141220130647012723818197
0000299343141220130647010094962488
0000299353141220130647013388132584
0000299363141220130647012724154543
0000299373141220130649018221479905
0000299383141220130651012363099119
0000299393141220130655012815191131
0000299403141220130655013281185567
0000299413141220130658013348982609
0000299423141220130658012008677348
0000299433141220130659012283119229
0000299443141220130659012831502561
0000299453141220130700012912871540
0000299463141220130700013281813622
0000299473141220130700012098256436
0000299483141220130700012328355066
0000299493141220130700012866873434
0000299503141220130700012449967518
0000299513141220130701014813722276
0000299523141220130701012500170243
0000299533141220130702013310508543
0000299543141220130703012430750645
0000299553141220130704013237415420
0000299563141220130706019020254203
0000299573141220130706012514436755
0000299583141220130707013024837131
0000299593141220130709013080174568
0000299603141220130709012462093267
0000299613141220130709012462093267
0000299623141220130710013024399622
0000299633141220130712013042840580
0000299643141220130712012538135755
0000299653141220130714019018711759
0000299663141220130717012210531197
0000299673141220130721017017226737
0000299683141220130725010614412827
0000299693141220130726013020335603
0000299703141220130729012992819621
0000299713141220130742016559443273
0000299723141220131838012698827582
0000299733141220131847013015174567
0000299743141220131852012580778626
0000299753141220131855012050927365
0000299763141220131855012328355066
0000299773141220131857018221479905
0000299783141220131900013281185567
0000299793141220131900012805962097
0000299803141220131902012288622123
0000299813141220131903012363099119
0000299823141220131910012008677348
0000299833141220131917012956105541
0000299843141220131936013340720605
0000299853151220130628016559102905
0000299863151220130634012936499560
0000299873151220130636010563286471
0000299883151220130644016873416585
0000299893151220130646016561215258
0000299903151220130650014585442835
0000299913151220130653017007888257
0000299923151220130655013123898546
0000299933151220130655012386578293
0000299943151220130659012624503546
0000299953151220130701013024837131
0000299963151220130702012363352817
0000299973151220130705012723818197
0000299983151220130705012288622123
0000299993151220130706012698827582
0000300003151220130707012205098138
0000300013151220130709013080174568
0000300023151220130713012098256436
0000300033151220130713012876146586
0000300043151220130713012956105541
0000300053151220130713012594062547
0000300063151220130716013340720605
0000300073151220130718012283119229
0000300083151220130720013310508543
0000300093151220130720012580778626
0000300103151220130722013057168565
0000300113151220130724020774970167
0000300123151220130724012490619537
0000300133151220130725016382873463
0000300143151220130728010094962488
0000300153151220130730012866650478
0000300163151220130731012496991179
0000300173151220130733013388132584
0000300183151220130733013348982609
0000300193151220130739011678204123
0000300203151220130754012761722541
0000300213151220130801012815191131
0000300223151220130841012895308545
0000300233151220131848012866873434
0000300243151220131848020035500934
0000300253151220131850014813722276
0000300263151220131858012831502561
0000300273151220131859012098256436
0000300283151220131859012098256436
0000300293151220131903013375117603
0000300303151220131903012912871540
0000300313151220131905016561215258
0000300323151220131905013388088542
0000300333151220131906013015174567
0000300343161220130630012363099119
0000300353161220130632017014719201
0000300363161220130632019027518257
0000300373161220130633010831104454
0000300383161220130634013054086606
0000300393161220130635013281185567
0000300403161220130641012805962097
0000300413161220130642012893025562
0000300423161220130647012866650478
0000300433161220130650012895308545
0000300443161220130650012831502561
0000300453161220130650013057168565
0000300463161220130651012050927365
0000300473161220130651014813722276
0000300483161220130651012328355066
0000300493161220130652012008677348
0000300503161220130655012901774603
0000300513161220130655013023523621
0000300523161220130657012195819652
0000300533161220130658014492005273
0000300543161220130659018054823768
0000300553161220130700012912871540
0000300563161220130701016873416585
0000300573161220130701012866873434
0000300583161220130701018221479905
0000300593161220130702012098256436
0000300603161220130702016382873463
0000300613161220130703019036823792
0000300623161220130704020035500934
0000300633161220130705013123898546
0000300643161220130706012624503546
0000300653161220130706020469666271
0000300663161220130708019035856492
0000300673161220130711013388088542
0000300683161220130714012876146586
0000300693161220130714013368683607
0000300703161220130715014585442835
0000300713161220130716012612719581
0000300723161220130717013311938584
0000300733161220130717015971167271
0000300743161220130717019020254203
0000300753161220130728012386578293
0000300763161220130729011678204123
0000300773161220130734012928375548
0000300783161220130734019013677145
0000300793161220130736013375117603
0000300803161220130742012845679620
0000300813161220130755013348177625
0000300823161220130808019008788767
0000300833161220130820012801628567
0000300843161220130828010563286471
0000300853161220130829012936499560
0000300863161220130830012363352817
0000300873161220131107012413798716
0000300883161220131708019008788767
0000300893161220131718012413798716
0000300903161220131725012801628567
0000300913161220131738013348177625
0000300923161220131812018054823768
0000300933161220131845012288622123
0000300943161220131848012580778626
0000300953161220131848012477101643
0000300963161220131854012328355066
0000300973161220131902018221479905
0000300983161220131902012050927365
0000300993161220131904012363099119
0000301003161220131906013281185567
0000301013161220131906013340720605
0000301023161220131908012805962097
0000301033161220131908019013677145
0000301043161220131920012008677348
0000301053161220131928011678204123
0000301063161220132011013311938584
0000301073161220132018012698827582
0000301083161220132026019013646452
0000301093171220130632012184420354
0000301103171220130636012537137908
0000301113171220130637013001901542
0000301123171220130637016328907177
0000301133171220130637012371544266
0000301143171220130647016561215258
0000301153171220130648013015174567
0000301163171220130648012328355066
0000301173171220130649019036823792
0000301183171220130649012845679620
0000301193171220130652012866650478
0000301203171220130653010746412220
0000301213171220130655013401848541
0000301223171220130655016559102905
0000301233171220130656019027518257
0000301243171220130656012231146209
0000301253171220130657012898133584
0000301263171220130657010831104454
0000301273171220130658013352646588
0000301283171220130700013023523621
0000301293171220130700012901774603
0000301303171220130702012477101643
0000301313171220130705012698827582
0000301323171220130705013003689621
0000301333171220130705013335552546
0000301343171220130707013340720605
0000301353171220130707012893025562
0000301363171220130708013054086606
0000301373171220130709019013646452
0000301383171220130709012288622123
0000301393171220130711012580778626
0000301403171220130712013223076580
0000301413171220130712012611822621
0000301423171220130717017014719201
0000301433171220130717013281813622
0000301443171220130718012612719581
0000301453171220130722012697536622
0000301463171220130727011678204123
0000301473171220130727014419746277
0000301483171220130727019043562036
0000301493171220130728012928375548
0000301503171220130738013368683607
0000301513171220130738020469666271
0000301523171220130753019035856492
0000301533171220130800013348177625
0000301543171220130802012801628567
0000301553171220130808010690576568
0000301563171220130816012195819652
0000301573171220130826012986288563
0000301583171220130832012430762570
0000301593171220130845019008788767
0000301603171220130846013085261604
0000301613171220131700013348177625
0000301623171220131717012801628567
0000301633171220131730019008788767
0000301643171220131748012328355066
0000301653171220131834012866873434
0000301663171220131837012098256436
0000301673171220131840014813722276
0000301683171220131847013085261604
0000301693171220131851016561215258
0000301703171220131852016559102905
0000301713171220131853019043562036
0000301723171220131853014419746277
0000301733171220131858012912871540
0000301743171220131900012496991179
0000301753171220131900012866650478
0000301763171220131920012292349576
0000301773171220131921012430750645
0000301783171220131924010690576568
0000301793171220131928019013677145
0000301803171220131946012430762570
0000301813171220131946012430762570
0000301823171220131946012430762570
0000301833171220132020012831502561
0000301843181220130634013281185567
0000301853181220130635012363099119
0000301863181220130637012805962097
0000301873181220130642012456557427
0000301883181220130645012323040040
0000301893181220130648018221479905
0000301903181220130649013016004606
0000301913181220130649012907889569
0000301923181220130650013015174567
0000301933181220130650012319976096
0000301943181220130652012050927365
0000301953181220130653012380739570
0000301963181220130654013158042850
0000301973181220130654020737056546
0000301983181220130654016328907177
0000301993181220130655014813722276
0000302003181220130655012697536622
0000302013181220130658012912871540
0000302023181220130659012710115567
0000302033181220130700012866873434
0000302043181220130700010746412220
0000302053181220130701013003689621
0000302063181220130701013001901542
0000302073181220130701012734943567
0000302083181220130701012219909451
0000302093181220130701013337507564
0000302103181220130703012831502561
0000302113181220130704013282398602
0000302123181220130706013352646588
0000302133181220130706013023813603
0000302143181220130709012430750645
0000302153181220130710013101611899
0000302163181220130710012611822621
0000302173181220130711012898133584
0000302183181220130713013266223623
0000302193181220130714012231146209
0000302203181220130714012231146209
0000302213181220130716012371544266
0000302223181220130717012537137908
0000302233181220130717012184420354
0000302243181220130720012815191131
0000302253181220130722012750071587
0000302263181220130722012008677348
0000302273181220130730013223076580
0000302283181220130734013281813622
0000302293181220130741012701349607
0000302303181220130750013348177625
0000302313181220130754013401848541
0000302323181220130755013335552546
0000302333181220130805012490932707
0000302343181220130829012801628567
0000302353181220130853012413798716
0000302363181220130910013143911548
0000302373181220131641012801628567
0000302383181220131709012413798716
0000302393181220131710013348177625
0000302403181220131711013143911548
0000302413181220131841013340720605
0000302423181220131847012580778626
0000302433181220131850012807241567
0000302443181220131857012815191131
0000302453181220131900013281185567
0000302463181220131902018221479905
0000302473181220131902012363099119
0000302483181220131903012477101643
0000302493181220131904012288622123
0000302503181220131905012956105541
0000302513181220131906012698827582
0000302523181220131906012490932707
0000302533181220131910012805962097
0000302543181220131914012050927365
0000302553181220131917012008677348
0000302563181220131927012328355066
0000302573191220130632013282366603
0000302583191220130634012434438913
0000302593191220130634012462093267
0000302603191220130637012559622582
0000302613191220130640016559443273
0000302623191220130641016561215258
0000302633191220130641013015174567
0000302643191220130641013042840580
0000302653191220130650013020335603
0000302663191220130650016559102905
0000302673191220130654012333477700
0000302683191220130655012319976096
0000302693191220130656013282398602
0000302703191220130656012750071587
0000302713191220130656012307071360
0000302723191220130658012449967518
0000302733191220130700013266223623
0000302743191220130700012219909451
0000302753191220130700012477101643
0000302763191220130701013158042850
0000302773191220130701012580778626
0000302783191220130701012710115567
0000302793191220130701013324120623
0000302803191220130701013337507564
0000302813191220130702012380739570
0000302823191220130702012698827582
0000302833191220130703013101611899
0000302843191220130704013340720605
0000302853191220130704012879773549
0000302863191220130705013024399622
0000302873191220130706012288622123
0000302883191220130707012956105541
0000302893191220130707012734943567
0000302903191220130709013016004606
0000302913191220130709012907889569
0000302923191220130712012500170243
0000302933191220130714012701349607
0000302943191220130723012323040040
0000302953191220130723012496991179
0000302963191220130726012456557427
0000302973191220130739013340555604
0000302983191220130803019008788767
0000302993191220130811012801628567
0000303003191220130839013375117603
0000303013191220131018012413798716
0000303023191220131723012801628567
0000303033191220131742018054823768
0000303043191220131848013340555604
0000303053191220131856012831502561
0000303063191220131856014813722276
0000303073191220131901012307071360
0000303083191220131902013282366603
0000303093191220131903012866873434
0000303103191220131916016561215258
0000303113191220131919012912871540
0000303123191220131920012098256436
0000303133191220131948012430750645
0000303143191220131957013223620299
0000303153201220130611018054823768
0000303163201220130611012831502561
0000303173201220130623012724154543
0000303183201220130635012723818197
0000303193201220130635013348982609
0000303203201220130640013016004606
0000303213201220130642013001901542
0000303223201220130647012363099119
0000303233201220130649013281185567
0000303243201220130652013080174568
0000303253201220130652012514436755
0000303263201220130652012490619537
0000303273201220130654012050927365
0000303283201220130655013237415420
0000303293201220130657012019979200
0000303303201220130700012912871540
0000303313201220130701014813722276
0000303323201220130705026724104090
0000303333201220130705013251875581
0000303343201220130706012500170243
0000303353201220130707019028115687
0000303363201220130711010614412827
0000303373201220130711012434438913
0000303383201220130711018221479905
0000303393201220130712012761722541
0000303403201220130714016559443273
0000303413201220130714012328355066
0000303423201220130714012098256436
0000303433201220130715013015174567
0000303443201220130715012674856604
0000303453201220130716012462093267
0000303463201220130717013024399622
0000303473201220130723012333477700
0000303483201220130727013324120623
0000303493201220130728012430750645
0000303503201220130729012805962097
0000303513201220130730019018711759
0000303523201220130731013109731567
0000303533201220130734012866873434
0000303543201220130736012008677348
0000303553201220130737013042840580
0000303563201220130757013375117603
0000303573201220130814012801628567
0000303583201220130816012413798716
0000303593201220130824019008788767
0000303603201220130833012430762570
0000303613201220130858013143911548
0000303623201220131028019019769882
0000303633201220131043012413798716
0000303643201220131703013143911548
0000303653201220131738012801628567
0000303663201220131824018054823768
0000305753201220131851019028115687
0000305763201220131856013310508543
0000305773201220131856012288622123
0000305783201220131900012363099119
0000305793201220131900013223620299
0000305803201220131903012580778626
0000305813201220131904012008677348
0000305823201220131908012328355066
0000305833201220131909013016004606
0000305843201220131911018221479905
0000305853201220131912017017226737
0000305863201220131917012956105541
0000305873201220131917012050927365
0000305883201220131918026724104090
0000305893201220131923013281185567
0000305903201220131938012805962097
0000305913201220132024012698827582
0000305923211220130606018054823768
0000305933211220130632010563286471
0000305943211220130632016382873463
0000305953211220130632012537662166
0000305963211220130635013230041606
0000305973211220130636013015174567
0000305983211220130638012936499560
0000305993211220130640010094962488
0000306003211220130640012205098138
0000306013211220130647012019979200
0000306023211220130647013123898546
0000306033211220130648020035500934
0000306043211220130649013282366603
0000306053211220130655012594062547
0000306063211220130656020774970167
0000306073211220130657012895308545
0000306083211220130700016561215258
0000306093211220130700012490619537
0000306103211220130700012492412522
0000306113211220130701017017226737
0000306123211220130701012956105541
0000306133211220130703012288622123
0000306143211220130704012514436755
0000306153211220130704020157049145
0000306163211220130705012363352817
0000306173211220130705012580778626
0000306183211220130706013001901542
0000306193211220130708012698827582
0000306203211220130710019020254203
0000306213211220130711012876146586
0000306223211220130713013310508543
0000306233211220130713012723818197
0000306243211220130715014585442835
0000306253211220130718012496991179
0000306263211220130720013348982609
0000306273211220130720010614412827
0000306283211220130721013281813622
0000306293211220130752013109731567
0000306303211220130807013237415420
0000306313211220131841013016004606
0000306323211220131850014813722276
0000306333211220131850013230041606
0000306343211220131856012098256436
0000306353211220131857013282366603
0000306363211220131857012831502561
0000306373211220131900012496991179
0000306383211220131901012815191131
0000306393211220131915012912871540
0000306403211220131915016561215258
0000306413211220131916013015174567
0000306423211220131917014585442835
0000306433221220130639010605420464
0000306443221220130642012901774603
0000306453221220130643012893025562
0000306463221220130647010831104454
0000306473221220130648013054086606
0000306483221220130651012195819652
0000306493221220130651012363099119
0000306503221220130652019027518257
0000306513221220130652013023523621
0000306523221220130652012805962097
0000306533221220130653017007888257
0000306543221220130654018221479905
0000306553221220130654013281185567
0000306563221220130656012831502561
0000306573221220130657012050927365
0000306583221220130657012328355066
0000306593221220130657016873416585
0000306603221220130700014813722276
0000306613221220130700012594062547
0000306623221220130700012912871540
0000306633221220130700013281813622
0000306643221220130701020774970167
0000306653221220130705019036823792
0000306663221220130706013402189568
0000306673221220130710013016004606
0000306683221220130711012205098138
0000306693221220130711010563286471
0000306703221220130717020035500934
0000306713221220130718012098256436
0000306723221220130720012876146586
0000306733221220130720012008677348
0000306743221220130720012363352817
0000306753221220130720012936499560
0000306763221220130721013123898546
0000306773221220130722012537662166
0000306783221220130722016382873463
0000306793221220130725012815191131
0000306803221220130727020157049145
0000306813221220130732013368683607
0000306823221220130742012845679620
0000306833221220131831013016004606
0000306843221220131841012698827582
0000306853221220131849012580778626
0000306863221220131849012288622123
0000306873221220131856012328355066
0000306883221220131858012050927365
0000306893221220131858018221479905
0000306903221220131859012363099119
0000306913221220131900010831104454
0000306923221220131900012008677348
0000306933221220131901013281185567
0000306943221220131902013388088542
0000306953221220131902012805962097
0000306963221220131909011678204123
0000306973221220131910012956105541
0000306983221220131912013375117603
0000306993221220132012012195819652
0000307003221220132028012845679620
0000307013221220132118013340720605
0000307023231220130629013015174567
0000307033231220130631012184420354
0000307043231220130637012537137908
0000307053231220130641020737056546
0000307063231220130642012371544266
0000307073231220130643012611822621
0000307083231220130643013282366603
0000307093231220130644016561215258
0000307103231220130647012624503546
0000307113231220130648017014719201
0000307123231220130654012456557427
0000307133231220130656013388132584
0000307143231220130656016328907177
0000307153231220130656013375117603
0000307163231220130658017007888257
0000307173231220130658017007888257
0000307183231220130659013401848541
0000307193231220130701012901774603
0000307203231220130701012580778626
0000307213231220130702019035856492
0000307223231220130703010852235647
0000307233231220130704016873416585
0000307243231220130704012928375548
0000307253231220130704015971167271
0000307263231220130706013003689621
0000307273231220130706016559102905
0000307283231220130706012288622123
0000307293231220130710012698827582
0000307303231220130711013388088542
0000307313231220130712013054086606
0000307323231220130712019036823792
0000307333231220130716010605420464
0000307343231220130717013368683607
0000307353231220130717019027518257
0000307363231220130718012893025562
0000307373231220130725013402189568
0000307383231220130726013016004606
0000307393231220130726019020254203
0000307403231220130735012612719581
0000307413231220130736012956105541
0000307423231220130736013340720605
0000307433231220130736019013677145
0000307443231220130738012866650478
0000307453231220130812012801628567
0000307463231220130853013143911548
0000307473231220131225013143911548
0000307483231220131600012801628567
0000307493231220131746012866873434
0000307503231220131843013311938584
0000307513231220131856011678204123
0000307523231220131856012098256436
0000307533231220131857014813722276
0000307543231220131857013282366603
0000307553231220131900012866650478
0000307563231220131903016561215258
0000307573231220131903013015174567
0000307583231220131904012912871540
0000307593231220131911012496991179
0000307603231220131912012831502561
0000307613231220131913019020254203
0000307623231220131916019013677145
0000307633231220131924012430750645
0000307643231220132144012537695897
0000307653241220130626012805962097
0000307663241220130630012363099119
0000307673241220130631013324120623
0000307683241220130634013281185567
0000307693241220130638012050927365
0000307703241220130640018221479905
0000307713241220130641012323040040
0000307723241220130641013016004606
0000307733241220130642012815191131
0000307743241220130646010746412220
0000307753241220130652012380739570
0000307763241220130653012328355066
0000307773241220130653012319976096
0000307783241220130654013158042850
0000307793241220130655012750071587
0000307803241220130657013352646588
0000307813241220130657012611822621
0000307823241220130658020737056546
0000307833241220130658012098256436
0000307843241220130658014813722276
0000307853241220130659012912871540
0000307863241220130700012831502561
0000307873241220130700012734943567
0000307883241220130701012866873434
0000307893241220130702012879773549
0000307903241220130704012701349607
0000307913241220130704012231146209
0000307923241220130705013401848541
0000307933241220130707012697536622
0000307943241220130708019035856492
0000307953241220130709012537137908
0000307963241220130709012371544266
0000307973241220130710016328907177
0000307983241220130712013335552546
0000307993241220130713013101611899
0000308003241220130715013003689621
0000308013241220130715013388132584
0000308023241220130715014419746277
0000308033241220130716019043562036
0000308043241220130717012612719581
0000308053241220130717012456557427
0000308063241220130718012928375548
0000308073241220130720012624503546
0000308083241220130727013337507564
0000308093241220130741013311938584
0000308103241220130804012008677348
0000308113241220130808012430750645
0000308123241220130823010690576568
0000308133241220130829013085261604
0000308143241220130917013143911548
0000308153241220131005012430762570
0000308163241220131005012430762570
0000308173241220131021013143911548
0000308183241220131825014419746277
0000308193241220131825019043562036
0000308203241220131836018054823768
0000308213241220131843012815191131
0000308223241220131845012430762570
0000308233241220131853012698827582
0000308243241220131854012580778626
0000308253241220131855012288622123
0000308263241220131900012050927365
0000308273241220131900012363099119
0000308283241220131901013281185567
0000308293241220131902010690576568
0000308303241220131903012008677348
0000308313241220131903012008677348
0000308323241220131904012008677348
0000308333241220131905012805962097
0000308343241220131914012477101643
0000308353241220131930012956105541
0000308363241220131931019013677145
0000308373251220130602018054823768
0000308383251220130630016559102905
0000308393251220130640012462093267
0000308403251220130644013282366603
0000308413251220130644016561215258
0000308423251220130645016559443273
0000308433251220130646013024399622
0000308443251220130646012496991179
0000308453251220130647012907889569
0000308463251220130651013015174567
0000308473251220130655012449967518
0000308483251220130657012710115567
0000308493251220130657012219909451
0000308503251220130658013101611899
0000308513251220130658012323040040
0000308523251220130659012008677348
0000308533251220130659013335552546
0000308543251220130659012750071587
0000308553251220130700013282398602
0000308563251220130700012956105541
0000308573251220130700012477101643
0000308583251220130700012288622123
0000308593251220130701012698827582
0000308603251220130701012580778626
0000308613251220130701013042840580
0000308623251220130702010746412220
0000308633251220130705012429067007
0000308643251220130706013337507564
0000308653251220130708013266223623
0000308663251220130711013016004606
0000308673251220130717012500170243
0000308683251220130718013352646588
0000308693251220130719013158042850
0000308703251220130719012992819621
0000308713251220130722012380739570
0000308723251220130731012701349607
0000308733251220130731012701349607
0000308743251220130737019018711759
0000308753251220130836012490932707
0000308763251220131849016561215258
0000308773251220131850013015174567
0000308783251220131851012866873434
0000308793251220131852016561215258
0000308803251220131852012496991179
0000308813251220131854014813722276
0000308823251220131855012537662166
0000308833251220131858012912871540
0000308843251220131901012490932707
0000308853251220131901013282366603
0000308863251220131913012098256436
0000308873251220131913012831502561
0000308883251220131946012430750645
0000308893261220130622012434438913
0000308903261220130634012805962097
0000308913261220130638013281185567
0000308923261220130641012050927365
0000308933261220130641012363099119
0000308943261220130641012490619537
0000308953261220130649013388132584
0000308963261220130650013348982609
0000308973261220130652012449967518
0000308983261220130652012815191131
0000308993261220130654018221479905
0000309003261220130656012307071360
0000309013261220130657012723818197
0000309023261220130659013282398602
0000309033261220130700019018711759
0000309043261220130701013230041606
0000309053261220130702012328355066
0000309063261220130702014813722276
0000309073261220130702013266223623
0000309083261220130702013109731567
0000309093261220130703012283119229
0000309103261220130703012008677348
0000309113261220130703012907889569
0000309123261220130703012907889569
0000309133261220130705012831502561
0000309143261220130705012912871540
0000309153261220130706012500170243
0000309163261220130708012710115567
0000309173261220130708012333477700
0000309183261220130708012219909451
0000309193261220130709013310508543
0000309203261220130711012492412522
0000309213261220130713012866873434
0000309223261220130714016559443273
0000309233261220130716013042840580
0000309243261220130717012992819621
0000309253261220130717013223076580
0000309263261220130720012537662166
0000309273261220130722013024399622
0000309283261220130729012462093267
0000309293261220130748012559622582
0000309303261220130749013340555604
0000309313261220130758013348177625
0000309323261220130811012801628567
0000309333261220130830012413798716
0000309343261220130845013143911548
