0000167663300820131722012801628567
0000167673300820131728012537695897
0000167683300820131729012413798716
0000167693300820131804013143911548
0000167703300820131828012288622123
0000167713300820131831021079846680
0000167723300820131831012964126544
0000167733300820131851013223620299
0000167743300820131852013775780938
0000167753300820131853012956105541
0000167763300820131857015101175270
0000167773300820131857015101175270
0000167783300820131857015971167271
0000167793300820131858012363171936
0000167803300820131859013078181854
0000167813300820131900012328355066
0000167823300820131900013281185567
0000167833300820131901012363099119
0000167843300820131903012477101643
0000167853300820131903012050927365
0000167863300820131909012805962097
0000167873300820131910014492005273
0000167883300820131911019019769882
0000167893300820131917018221479905
0000167903300820131918012912871540
0000167913300820131918013340720605
0000167923300820131919017017226737
0000167933300820131923012698827582
0000167943300820131930012008677348
0000167953310820130627012231146209
0000167963310820130630013015174567
0000167973310820130637016561215258
0000167983310820130637013775780938
0000167993310820130640016559102905
0000168003310820130651013393339604
0000168013310820130651013282366603
0000168023310820130651012205098138
0000168033310820130653012990449932
0000168043310820130653012537137908
0000168053310820130654013401848541
0000168063310820130654012371544266
0000168073310820130655012761722541
0000168083310820130655013003689621
0000168093310820130655012019979200
0000168103310820130656012831502561
0000168113310820130657012594062547
0000168123310820130657013033365581
0000168133310820130658020737056546
0000168143310820130659012964126544
0000168153310820130700012020334773
0000168163310820130700012901774603
0000168173310820130700013023523621
0000168183310820130700013054086606
0000168193310820130701019036823792
0000168203310820130701012912871540
0000168213310820130701013335552546
0000168223310820130702012698827582
0000168233310820130702012195819652
0000168243310820130703013024837131
0000168253310820130703013340720605
0000168263310820130705013078181854
0000168273310820130705012866650478
0000168283310820130705019020254203
0000168293310820130706012288622123
0000168303310820130709019027518257
0000168313310820130709010094962488
0000168323310820130709012956105541
0000168333310820130710017023709736
0000168343310820130710017017226737
0000168353310820130710012697536622
0000168363310820130711013044241587
0000168373310820130711012514436755
0000168383310820130715012363171936
0000168393310820130717013281813622
0000168403310820130735020469666271
0000168413310820130735013368683607
0000168423310820130745010614412827
0000168433310820130746012893025562
0000168443310820131818013001901542
0000168453310820131831012948690546
0000168463310820131837012363171936
0000168473310820131848013016004606
0000168483310820131850016559102905
0000168493310820131902012205262353
0000168503310820131907015971167271
0000168513310820131919014813722276
0000168523310820131925012430750645
0000168533010920130624012328355066
0000168543010920130643012323040040
0000168553010920130644012020334773
0000168563010920130645012701349607
0000168573010920130645018221479905
0000168583010920130646013337507564
0000168593010920130648012205262353
0000168603010920130650012805962097
0000168613010920130652012319976096
0000168623010920130652017007888257
0000168633010920130656013101611899
0000168643010920130657013158042850
0000168653010920130658012363099119
0000168663010920130658012333401038
0000168673010920130658013281185567
0000168683010920130659012879773549
0000168693010920130700013393339604
0000168703010920130700016873416585
0000168713010920130701014813722276
0000168723010920130701012594062547
0000168733010920130701013024837131
0000168743010920130701012831502561
0000168753010920130701012948690546
0000168763010920130701012371544266
0000168773010920130701012537137908
0000168783010920130702012363171936
0000168793010920130703013003689621
0000168803010920130704012050927365
0000168813010920130704012477101643
0000168823010920130705013040688609
0000168833010920130705012990449932
0000168843010920130706020737056546
0000168853010920130706012734943567
0000168863010920130707016561215258
0000168873010920130707012205098138
0000168883010920130707017023709736
0000168893010920130710012750071587
0000168903010920130712012697536622
0000168913010920130713016328907177
0000168923010920130714013001901542
0000168933010920130715013044241587
0000168943010920130716013401848541
0000168953010920130723012231146209
0000168963010920130724011678204123
0000168973010920130732014660472279
0000168983010920130732013340555604
0000168993010920130747010094962488
0000169003010920130749012008677348
0000169013010920130750012430750645
0000169023010920131829016559102905
0000169033010920131848012363171936
0000169043010920131850012956105541
0000169053010920131851013078181854
0000169063010920131859013340555604
0000169073010920131859012050927365
0000169083010920131900012477101643
0000169093010920131900013281185567
0000169103010920131900012363099119
0000169113010920131901013388088542
0000169123010920131902013016004606
0000169133010920131903012805962097
0000169143010920131904012328355066
0000169153010920131904012805962097
0000169163010920131904013340720605
0000169173010920131906018221479905
0000169183010920131912013375117603
0000169193010920131912013375008561
0000169203010920131913012912871540
0000169213010920131928014660472279
0000169223010920131931012292349576
0000169233010920132047012008677348
0000169243020920130636013015174567
0000169253020920130636013282366603
0000169263020920130638010746412220
0000169273020920130643013020335603
0000169283020920130649016559443273
0000169293020920130649013024399622
0000169303020920130649016561215258
0000169313020920130650012559622582
0000169323020920130654012538135755
0000169333020920130654012992819621
0000169343020920130654012462093267
0000169353020920130659012664892608
0000169363020920130700012319976096
0000169373020920130700016873416585
0000169383020920130700013023813603
0000169393020920130700012020334773
0000169403020920130700013337507564
0000169413020920130701012912871540
0000169423020920130702014492005273
0000169433020920130703012805962097
0000169443020920130704019035856492
0000169453020920130704013101611899
0000169463020920130707012323040040
0000169473020920130708012750071587
0000169483020920130709013078181854
0000169493020920130709012956105541
0000169503020920130711012879773549
0000169513020920130713014585442835
0000169523020920130714019008204943
0000169533020920130714012500170243
0000169543020920130714012701349607
0000169553020920130715012701349607
0000169563020920130715013388088542
0000169573020920130716013042840580
0000169583020920130716012363171936
0000169593020920130716013375008561
0000169603020920130716012866650478
0000169613020920130716013158042850
0000169623020920130718013402189568
0000169633020920130721012496991179
0000169643020920130724013341463622
0000169653020920130725011678204123
0000169663020920130726012333401038
0000169673020920130727015971167271
0000169683020920130731019008788767
0000169693020920130735012612719581
0000169703020920130813013348177625
0000169713020920130817012801628567
0000169723020920130829012413798716
0000169733020920130833013143911548
0000169743020920130834018194135678
0000169753020920130857012537695897
