0000141333310720131638012413798716
0000141343310720131642013375008561
0000141353310720131651013143911548
0000141363310720131707019008788767
0000141373310720131715012801628567
0000141383310720131716012537695897
0000141393310720131743012413798716
0000141403310720131822012288622123
0000141413310720131844012956105541
0000141423310720131845013775780938
0000141433310720131846013282398602
0000141443310720131853013108643583
0000141453310720131856013281185567
0000141463310720131856013324120623
0000141473310720131856012363099119
0000141483310720131857012363171936
0000141493310720131900012328355066
0000141503310720131901012805962097
0000141513310720131901012477101643
0000141523310720131906012490932707
0000141533310720131908012986288563
0000141543310720131908013078181854
0000141553310720131909018221479905
0000141563310720131909013340720605
0000141573310720131910012050927365
0000141583310720131910012698827582
0000141593310720131943012008677348
0000141603010820130618013282366603
0000141613010820130618013324120623
0000141623010820130635016559102905
0000141633010820130636012537137908
0000141643010820130636012434438913
0000141653010820130638010746412220
0000141663010820130639012371544266
0000141673010820130644016561215258
0000141683010820130647012456557427
0000141693010820130654012624503546
0000141703010820130654013401848541
0000141713010820130656013016004606
0000141723010820130656013775780938
0000141733010820130657012990449932
0000141743010820130657012611822621
0000141753010820130657012307450175
0000141763010820130659013003689621
0000141773010820130700019036823792
0000141783010820130700012288622123
0000141793010820130700013266223623
0000141803010820130702012219909451
0000141813010820130702012219909451
0000141823010820130702012363171936
0000141833010820130703021079846680
0000141843010820130703013023523621
0000141853010820130703020737056546
0000141863010820130705013054086606
0000141873010820130705012901774603
0000141883010820130707012195819652
0000141893010820130707012698827582
0000141903010820130707012866650478
0000141913010820130708013001901542
0000141923010820130708012907889569
0000141933010820130708012231146209
0000141943010820130710010831104454
0000141953010820130710013282398602
0000141963010820130711012710115567
0000141973010820130712012710115567
0000141983010820130712012956105541
0000141993010820130713013078181854
0000142003010820130714019027518257
0000142013010820130715017014719201
0000142023010820130717013340720605
0000142033010820130724013368683607
0000142043010820130724020469666271
0000142053010820130727013402189568
0000142063010820130727014492005273
0000142073010820130740013123898546
0000142083010820130740019008788767
0000142093010820130742013337517608
0000142103010820130747013340555604
0000142113010820130749012807241567
0000142123010820130751012496991179
0000142133010820130808012801628567
0000142163010820130811013375117603
0000142193010820130816012307071360
0000142203010820130837013348177625
0000142213010820130837012413798716
0000142223010820130837013143911548
0000142263010820130843013015174567
0000142273010820130845012537695897
