0000141333310720131638012413798716
0000141343310720131642013375008561
0000141353310720131651013143911548
0000141363310720131707019008788767
0000141373310720131715012801628567
0000141383310720131716012537695897
0000141393310720131743012413798716
0000141403310720131822012288622123
0000141413310720131844012956105541
0000141423310720131845013775780938
0000141433310720131846013282398602
0000141443310720131853013108643583
0000141453310720131856013281185567
0000141463310720131856013324120623
0000141473310720131856012363099119
0000141483310720131857012363171936
0000141493310720131900012328355066
0000141503310720131901012805962097
0000141513310720131901012477101643
0000141523310720131906012490932707
0000141533310720131908012986288563
0000141543310720131908013078181854
0000141553310720131909018221479905
0000141563310720131909013340720605
0000141573310720131910012050927365
0000141583310720131910012698827582
0000141593310720131943012008677348
0000141603010820130618013282366603
0000141613010820130618013324120623
0000141623010820130635016559102905
0000141633010820130636012537137908
0000141643010820130636012434438913
0000141653010820130638010746412220
0000141663010820130639012371544266
0000141673010820130644016561215258
0000141683010820130647012456557427
0000141693010820130654012624503546
0000141703010820130654013401848541
0000141713010820130656013016004606
0000141723010820130656013775780938
0000141733010820130657012990449932
0000141743010820130657012611822621
0000141753010820130657012307450175
0000141763010820130659013003689621
0000141773010820130700019036823792
0000141783010820130700012288622123
0000141793010820130700013266223623
0000141803010820130702012219909451
0000141813010820130702012219909451
0000141823010820130702012363171936
0000141833010820130703021079846680
0000141843010820130703013023523621
0000141853010820130703020737056546
0000141863010820130705013054086606
0000141873010820130705012901774603
0000141883010820130707012195819652
0000141893010820130707012698827582
0000141903010820130707012866650478
0000141913010820130708013001901542
0000141923010820130708012907889569
0000141933010820130708012231146209
0000141943010820130710010831104454
0000141953010820130710013282398602
0000141963010820130711012710115567
0000141973010820130712012710115567
0000141983010820130712012956105541
0000141993010820130713013078181854
0000142003010820130714019027518257
0000142013010820130715017014719201
0000142023010820130717013340720605
0000142033010820130724013368683607
0000142043010820130724020469666271
0000142053010820130727013402189568
0000142063010820130727014492005273
0000142073010820130740013123898546
0000142083010820130740019008788767
0000142093010820130742013337517608
0000142103010820130747013340555604
0000142113010820130749012807241567
0000142123010820130751012496991179
0000142133010820130808012801628567
0000142163010820130811013375117603
0000142193010820130816012307071360
0000142203010820130837013348177625
0000142213010820130837012413798716
0000142223010820130837013143911548
0000142263010820130843013015174567
0000142273010820130845012537695897
0000144323010820131609012801628567
0000144333010820131656019008788767
0000144343010820131657012537695897
0000144353010820131744013143911548
0000144363010820131744013348177625
0000144373010820131826012184420354
0000144383010820131828014813722276
0000144393010820131829012098256436
0000144403010820131832012599798606
0000144413010820131840012580778626
0000144423010820131841013282366603
0000144433010820131844016559102905
0000144443010820131850012807241567
0000144453010820131851013015174567
0000144463010820131855012948690546
0000144473010820131856013340555604
0000144483010820131856016561215258
0000144493010820131858012430750645
0000144503010820131902012307450175
0000144513010820131904019013646452
0000144523010820131905012307071360
0000144533010820131908012866650478
0000144543010820131920012831502561
0000144553010820131925012496991179
0000144563010820131927012205262353
0000144573010820131930013016004606
0000144583010820131949013223620299
0000144593020820130626013324120623
0000144603020820130627012363099119
0000144613020820130632012514436755
0000144623020820130634012050927365
0000144633020820130634012019979200
0000144643020820130639012805962097
0000144653020820130640013281185567
0000144663020820130649012328355066
0000144673020820130653012815191131
0000144683020820130653012477101643
0000144693020820130654012701349607
0000144703020820130654018221479905
0000144713020820130654012205262353
0000144723020820130654010746412220
0000144733020820130656013335552546
0000144743020820130656013158042850
0000144753020820130658012599798606
0000144763020820130658012098256436
0000144773020820130700012580778626
0000144783020820130700012430750645
0000144793020820130700014813722276
0000144803020820130701014813722276
0000144813020820130701012831502561
0000144823020820130703019035856492
0000144833020820130703012990449932
0000144843020820130704012750071587
0000144853020820130708012371544266
0000144863020820130708019013646452
0000144873020820130710019028115687
0000144883020820130711013003689621
0000144893020820130711012184420354
0000144903020820130712013402189568
0000144913020820130713020737056546
0000144923020820130716013401848541
0000144933020820130717012434438913
0000144943020820130717013023813603
0000144953020820130720019020254203
0000144963020820130721013101611899
0000144973020820130721013033365581
0000144983020820130722012319976096
0000144993020820130724012624503546
0000145003020820130727012456557427
0000145013020820130727013001901542
0000145023020820130728012430762570
0000145033020820130730012008677348
0000145043020820130733012231146209
0000145053020820130740020157049145
0000145063020820130818012801628567
0000145073020820130827012537695897
0000145083020820130833019008788767
0000145093020820130839013143911548
0000145123020820131700013348177625
0000145133020820131701012537695897
0000145143020820131703019008788767
0000145153020820131728012801628567
0000145163020820131832013775780938
0000145173020820131833012288622123
0000145183020820131846019028115687
0000145193020820131852012363171936
0000145203020820131900012805962097
0000145213020820131900012328355066
0000145223020820131900012363099119
0000145233020820131901013016004606
0000145243020820131901018221479905
0000145253020820131901013281185567
0000145263020820131903012477101643
0000145273020820131903012008677348
0000145283020820131906017017226737
0000145293020820131906017017226737
0000145303020820131913012912871540
0000145313020820131914013223620299
0000145323020820131917012698827582
0000145333020820131918013078181854
0000145343020820131918012050927365
0000145353020820131921013340720605
0000145363020820131921012537137908
0000145373020820131921012956105541
0000145383020820132017013143911548
0000145393020820132017013348177625
0000145403030820130626012462093267
0000145413030820130627016561215258
0000145423030820130633013015174567
0000145433030820130638012538135755
0000145443030820130639013282366603
0000145453030820130640012724154543
0000145463030820130648010094962488
0000145473030820130650016559443273
0000145483030820130652014585442835
0000145493030820130654019018711759
0000145503030820130654013024837131
0000145513030820130654012205098138
0000145523030820130656013775780938
0000145533030820130656012866650478
0000145543030820130657013020335603
0000145553030820130700013023813603
0000145563030820130700012514436755
0000145573030820130700012288622123
0000145583030820130701012992819621
0000145593030820130701012912871540
0000145603030820130701013335552546
0000145613030820130702019020254203
0000145623030820130702012879773549
0000145633030820130702012386578293
0000145643030820130702012319976096
0000145653030820130704012500170243
0000145663030820130706012559622582
0000145673030820130706013158042850
0000145683030820130707012594062547
0000145693030820130710012019979200
0000145703030820130710017023709736
0000145713030820130715012698827582
0000145723030820130715012363171936
0000145733030820130715013016004606
0000145743030820130716012956105541
0000145753030820130717019008204943
0000145763030820130718012750071587
0000145773030820130718013078181854
0000145783030820130719013101611899
0000145793030820130725016559102905
0000145803030820130726012701349607
0000145813030820130732013340720605
0000145823030820130734017017226737
0000145833030820130753019035856492
0000145863030820130931013393339604
0000145893030820130942015971167271
0000145903030820131253013324120623
0000145913030820131830014813722276
0000145923030820131834012599798606
0000145933030820131848012363171936
0000145943030820131856013282366603
0000145953030820131901013015174567
0000145963030820131912012496991179
0000145973030820131917012205262353
0000145983030820131918012430750645
0000145993030820131926015971167271
0000146003040820130641012805962097
0000146013040820130645020035500934
0000146023040820130645020035500934
0000146033040820130649012928375548
0000146043040820130650016561215258
0000146053040820130651012328355066
0000146063040820130652012363171936
0000146073040820130653017007888257
0000146083040820130659012050927365
0000146093040820130700012462093267
0000146103040820130701019008204943
0000146113040820130702013393339604
0000146123040820130702013310508543
0000146133040820130702012205098138
0000146143040820130703012594062547
0000146153040820130704012363099119
0000146163040820130706014813722276
0000146173040820130706013042840580
0000146183040820130706014585442835
0000146193040820130707018221479905
0000146203040820130707013281185567
0000146213040820130709012599798606
0000146223040820130713012500170243
0000146233040820130713012500170243
0000146243040820130714012477101643
0000146253040820130716012205262353
0000146263040820130716013230041606
0000146273040820130722019018711759
0000146303040820130725013110988622
0000146313040820130726012430750645
0000146323040820130726010094962488
0000146333040820130727012008677348
0000146343040820130727012964126544
0000146353040820130728013020335603
0000146363040820130728013248344562
0000146373040820130728013324120623
0000146383040820130728017023709736
0000146393040820130740012992819621
0000146403040820130752016559443273
0000146413040820130807012559622582
0000146423040820130810013040688609
0000146433040820131339013109731567
0000146443040820131400013080174568
0000146453040820131627013284800564
0000146463040820131655012723818197
0000146473040820131842013775780938
0000146483040820131850012288622123
0000146493040820131857012328355066
0000146503040820131857013340720605
0000146513040820131859012698827582
0000146523040820131900012008677348
0000146533040820131901013375117603
0000146543040820131902012363099119
0000146553040820131906012805962097
0000146563040820131906018221479905
0000146593040820131909011678204123
0000146603040820131909012477101643
0000146613040820131909012050927365
0000146623040820131910013375008561
0000146633040820131912012912871540
0000146643040820131914013078181854
0000146673040820131917013388088542
0000146683040820131918020035500934
0000146693040820131919013281185567
0000146703040820131933012895308545
0000146713040820131933012283119229
0000146723040820132051013324120623
0000146733050820130618013775780938
0000146743050820130627016561215258
0000146753050820130632013015174567
0000146763050820130633016382873463
0000146773050820130649012876146586
0000146783050820130649016559102905
0000146793050820130652013108773568
0000146803050820130653011687628046
0000146813050820130653016873416585
0000146823050820130655013282366603
0000146833050820130656012646880601
0000146843050820130658019035856492
0000146853050820130658013110988622
0000146863050820130700012288622123
0000146873050820130700020035500934
0000146883050820130700012912871540
0000146893050820130701010563286471
0000146903050820130701012871807606
0000146913050820130702012386578293
0000146923050820130703013057168565
0000146933050820130704013310508543
0000146943050820130704012490619537
0000146953050820130705013248344562
0000146963050820130705017007888257
0000146973050820130706012363171936
0000146983050820130706013080174568
0000146993050820130706012698827582
0000147003050820130707013388088542
0000147013050820130708013123898546
0000147023050820130712012723818197
0000147033050820130713012612719581
0000147043050820130716011678204123
0000147053050820130717013042840580
0000147063050820130719013340720605
0000147073050820130719013375117603
0000147083050820130719012283119229
0000147093050820130720012928375548
0000147103050820130724015971167271
0000147113050820130725013109731567
0000147123050820130742013040688609
0000147133050820130753019008788767
0000147143050820130801013348177625
0000147153050820130801013110799609
0000147163050820130807012801628567
0000147173050820130823016561215258
0000147183050820130828012413798716
0000147193050820130843013143911548
0000147233050820131453012282798475
0000147243050820131743019008788767
0000147253050820131807012801628567
0000147263050820131830012580778626
0000147273050820131834014813722276
0000147283050820131845012098256436
0000147293050820131848013015174567
0000147303050820131849013282366603
0000147313050820131902012948690546
0000147323050820131902012895308545
0000147333050820131903013110799609
0000147343050820131907012205262353
0000147353050820131912019013646452
0000147363050820131913012599798606
0000147373050820131916012831502561
0000147383050820131927012831502561
0000147393050820131935012496991179
0000147403050820131946015971167271
0000147413060820130624013324120623
0000147423060820130627010746412220
0000147433060820130629019027518257
0000147443060820130635010605420464
0000147453060820130640012898221548
0000147463060820130646012893025562
0000147473060820130646010831104454
0000147483060820130647013054086606
0000147493060820130647012805962097
0000147503060820130649012050927365
0000147513060820130649012363099119
0000147523060820130650013281185567
0000147533060820130654012328355066
0000147543060820130655013352646588
0000147553060820130655018221479905
0000147563060820130657012901774603
0000147573060820130659012205262353
0000147583060820130700014813722276
0000147593060820130700016382873463
0000147603060820130700017014719201
0000147613060820130700012008677348
0000147623060820130700016873416585
0000147633060820130700012580778626
0000147643060820130701012430750645
0000147653060820130701019036823792
0000147663060820130701012477101643
0000147673060820130701012195819652
0000147683060820130703012599798606
0000147693060820130703012098256436
0000147703060820130703013368683607
0000147713060820130704012948690546
0000147723060820130704012831502561
0000147733060820130705012612719581
0000147743060820130706012282798475
0000147753060820130707013123898546
0000147763060820130708010563286471
0000147773060820130710012646880601
0000147783060820130713012895308545
0000147793060820130713014492005273
0000147803060820130715012876146586
0000147813060820130715019013646452
0000147823060820130726021079846680
0000147833060820130730012986288563
0000147843060820130730013340555604
0000147853060820130731013108773568
0000147863060820130732012386578293
0000147873060820130732013230041606
0000147883060820130734011687628046
0000147893060820130734020035500934
0000147903060820130741020469666271
0000147913060820130744019035856492
0000147923060820130745019043562036
0000147933060820130746014419746277
0000147943060820130747012430762570
0000147953060820130805013348177625
0000147963060820130806013348177625
0000147973060820130806013085261604
0000147983060820130813010690576568
0000147993060820130813012801628567
0000148003060820130829012537695897
0000148013060820130835013143911548
0000148023060820131041012413798716
0000148073060820131537013341463622
0000148083060820131701012801628567
0000148093060820131712012537695897
0000148103060820131718013348177625
0000148113060820131718012413798716
0000148123060820131835011678204123
0000148133060820131844012288622123
0000148143060820131850019043562036
0000148153060820131850014419746277
0000148163060820131854013340555604
0000148173060820131856012956105541
0000148183060820131857012363171936
0000148193060820131858013775780938
0000148203060820131900013281185567
0000148213060820131900012008677348
0000148223060820131900018221479905
0000148233060820131900012328355066
0000148243060820131901012363099119
0000148253060820131901012430762570
0000148263060820131904012986288563
0000148273060820131904013341463622
0000148283060820131906012805962097
0000148293060820131917013078181854
0000148303060820131920013340720605
0000148313060820131921012477101643
0000148323060820131921012050927365
0000148333060820131924010690576568
0000148343060820131927012912871540
0000148353060820131936012698827582
0000148383060820131945012292349576
0000148393070820130604013324120623
0000148403070820130628013001901542
0000148413070820130631013282366603
0000148423070820130631012537137908
0000148433070820130635016559102905
0000148443070820130636016328907177
0000148453070820130637013015174567
0000148463070820130645012371544266
0000148473070820130649012907889569
0000148483070820130652012456557427
0000148493070820130653013003689621
0000148503070820130653016561215258
0000148513070820130654010746412220
0000148523070820130655013266223623
0000148533070820130656012611822621
0000148543070820130657012231146209
0000148553070820130659010605420464
0000148563070820130659012363171936
0000148573070820130700012912871540
0000148583070820130700013775780938
0000148593070820130701019036823792
0000148603070820130701012219909451
0000148613070820130701012288622123
0000148623070820130704012697536622
0000148633070820130705012698827582
0000148643070820130706013402189568
0000148653070820130708014492005273
0000148663070820130708012893025562
0000148673070820130709013282398602
0000148683070820130709013054086606
0000148693070820130710012901774603
0000148703070820130710012195819652
0000148713070820130711019027518257
0000148723070820130711012898221548
0000148733070820130711010831104454
0000148743070820130713012710115567
0000148753070820130714012990449932
0000148763070820130714012292349576
0000148773070820130715012866650478
0000148783070820130722012956105541
0000148793070820130722013352646588
0000148803070820130722017014719201
0000148813070820130724020469666271
0000148823070820130724013368683607
0000148833070820130725012624503546
0000148843070820130725011678204123
0000148853070820130729021079846680
0000148863070820130733013078181854
0000148873070820130733012496991179
0000148883070820130734020157049145
0000148893070820130735012429067007
0000148903070820130735013337517608
0000148913070820130736019008788767
0000148923070820130740012184420354
0000148933070820130740013401848541
0000148943070820130752013340720605
0000148953070820130754012986288563
0000148963070820130807013348177625
0000148973070820130814013143911548
0000148983070820130819012801628567
0000148993070820130836012537695897
0000149003070820131702012801628567
0000149013070820131702019008788767
0000149023070820131705012537695897
0000149033070820131723013375008561
0000149043070820131725012413798716
0000149053070820131726013143911548
0000149063070820131831014813722276
0000149073070820131834012580778626
0000149083070820131851012986288563
0000149093070820131856012866650478
0000149103070820131904012948690546
0000149113070820131904012599798606
0000149123070820131912012098256436
0000149133070820131915013015174567
0000149143070820131920019018711759
0000149153070820131923012624503546
0000149163070820131924012430750645
0000149173070820131934016561215258
0000149183070820131952012831502561
0000149193070820132039012205262353
0000149203080820130627012363099119
0000149213080820130636012307450175
0000149223080820130640013281185567
0000149233080820130642012205262353
0000149243080820130644012434438913
0000149253080820130646012805962097
0000149263080820130651012050927365
0000149273080820130652012020334773
0000149283080820130653013335552546
0000149293080820130656013375117603
0000149303080820130659012319976096
0000149313080820130659012734943567
0000149323080820130659012734943567
0000149333080820130700012599798606
0000149343080820130700013266223623
0000149353080820130700012184420354
0000149363080820130700012333477700
0000149373080820130700012580778626
0000149383080820130701014813722276
0000149393080820130701012008677348
0000149403080820130703013158042850
0000149413080820130703012948690546
0000149423080820130704012219909451
0000149433080820130705012098256436
0000149443080820130705012831502561
0000149453080820130705016328907177
0000149463080820130706012611822621
0000149473080820130707012710115567
0000149483080820130707019018711759
0000149493080820130710012328355066
0000149503080820130710012697536622
0000149513080820130710013023813603
0000149523080820130711012537137908
0000149533080820130711012371544266
0000149543080820130711013101611899
0000149553080820130712017060753395
0000149563080820130713013003689621
0000149573080820130714013223076580
0000149583080820130716012990449932
0000149593080820130716012430750645
0000149603080820130717012907889569
0000149613080820130717012750071587
0000149623080820130718012477101643
0000149633080820130719012456557427
0000149643080820130721013282398602
0000149653080820130722012429067007
0000149663080820130722018221479905
0000149673080820130725013001901542
0000149683080820130726015101175270
0000149693080820130727015931944277
0000149703080820130734013402189568
0000149713080820130739012231146209
0000149723080820130739012231146209
0000149733080820130740012701349607
0000149743080820130746013401848541
0000149753080820130753019008788767
0000149763080820130801013340555604
0000149773080820130803012801628567
0000149783080820130804012807241567
0000149793080820130813013348177625
0000149803080820130813020157049145
0000149813080820130833013143911548
0000149823080820130905012537695897
0000149833080820131032012413798716
0000149873080820131100013337507564
0000149883080820131209012801628567
0000149923080820131526012323040040
0000149933080820131710012537695897
0000149943080820131711013143911548
0000149953080820131711012413798716
0000149963080820131712013348177625
0000149973080820131810012288622123
0000149983080820131824012815191131
0000149993080820131846012956105541
0000150003080820131846012807241567
0000150013080820131857013340555604
0000150023080820131857013016004606
0000150033080820131858013078181854
0000150043080820131858012363099119
0000150053080820131859012307450175
0000150063080820131903015931944277
0000150073080820131904012477101643
0000150083080820131904012050927365
0000150093080820131904013281185567
0000150103080820131905012008677348
0000150113080820131906012698827582
0000150123080820131914012363171936
0000150133080820131916018221479905
0000150143080820131916013340720605
0000150153080820131917013775780938
0000150163080820131922012805962097
0000150173080820131922012292349576
0000150183080820131926012912871540
0000150193080820131927019013646452
0000150203080820131933012328355066
0000150213080820131937013223620299
0000150223090820130629016561215258
0000150233090820130632012514436755
0000150243090820130637013015174567
0000150253090820130642016559102905
0000150263090820130643012559622582
0000150273090820130643013775780938
0000150283090820130646013024399622
0000150293090820130651013282366603
0000150303090820130652012664892608
0000150313090820130655012624503546
0000150323090820130655019008204943
0000150333090820130655019035856492
0000150343090820130656012019979200
0000150353090820130657019013646452
0000150363090820130657012363171936
0000150373090820130658013042840580
0000150383090820130659012750071587
0000150393090820130700013023813603
0000150403090820130700012912871540
0000150413090820130700013335552546
0000150423090820130701012992819621
0000150433090820130701012462093267
0000150443090820130701014492005273
0000150453090820130701012020334773
0000150463090820130703012288622123
0000150473090820130705012319976096
0000150483090820130705012538135755
0000150493090820130705012698827582
0000150503090820130706012430762570
0000150513090820130706012210531197
0000150523090820130706016559443273
0000150533090820130707012434438913
0000150543090820130708014585442835
0000150553090820130710021079846680
0000150563090820130711015101175270
0000150573090820130712017060753395
0000150583090820130715013078181854
0000150593090820130719013016004606
0000150603090820130719013340720605
0000150613090820130723012879773549
0000150623090820130724012866650478
0000150633090820130725012956105541
0000150643090820130726012701349607
0000150653090820130727013223076580
0000150663090820130729019020254203
0000150673090820130730013033365581
0000150683090820130739012496991179
0000150693090820130739013375117603
0000150703090820130743019028115687
0000150713090820130743013158042850
0000150723090820130743012815191131
0000150733090820130754012323040040
0000150743090820130807013348177625
0000150753090820130812012333477700
0000150763090820130854012537695897
0000150773090820131804013348177625
0000150783090820131808012430750645
0000150793090820131815021079846680
0000150803090820131823014813722276
0000150813090820131836012496991179
0000150823090820131837012098256436
0000150833090820131837012580778626
0000150843090820131849012599798606
0000150853090820131855014492005273
0000150863090820131855016561215258
0000150873090820131856013282366603
0000150883090820131900013223620299
0000150893090820131901013223620299
0000150903090820131903019028115687
0000150913090820131905012831502561
0000150923090820131910016559102905
0000150933090820131911012866650478
0000150943090820131921017017226737
0000150953090820131921015971167271
0000150963090820131923012205262353
0000150973090820131946013015174567
0000150983100820130632012724154543
0000150993100820130638012050927365
0000151003100820130639018221479905
0000151013100820130644013393339604
0000151023100820130646012328355066
0000151033100820130648012594062547
0000151043100820130652012205098138
0000151053100820130652012566865622
0000151063100820130652012805962097
0000151073100820130653013099075565
0000151083100820130654013044241587
0000151093100820130655012490619537
0000151103100820130657012599798606
0000151113100820130658012477101643
0000151123100820130658012205262353
0000151133100820130659010094962488
0000151143100820130659013024837131
0000151153100820130700014813722276
0000151163100820130700012580778626
0000151173100820130700012098256436
0000151183100820130700012831502561
0000151193100820130700012514436755
0000151203100820130701017023709736
0000151213100820130701012761722541
0000151223100820130702013109731567
0000151233100820130702012363099119
0000151243100820130702013281185567
0000151253100820130703019020254203
0000151263100820130703012538135755
0000151273100820130704019008204943
0000151283100820130704012992819621
0000151293100820130704012964126544
0000151303100820130707013310508543
0000151313100820130710013042840580
0000151323100820130710012430750645
0000151333100820130712012624503546
0000151343100820130714012674856604
0000151353100820130716013024399622
0000151363100820130717012019979200
0000151373100820130720012210531197
0000151383100820130720012559622582
0000151393100820130720016559443273
0000151403100820130721012430762570
0000151413100820130724012871807606
0000151423100820130726012664892608
0000151433100820130726012462093267
0000151443100820130733014585442835
0000151453100820130736017017226737
0000151463100820130736017017226737
0000151473100820130739019035856492
0000151483100820130755012008677348
0000151493100820131826012580778626
0000151503100820131840013775780938
0000151513100820131841012698827582
0000151523100820131853012050927365
0000151533100820131854012477101643
0000151543100820131857012328355066
0000151553100820131858012805962097
0000151563100820131859018221479905
0000151573100820131901012363099119
0000151583100820131901012363099119
0000151593100820131902013281185567
0000151603100820131905013078181854
0000151613100820131905013340720605
0000151623100820131921013341463622
0000151633100820131921015971167271
0000151643100820131926012956105541
0000151653100820131941012912871540
0000151663100820132021012008677348
0000151673110820130621012599798606
0000151683110820130622012098256436
0000151693110820130651012646880601
0000151703110820130652012831502561
0000151713110820130656010563286471
0000151723110820130656011687628046
0000151733110820130657013057168565
0000151743110820130657013108773568
0000151753110820130658013123898546
0000151763110820130659013340720605
0000151773110820130659012456526580
0000151783110820130659013393339604
0000151793110820130659013775780938
0000151803110820130700013024837131
0000151813110820130700017007888257
0000151823110820130701017007888257
0000151833110820130701012363099119
0000151843110820130701012912871540
0000151853110820130702012698827582
0000151863110820130703012580778626
0000151873110820130703013044241587
0000151883110820130704013230041606
0000151893110820130704012363352817
0000151903110820130704013099075565
0000151913110820130705012490619537
0000151923110820130705012386578293
0000151933110820130707020035500934
0000151943110820130707016382873463
0000151953110820130707012876146586
0000151963110820130707013040688609
0000151973110820130708012205098138
0000151983110820130709013281813622
0000151993110820130709013078181854
0000152003110820130709012594062547
0000152013110820130710017023709736
0000152023110820130714014660472279
0000152033110820130715013110988622
0000152043110820130718016873416585
0000152053110820130719013310508543
0000152063110820130719012871807606
0000152073110820130720012956105541
0000152083110820130720012956105541
0000152093110820130722010094962488
0000152103110820130735013341463622
0000152113110820130750012761722541
0000152123110820130758011678204123
0000152133110820130812013109731567
0000152143110820131818013015174567
0000152153110820131818012580778626
0000152163110820131832014813722276
0000152173110820131840012599798606
0000152183110820131905014660472279
0000152193110820131906013388088542
0000152203110820131908013375008561
0000152213110820131917012292349576
0000152223110820131917012956105541
0000152233110820131918012205262353
0000152243110820131926012430750645
0000152253110820132006013375117603
0000152263120820130636010605420464
0000152273120820130638010831104454
0000152283120820130639019027518257
0000152293120820130641012805962097
0000152303120820130641013281185567
0000152313120820130642012898221548
0000152323120820130644012893025562
0000152333120820130645012008677348
0000152343120820130649013054086606
0000152353120820130649012195819652
0000152363120820130653012205262353
0000152373120820130653018221479905
0000152383120820130653012328355066
0000152393120820130654013110988622
0000152403120820130656012928375548
0000152413120820130658012231146209
0000152423120820130659017007888257
0000152433120820130700020469666271
0000152443120820130700012580778626
0000152453120820130700019036823792
0000152463120820130701012895308545
0000152473120820130701012098256436
0000152483120820130701014492005273
0000152493120820130703016382873463
0000152503120820130703012876146586
0000152513120820130703012612719581
0000152523120820130703016873416585
0000152533120820130704012050927365
0000152543120820130707012646880601
0000152553120820130708012477101643
0000152563120820130710014813722276
0000152573120820130710013368683607
0000152583120820130712021079846680
0000152593120820130713013281813622
0000152603120820130713013015174567
0000152613120820130713013388088542
0000152623120820130718020035500934
0000152633120820130718013057168565
0000152643120820130719013023523621
0000152653120820130719012901774603
0000152663120820130719013040688609
0000152673120820130720013123898546
0000152683120820130720013341463622
0000152693120820130720013108773568
0000152703120820130720012363352817
0000152713120820130722013375008561
0000152723120820130723012831502561
0000152733120820130727018194135678
0000152743120820130728015971167271
0000152753120820130739013230041606
0000152763120820130739012386578293
0000152773120820130751012430750645
0000152783120820130752019008788767
0000152793120820130753013375117603
0000152803120820130753011678204123
0000152813120820130754013348177625
0000152823120820130825013143911548
0000152833120820130828012537695897
