0000221563300920131801012098256436
0000221573300920131839014813722276
0000221583300920131856012580778626
0000221593300920131857013016004606
0000221603300920131858012831502561
0000221613300920131902013015174567
0000221623300920131902016561215258
0000221633300920131902013282366603
0000221643300920131906012184420354
0000221653300920131910012496991179
0000221663300920131913012866650478
0000221673300920131914012430750645
0000221683300920131920019013646452
0000221693300920131932015971167271
0000221703300920131953012205262353
0000221713011020130624013016004606
0000221723011020130626012328355066
0000221733011020130629010746412220
0000221743011020130642012319976096
0000221753011020130644018221479905
0000221763011020130644013324120623
0000221773011020130644013281185567
0000221783011020130646013158042850
0000221793011020130647012205262353
0000221803011020130647012450071042
0000221813011020130649012805962097
0000221823011020130650013337507564
0000221833011020130650013352646588
0000221843011020130651012831502561
0000221853011020130652012380739570
0000221863011020130652012363099119
0000221873011020130655012879773549
0000221883011020130655012050927365
0000221893011020130655013335552546
0000221903011020130657013023813603
0000221913011020130657012323040040
0000221923011020130700012701349607
0000221933011020130700012928375548
0000221943011020130700012580778626
0000221953011020130700014813722276
0000221963011020130701012430750645
0000221973011020130704013402189568
0000221983011020130705012098256436
0000221993011020130705012734943567
0000222003011020130709012612719581
0000222013011020130712019013646452
0000222023011020130714012611822621
0000222033011020130715013003689621
0000222043011020130715016328907177
0000222053011020130717012624503546
0000222063011020130727012537137908
0000222073011020130727012371544266
0000222083011020130727013001901542
0000222093011020130729021079846680
0000222103011020130730014419746277
0000222113011020130730019043562036
0000222123011020130731012008677348
0000222133011020130732012986288563
0000222143011020130738020737056546
0000222153011020130738013401848541
0000222163011020130738019035856492
0000222173011020130740010690576568
0000222183011020130747012430762570
0000222193011020130749013085261604
0000222203011020130749013085261604
0000222213011020130800012697536622
0000222223011020130806013348177625
0000222233011020130807019008788767
0000222243011020130812012801628567
0000222253011020130813012413798716
0000222263011020130818013143911548
0000224223011020131703019008788767
0000224233011020131729012801628567
0000224243011020131730013143911548
0000224253011020131733013348177625
0000224263011020131741012413798716
0000224273011020131819012288622123
0000224283011020131838012477101643
0000224293011020131839013085261604
0000224303011020131845012292349576
0000224313011020131852012363171936
0000224323011020131853012986288563
0000224333011020131854021079846680
0000224343011020131900012008677348
0000224353011020131901012363099119
0000224363011020131901014419746277
0000224373011020131901019043562036
0000224383011020131901013023523621
0000224393011020131902013281185567
0000224403011020131904012328355066
0000224413011020131905012698827582
0000224423011020131906013340720605
0000224433011020131906010690576568
0000224443011020131907018221479905
0000224453011020131907012805962097
0000224463011020131911013375008561
0000224473011020131912012912871540
0000224483011020131913012430762570
0000224493011020131915012956105541
0000224503011020131916012050927365
0000224513011020131921019013677145
0000224523011020131936011678204123
0000224533021020130613013282366603
0000224543021020130618016559102905
0000224553021020130623013015174567
0000224563021020130623013042840580
0000224573021020130632012907889569
0000224583021020130635016561215258
0000224593021020130642013023813603
0000224603021020130643012462093267
0000224613021020130644013020335603
0000224623021020130646012664892608
0000224633021020130648013023523621
0000224643021020130650014585442835
0000224653021020130652012912871540
0000224663021020130653012559622582
0000224673021020130657012219909451
0000224683021020130658012496991179
0000224693021020130700012319976096
0000224703021020130700013335552546
0000224713021020130700012477101643
0000224723021020130700012956105541
0000224733021020130701012698827582
0000224743021020130701013324120623
0000224753021020130701013337507564
0000224763021020130701012288622123
0000224773021020130701016559443273
0000224783021020130702014492005273
0000224793021020130702013143911548
0000224803021020130702012380739570
0000224813021020130704012363171936
0000224823021020130706012734943567
0000224833021020130711013266223623
0000224843021020130711019018711759
0000224853021020130712013340720605
0000224863021020130712019008204943
0000224873021020130714013352646588
0000224883021020130715012500170243
0000224893021020130717012429067007
0000224903021020130718019013677145
0000224913021020130720012538135755
0000224923021020130723011678204123
0000224933021020130723013016004606
0000224943021020130724013158042850
0000224953021020130727012490932707
0000224963021020130736012386578293
0000224973021020130736012879773549
0000224983021020130740012701349607
0000224993021020130749013282398602
0000225003021020130753012801628567
0000225013021020130759013348177625
0000225023021020130800019008788767
0000225033021020130805013024399622
0000225043021020130805012992819621
0000225053021020130806012986288563
0000225063021020130812012413798716
0000225073021020131701012801628567
0000225083021020131708019008788767
0000225093021020131710013348177625
0000225103021020131710013143911548
0000225113021020131713012413798716
0000225123021020131835012831502561
0000225133021020131840012098256436
0000225143021020131841014813722276
0000225153021020131852016561215258
0000225163021020131853012430750645
0000225173021020131858012580778626
0000225183021020131900012664892608
0000225193021020131900013015174567
0000225203021020131901012986288563
0000225213021020131904013282366603
0000225223021020131910012490932707
0000225233021020131911014492005273
0000225243021020132023012205262353
0000225253021020132035013393339604
0000225263031020130542013393339604
0000225273031020130614012328355066
0000225283031020130614012724154543
0000225293031020130624012434438913
0000225303031020130636012205262353
0000225313031020130637012283119229
0000225323031020130643012490619537
0000225333031020130647012805962097
0000225343031020130650012333477700
0000225353031020130651012456526580
0000225363031020130654013375117603
0000225373031020130656012646880601
0000225383031020130657019018711759
0000225393031020130659018221479905
0000225403031020130659013080174568
0000225413031020130700014813722276
0000225423031020130700012761722541
0000225433031020130701012580778626
0000225443031020130701012363099119
0000225453031020130701012430750645
0000225463031020130701013322850608
0000225473031020130703012050927365
0000225483031020130704012831502561
0000225493031020130706012219909451
0000225503031020130707013310508543
0000225513031020130707013266223623
0000225523031020130707013109731567
0000225533031020130711013024399622
0000225543031020130712019008204943
0000225553031020130713013230041606
0000225563031020130713012462093267
0000225573031020130713014585442835
0000225583031020130715013223076580
0000225593031020130715012815191131
0000225603031020130716013042840580
0000225613031020130719012008677348
0000225623031020130720013282398602
0000225633031020130723012500170243
0000225643031020130723012500170243
0000225653031020130724012538135755
0000225663031020130728012907889569
0000225673031020130730013340555604
0000225683031020130731015931944277
0000225693031020130739012307071360
0000225703031020130739012559622582
0000225713031020130739013020335603
0000225723031020130757012801628567
0000225733031020130758019008788767
0000225743031020130801012992819621
0000225753031020130802012413798716
0000225763031020130803012807241567
0000225773031020130803012807241567
0000225783031020130808013348177625
0000225793031020130814016559443273
0000225803031020130827013143911548
0000225813031020131709019008788767
0000225823031020131709012801628567
0000225833031020131736012413798716
0000225843031020131747018054823768
0000225853031020131807013348177625
0000225863031020131808012288622123
0000225873031020131840012698827582
0000225883031020131847012956105541
0000225893031020131848012723818197
0000225903031020131848012363171936
0000225913031020131852013340720605
0000225923031020131856013340555604
0000225933031020131856015931944277
0000225943031020131856012807241567
0000225953031020131858012050927365
0000225963031020131859012328355066
0000225973031020131901012477101643
0000225983031020131901012363099119
0000225993031020131902012805962097
0000226003031020131902018221479905
0000226013031020131905012307071360
0000226023031020131908013223620299
0000226033031020131911012912871540
0000226043031020131924019013646452
0000226053031020131928013230041606
0000226063031020131930012008677348
0000226073041020130558016559102905
0000226083041020130619018054823768
0000226093041020130626020035500934
0000226103041020130626012514436755
0000226113041020130634013057168565
0000226123041020130635016561215258
0000226133041020130643013015174567
0000226143041020130645013108773568
0000226153041020130646013282366603
0000226163041020130646010563286471
0000226173041020130651012866650478
0000226183041020130656012936499560
0000226193041020130656012363352817
0000226203041020130657012019979200
0000226213041020130659011687628046
0000226223041020130700012434438913
0000226233041020130700010614412827
0000226243041020130700012490619537
0000226253041020130701012363171936
0000226263041020130701012288622123
0000226273041020130702012912871540
0000226283041020130703013230041606
0000226293041020130706016382873463
0000226303041020130706012698827582
0000226313041020130707013033365581
0000226323041020130707012956105541
0000226333041020130709012876146586
0000226343041020130710019013646452
0000226353041020130711013340720605
0000226363041020130713012283119229
0000226373041020130716013223076580
0000226383041020130718012477101643
0000226393041020130718013080174568
0000226403041020130719013310508543
0000226413041020130720013281813622
0000226423041020130720013322850608
0000226433041020130722013123898546
0000226443041020130723012496991179
0000226453041020130724019028115687
0000226463041020130728019020254203
0000226473041020130730013109731567
0000226483041020130730012723818197
0000226493041020130730012815191131
0000226503041020130731012456526580
0000226513041020130733015101175270
0000226523041020130735012646880601
0000226533041020130753013348177625
0000226543041020130754012761722541
0000226553041020130804012801628567
0000226563041020130811012333477700
0000226573041020130820019008788767
0000226583041020130827012413798716
0000226593041020130834012430762570
0000226603041020130906013143911548
0000226723041020131700019008788767
0000226733041020131703012801628567
0000226743041020131708013348177625
0000226753041020131708012413798716
0000226763041020131722018054823768
0000226773041020131755016561215258
0000226783041020131802019028115687
0000226793041020131805012430750645
0000226803041020131805012580778626
0000226813041020131820013143911548
0000226823041020131821014813722276
0000226833041020131858013223620299
0000226843041020131900012496991179
0000226853041020131901012098256436
0000226863041020131902016559102905
0000226873041020131920012205262353
0000226883041020131925017017226737
0000226893041020131928013015174567
0000226903051020130613018054823768
0000226913051020130624012328355066
0000226923051020130629012195819652
0000226933051020130630012805962097
0000226943051020130635012845679620
0000226953051020130635013054086606
0000226963051020130637013368683607
0000226973051020130640010831104454
0000226983051020130643012205098138
0000226993051020130644012901774603
0000227003051020130644012898221548
0000227013051020130645012019979200
0000227023051020130650012050927365
0000227033051020130650012363099119
0000227043051020130651012895308545
0000227053051020130651010094962488
0000227063051020130651018221479905
0000227073051020130652012594062547
0000227083051020130658013044241587
0000227093051020130659012205262353
0000227103051020130659019036823792
0000227113051020130700016382873463
0000227123051020130700012514436755
0000227133051020130700014813722276
0000227143051020130700012580778626
0000227153051020130701012098256436
0000227163051020130701012936499560
0000227173051020130702012363352817
0000227183051020130702019020254203
0000227193051020130703012831502561
0000227203051020130704019027518257
0000227213051020130704013281813622
0000227223051020130705013020335603
0000227233051020130705013024837131
0000227243051020130705013108773568
0000227253051020130706020035500934
0000227263051020130706013123898546
0000227273051020130707013057168565
0000227283051020130707012876146586
0000227293051020130708012956105541
0000227303051020130711013033365581
0000227313051020130711013033365581
0000227323051020130713012430750645
0000227333051020130714010563286471
0000227343051020130717011687628046
0000227353051020130718010614412827
0000227363051020130718020469666271
0000227373051020130722012008677348
0000227383051020130735012386578293
0000227393051020130736013230041606
0000227403051020130739017017226737
0000227413051020130746021079846680
0000227423051020130816012430762570
0000227433051020131826012288622123
0000227443051020131900012698827582
0000227453051020131901012363099119
0000227463051020131905018221479905
0000227473051020131905012956105541
0000227483051020131907012328355066
0000227493051020131909012477101643
0000227503051020131911012363171936
0000227513051020131912012912871540
0000227523051020131912013340720605
0000227533051020131916012008677348
0000227543051020131920012805962097
0000227553061020130638013015174567
0000227563061020130638013402189568
0000227573061020130638016559102905
0000227583061020130639012456557427
0000227593061020130645013282366603
0000227603061020130646012371544266
0000227613061020130648012537137908
0000227623061020130649012807241567
0000227633061020130649012231146209
0000227643061020130652020737056546
0000227653061020130653017007888257
0000227663061020130653012611822621
0000227673061020130653012184420354
0000227683061020130654013024837131
0000227693061020130658016873416585
0000227703061020130659013110988622
0000227713061020130700012594062547
0000227723061020130700011678204123
0000227733061020130701012624503546
0000227743061020130701012901774603
0000227753061020130701012363171936
0000227763061020130701010831104454
0000227773061020130701012195819652
0000227783061020130702012205098138
0000227793061020130702013044241587
0000227803061020130703012912871540
0000227813061020130703019036823792
0000227823061020130703012288622123
0000227833061020130703012866650478
0000227843061020130704019027518257
0000227853061020130705013054086606
0000227863061020130706013401848541
0000227873061020130707013335552546
0000227883061020130707012333401038
0000227893061020130710021079846680
0000227903061020130712013311938584
0000227913061020130714012477101643
0000227923061020130714013001901542
0000227933061020130715013040688609
0000227943061020130717013003689621
0000227953061020130718016561215258
0000227963061020130719012698827582
0000227973061020130720013340720605
0000227983061020130722012898221548
0000227993061020130723014660472279
0000228003061020130737020157049145
0000228013061020130739020469666271
0000228023061020130748013368683607
0000228033061020131831012580778626
0000228043061020131837012098256436
0000228053061020131842014813722276
0000228063061020131848012831502561
0000228073061020131851012807241567
0000228083061020131854012205262353
0000228093061020131858013015174567
0000228103061020131902012496991179
0000228113061020131905014660472279
0000228123061020131905013388088542
0000228133061020131908016561215258
0000228143061020131909012866650478
0000228153061020131922012430750645
0000228163061020131930013311938584
0000228173061020131930013311938584
0000228183061020131930013311938584
0000228193071020130617012328355066
0000228203071020130641012363099119
0000228213071020130645013337507564
0000228223071020130647012450071042
0000228233071020130647013158042850
0000228243071020130647012319976096
0000228253071020130651018221479905
0000228263071020130651013040688609
0000228273071020130652012380739570
0000228283071020130654012928375548
0000228293071020130654012611822621
0000228303071020130654013003689621
0000228313071020130655012831502561
0000228323071020130657012805962097
0000228333071020130659019035856492
0000228343071020130659013110988622
0000228353071020130659012537137908
0000228363071020130700012371544266
0000228373071020130700012580778626
0000228383071020130701014813722276
0000228393071020130701013402189568
0000228403071020130701014492005273
0000228413071020130702012020334773
0000228423071020130702013401848541
0000228433071020130703012231146209
0000228443071020130703020157049145
0000228453071020130703012098256436
0000228463071020130705012205262353
0000228473071020130705011678204123
0000228483071020130705012612719581
0000228493071020130705013023813603
0000228503071020130705012624503546
0000228513071020130709012697536622
0000228523071020130710012333401038
0000228533071020130714015971167271
0000228543071020130715012750071587
0000228553071020130717013101611899
0000228563071020130718017007888257
0000228573071020130721016873416585
0000228583071020130722012456557427
0000228593071020130722013001901542
0000228603071020130728013388088542
0000228613071020130729012050927365
0000228623071020130729012430750645
0000228633071020130732012008677348
0000228643071020130735013335552546
0000228653071020130757013348177625
0000228663071020130757019008788767
0000228673071020130800012801628567
0000228683071020130821012413798716
0000228693071020130823012184420354
0000228703071020130835013143911548
