0000263233311020131707012801628567
0000263243311020131708012413798716
0000263253311020131709013348177625
0000263263311020131839018054823768
0000263273311020131844012580778626
0000263283311020131845012307450175
0000263293311020131849012698827582
0000263303311020131849013340720605
0000263313311020131853012477101643
0000263323311020131855012807241567
0000263333311020131856012288622123
0000263343311020131857013340555604
0000263353311020131900012363099119
0000263363311020131900014492005273
0000263373311020131900012363171936
0000263383311020131900013281185567
0000263393311020131901012328355066
0000263403311020131907012805962097
0000263413311020131908012050927365
0000263423311020131909012761722541
0000263433311020131911018221479905
0000263443311020131912012008677348
0000263453311020131917012956105541
0000263463311020131932012912871540
0000263473311020131936013223620299
0000263483011120130536018054823768
0000263493011120130624013282366603
0000263503011120130632012514436755
0000263513011120130633010614412827
0000263523011120130640016559102905
0000263533011120130640012462093267
0000263543011120130641013023813603
0000263553011120130644016559443273
0000263563011120130648012019979200
0000263573011120130648013237415420
0000263583011120130649016561215258
0000263593011120130651013020335603
0000263603011120130658019028115687
0000263613011120130700012912871540
0000263623011120130700012319976096
0000263633011120130700012879773549
0000263643011120130700012363171936
0000263653011120130700012450071042
0000263663011120130700012664892608
0000263673011120130700012734943567
0000263683011120130701012184420354
0000263693011120130701012580778626
0000263703011120130702012288622123
0000263713011120130703013042840580
0000263723011120130705013101611899
0000263733011120130706012500170243
0000263743011120130707012559622582
0000263753011120130707012559622582
0000263763011120130709012380739570
0000263773011120130709019008204943
0000263783011120130710012866650478
0000263793011120130713012750071587
0000263803011120130715012434438913
0000263813011120130719013158042850
0000263823011120130720012477101643
0000263833011120130720012956105541
0000263843011120130720012701349607
0000263853011120130720012701349607
0000263863011120130721013223076580
0000263873011120130721012496991179
0000263883011120130722012698827582
0000263893011120130730014585442835
0000263903011120130733012761722541
0000263913011120130736013337507564
0000263923011120130743013340720605
0000263933011120130744012323040040
0000263943011120130748026724104090
0000263953011120130802013348177625
0000263963011120130807013375117603
0000263973011120130809019008788767
0000263983011120130812012801628567
0000263993011120130812012333477700
0000264003011120130842012430762570
0000264013011120130848013143911548
0000264023011120130849012413798716
0000264033011120131003019020254203
0000264043011120131705019008788767
0000264053011120131736012413798716
0000264063011120131743012801628567
0000264073011120131755018054823768
0000264083011120131824019028115687
0000264093011120131828013015174567
0000264103011120131834012866873434
0000264113011120131844012831502561
0000264123011120131850016561215258
0000264133011120131851014813722276
0000264143011120131851016559102905
0000264153011120131853012098256436
0000264163011120131900012496991179
0000264173011120131900013282366603
0000264183011120131902013223620299
0000264193011120131903013348177625
0000264203011120131904026724104090
0000264213011120131908013143911548
0000264223011120131911017017226737
0000264233011120131913012205262353
0000264243011120131915012866650478
0000264253011120131927012430750645
0000264263021120130628012363099119
0000264273021120130637012805962097
0000264283021120130638010094962488
0000264293021120130640013281185567
0000264303021120130647012879773549
0000264313021120130648012724154543
0000264323021120130649012283119229
0000264333021120130650013348982609
0000264343021120130652012050927365
0000264353021120130653012328355066
0000264363021120130656012594062547
0000264373021120130657012205098138
0000264383021120130657013322850608
0000264393021120130658012008677348
0000264403021120130700013248344562
0000264413021120130700012831502561
0000264423021120130700018221479905
0000264433021120130700014813722276
0000264443021120130701012866873434
0000264453021120130704020774970167
0000264463021120130705012514436755
0000264473021120130707019020254203
0000264483021120130711012019979200
0000264493021120130712012205262353
0000264503021120130713013310508543
0000264513021120130713012430750645
0000264523021120130714012462093267
0000264533021120130714012098256436
0000264543021120130715012664892608
0000264553021120130716014585442835
0000264563021120130719016559443273
0000264573021120130724013015174567
0000264583021120130725012559622582
0000264593021120130725012559622582
0000264603021120130725013042840580
0000264613021120130725017017226737
0000264623021120130726012500170243
0000264633021120130728013109731567
0000264643021120130729010614412827
0000264653021120130730012674856604
0000264663021120130831012430762570
0000264673021120130924013237415420
0000264683021120131837012815191131
0000264693021120131838012698827582
0000264703021120131841012288622123
0000264713021120131855012956105541
0000264723021120131855012050927365
0000264733021120131856012879773549
0000264743021120131856012477101643
0000264753021120131857013340720605
0000264763021120131900012363099119
0000264773021120131900013281185567
0000264783021120131901012363171936
0000264793021120131904012805962097
0000264803021120131907018221479905
0000264813021120131913012008677348
0000264823021120131919012912871540
0000264833021120131923012328355066
0000264843021120132039012580778626
0000264853031120130616013282366603
0000264863031120130618016559102905
0000264873031120130621016382873463
0000264883031120130640016561215258
0000264893031120130640010563286471
0000264903031120130642012895308545
0000264913031120130645010605420464
0000264923031120130650010852235647
0000264933031120130654020035500934
0000264943031120130654020035500934
0000264953031120130654016873416585
0000264963031120130657012363352817
0000264973031120130657012866650478
0000264983031120130658017007888257
0000264993031120130659012363171936
0000265003031120130700012912871540
0000265013031120130700012956105541
0000265023031120130700012283119229
0000265033031120130701012288622123
0000265043031120130701013248344562
0000265053031120130702012205098138
0000265063031120130702013108773568
0000265073031120130702013123898546
0000265083031120130703012477101643
0000265093031120130703013340720605
0000265103031120130704012698827582
0000265113031120130704013348982609
0000265123031120130704013322850608
0000265133031120130707012594062547
0000265143031120130708013311938584
0000265153031120130709012580778626
0000265163031120130712012876146586
0000265173031120130712010094962488
0000265183031120130716012724154543
0000265193031120130716013281813622
0000265203031120130717013310508543
0000265213031120130717013230041606
0000265223031120130718013057168565
0000265233031120130719013040688609
0000265243031120130719015931944277
0000265253031120130728020774970167
0000265263031120130729011678204123
0000265273031120130735012815191131
0000265283031120130735013110988622
0000265293031120130847013109731567
0000265303031120131635016873416585
0000265313031120131802012866873434
0000265323031120131850014813722276
0000265333031120131855013282366603
0000265343031120131855015931944277
0000265353031120131857012098256436
0000265363031120131858013015174567
0000265373031120131858013015174567
0000265383031120131903013388088542
0000265393031120131905012205262353
0000265403031120131909012866650478
0000265413031120131909012831502561
0000265423031120131913016561215258
0000265433031120131916012430750645
0000265443031120131926013375117603
0000265453031120131936013311938584
0000265463041120130634012893025562
0000265473041120130638013054086606
0000265483041120130639010831104454
0000265493041120130639012363099119
0000265503041120130640013281185567
0000265513041120130641019035856492
0000265523041120130641012898221548
0000265533041120130648012901774603
0000265543041120130650019027518257
0000265553041120130650019036823792
0000265563041120130651012205262353
0000265573041120130652012831502561
0000265583041120130653012195819652
0000265593041120130653013023523621
0000265603041120130654012328355066
0000265613041120130655014492005273
0000265623041120130655011687628046
0000265633041120130656013408874076
0000265643041120130657012477101643
0000265653041120130657018221479905
0000265663041120130657015971167271
0000265673041120130658012050927365
0000265683041120130658013368683607
0000265693041120130658017014719201
0000265703041120130659016382873463
0000265713041120130700012098256436
0000265723041120130700020035500934
0000265733041120130700012876146586
0000265743041120130700012866873434
0000265753041120130700014813722276
0000265763041120130731010563286471
0000265773041120130732011678204123
0000265783041120130734012363352817
0000265793041120130734012612719581
0000265803041120130734010605420464
0000265813041120130735012928375548
0000265823041120130743012008677348
0000265833041120130748019008788767
0000265843041120130749013143911548
0000265853041120130808012413798716
0000265863041120130809012801628567
0000265873041120131706019008788767
0000265883041120131714012413798716
0000265893041120131817012288622123
0000265903041120131830013340720605
0000265913041120131841012805962097
0000265923041120131847012580778626
0000265933041120131851013143911548
0000265943041120131854012956105541
0000265953041120131900012363099119
0000265963041120131901013281185567
0000265973041120131902012912871540
0000265983041120131903012698827582
0000265993041120131905012328355066
0000266003041120131909018054823768
0000266013041120131909018054823768
0000266023041120131912018221479905
0000266033041120131913012363171936
0000266043041120131917012050927365
0000266053041120131917012477101643
0000266063041120131919012893025562
0000266073041120131928012008677348
0000266083041120131932013408874076
0000266093041120131939015971167271
0000266103041120131947014492005273
0000266113051120130629012184420354
0000266123051120130631013282366603
0000266133051120130642016559102905
0000266143051120130642012537137908
0000266153051120130648013402189568
0000266163051120130650012611822621
0000266173051120130650012371544266
0000266183051120130652012866650478
0000266193051120130653016561215258
0000266203051120130654013001901542
0000266213051120130655012333477700
0000266223051120130659012912871540
0000266233051120130700013023523621
0000266243051120130700012288622123
0000266253051120130700012363171936
0000266263051120130700012956105541
0000266273051120130700012901774603
0000266283051120130701012845679620
0000266293051120130702012697536622
0000266303051120130702012612719581
0000266313051120130703012698827582
0000266323051120130704013352646588
0000266333051120130704012750071587
0000266343051120130705012580778626
0000266353051120130706019036823792
0000266363051120130707013322850608
0000266373051120130709016328907177
0000266383051120130709020737056546
0000266393051120130710012805962097
0000266403051120130711013003689621
0000266413051120130712013335552546
0000266423051120130714012898221548
0000266433051120130725010831104454
0000266443051120130725012195819652
0000266453051120130725019027518257
0000266463051120130726011687628046
0000266473051120130726013054086606
0000266483051120130727013368683607
0000266493051120130727017014719201
0000266503051120130730013401848541
0000266513051120130732012986288563
0000266523051120130732012496991179
0000266533051120130736013340720605
0000266543051120130737014419746277
0000266553051120130738019035856492
0000266563051120130752012928375548
0000268603051120130758010690576568
0000268613051120130800019008788767
0000268633051120130806013282398602
0000268643051120130811013348177625
0000268653051120130815013085261604
0000268663051120130823012413798716
0000268673051120130903012430762570
0000268683051120130909012801628567
0000268693051120130948013143911548
