0000512353300920131718012150916527
0000512363300920131741012386855181
0000512373300920131820010318320689
0000512383300920131825013366872569
0000512393300920131840010813776292
0000512403300920131844012708247605
0000512413300920131846012313261044
0000512423300920131850013084786584
0000512433300920131854012004930936
0000512443300920131856014844122270
0000512453300920131856012858636585
0000512463300920131858012456823348
0000512473300920131858012319737253
0000512483300920131901010314867713
0000512493300920131901012349959181
0000512503300920131906010814004021
0000512513300920131909013153210607
0000512523300920131911012434408240
0000512533300920131922012608653628
0000512543300920131922013343284601
0000512553300920131922019033786039
0000512563300920131928012420704934
0000512573300920131928012420704934
0000512583300920131939013194415564
0000512593300920131942012739447541
0000512603300920131942016587828540
0000512613300920132110012496829282
0000512623011020130519012496829282
0000512633011020130612010324626298
0000512643011020130626012454253560
0000512653011020130628013153210607
0000512663011020130633012519459656
0000512673011020130635012992912567
0000512683011020130636013726012809
0000512693011020130638012357601584
0000512703011020130639012062693674
0000512713011020130640012456772298
0000512723011020130641020421048306
0000512733011020130648016203863522
0000512743011020130651012260223216
0000512753011020130652012598219629
0000512763011020130652012866609745
0000512773011020130652012700736585
0000512783011020130655012930566584
0000512793011020130656016877092610
0000512803011020130656012709577544
0000512813011020130657012507644070
0000512823011020130657012420704934
0000512833011020130658013333892587
0000512843011020130658012434408240
0000512853011020130659010777518071
0000512863011020130700012381218833
0000512873011020130701013074487568
0000512883011020130702016587828540
0000512893011020130703012873551609
0000512903011020130703012621502581
0000512913011020130703012147108814
0000512923011020130705013534757776
0000512933011020130705010318320689
0000512943011020130706013084786584
0000512953011020130707012804171568
0000512963011020130708012708247605
0000512973011020130708013327806623
0000512983011020130711013051332568
0000512993011020130714012313261044
0000513003011020130714013366872569
0000513013011020130715013015254676
0000513023011020130719012837505627
0000513033011020130728013112078585
0000513043011020130729012595990588
0000513053011020130730012150916527
0000513063011020130740019046880284
0000513073011020130741019025472497
0000513083011020130741019025472497
0000513093011020130742019025472497
0000513103011020130748015783929275
0000513113011020130800012243383839
0000513123011020130801012283096148
0000513133011020130822012386855181
0000513143011020130842012670737562
0000513153011020130842012608653628
0000513163011020130921012739447541
0000513183011020131435013726012809
0000529073011020131707012150916527
0000529083011020131755012670737562
0000529093011020131823019013900464
0000529103011020131824012537454741
0000529113011020131834016270519420
0000529123011020131839017056506729
0000529133011020131841013262997608
0000529143011020131847012456772298
0000529153011020131857012283096148
0000529163011020131859013074487568
0000529173011020131900012552915800
0000529183011020131901012598219629
0000529193011020131902012357601584
0000529203011020131902011390382901
0000529213011020131902012477172982
0000529223011020131904013025578628
0000529233011020131904012386855181
0000529243011020131905012260223216
0000529253011020131906015783929275
0000529263011020131906015783929275
0000529273011020131906016203863522
0000529283011020131908012709577544
0000529293011020131908012930566584
0000529303011020131913012386726764
0000529313011020131915012739447541
0000529323011020131921010324626298
0000529333011020131922010631084573
0000529343011020131927012434379364
0000529353021020130556012646806568
0000529363021020130605012467120491
0000529373021020130616012319737253
0000529383021020130624012664090544
0000529393021020130633012646483297
0000529403021020130633013006134620
0000529413021020130636012456823348
0000529423021020130641019013900464
0000529433021020130644010314867713
0000529443021020130645012732485294
0000529453021020130645012866609745
0000529463021020130649012507605539
0000529473021020130650012349959181
0000529483021020130650010631084573
0000529493021020130657012519459656
0000529503021020130657012425256085
0000529513021020130700016861599647
0000529523021020130700013025578628
0000529533021020130700012552915800
0000529543021020130700012509551479
0000529553021020130701012621502581
0000529563021020130701012477172982
0000529573021020130701016868279664
0000529583021020130701020421048306
0000529593021020130702012386726764
0000529603021020130703012858636585
0000529613021020130704013215730560
0000529623021020130704013262997608
0000529633021020130705012386726764
0000529643021020130706013312124564
0000529653021020130706011390382901
0000529663021020130707016270519420
0000529673021020130707013194415564
0000529683021020130708013333892587
0000529693021020130709012507644070
0000529703021020130710021060015201
0000529713021020130710013345527560
0000529723021020130713013051332568
0000529733021020130715013131425546
0000529743021020130715012613267560
0000529753021020130716010110285686
0000529763021020130716012381218833
0000529773021020130717013534757776
0000529783021020130719012292626227
0000529793021020130719012243383839
0000529803021020130720013232273563
0000529813021020130721012420704934
0000529823021020130723012150916527
0000529833021020130723012992912567
0000529843021020130723019025923308
0000529853021020130726012454253560
0000529863021020130729012434379364
0000529873021020130733012437791118
0000529883021020130743015783929275
0000529893021020130743016877092610
0000529903021020130748012283096148
0000529913021020130749012466946566
0000529923021020130814012456731192
0000529933021020130840012670737562
0000529943021020130851012739447541
0000529953021020130904012608653628
0000529963021020131231011722716058
0000529973021020131632011722716058
0000529983021020131747012386855181
0000529993021020131821013084786584
0000530003021020131824012150916527
0000530013021020131835012837573622
0000530023021020131838013006134620
0000530033021020131839010318320689
0000530043021020131840012670737562
0000530053021020131842013366872569
0000530063021020131848012608653628
0000530073021020131848012386726764
0000530083021020131849010813776292
0000530093021020131853013726012809
0000530103021020131853013232273563
0000530113021020131854012708247605
0000530123021020131855012283096148
0000530133021020131856012434408240
0000530143021020131857013360614770
0000530153021020131900012349959181
0000530163021020131903012858636585
0000530173021020131903012456823348
0000530183021020131903012732485294
0000530193021020131905012319737253
0000530203021020131906010314867713
0000530213021020131906013345527560
0000530223021020131907012420704934
0000530233021020131911012507605539
0000530243021020131918012748967625
0000530253021020131924010110285686
0000530263021020132011012739447541
0000530273021020132011013194415564
0000530283021020132012013194415564
0000530293031020130621010324626298
0000530303031020130634017005003371
0000530313031020130645013112078585
0000530323031020130645016203863522
0000530333031020130647012813849091
0000530343031020130647012357601584
0000530353031020130647012930566584
0000530363031020130649013401041583
0000530373031020130649010814004021
0000530383031020130649011970643336
0000530393031020130650019013889398
0000530403031020130651012709577544
0000530413031020130652019046560107
0000530423031020130652012439169406
0000530433031020130652012598219629
0000530443031020130655013313461580
0000530453031020130655012837573622
0000530463031020130659017044178748
0000530473031020130659013006134620
0000530483031020130700010318320689
0000530493031020130700013761081773
0000530503031020130700010813776292
0000530513031020130700012633725629
0000530523031020130701012509551479
0000530533031020130703013360614770
0000530543031020130703013074487568
0000530553031020130704012613267560
0000530563031020130706013366872569
0000530573031020130707012437791118
0000530583031020130707012437791118
0000530593031020130707012664090544
0000530603031020130707012467120491
0000530613031020130708012708247605
0000530623031020130709013015254676
0000530633031020130709013194415564
0000530643031020130710013131425546
0000530653031020130711016861599647
0000530663031020130711013222379628
0000530673031020130713010631084573
0000530683031020130715013084786584
0000530693031020130719013726012809
0000530703031020130720012150916527
0000530713031020130720012292626227
0000530723031020130720012425256085
0000530733031020130721021060015201
0000530743031020130723012646483297
0000530753031020130726012434408240
0000530763031020130730010313440740
0000530773031020130734012646806568
0000530783031020130740013290933562
0000530793031020130746016868279664
0000530803031020130751012386855181
0000530813031020130751012456731192
0000530823031020130817012905269563
0000530833031020130826011722716058
0000530843031020130849012608653628
0000530853031020130906017040273738
0000530863031020130928012739447541
0000530873031020130959012670737562
0000536883031020131720012386855181
0000536893031020131731012150916527
0000536903031020131831016270519420
0000536913031020131834012537454741
0000536923031020131836012552915800
0000536933031020131844012608653628
0000536943031020131848012313261044
0000536953031020131854013074487568
0000536963031020131854013006134620
0000536973031020131855019013900464
0000536983031020131855012804171568
0000536993031020131857012357601584
0000537003031020131857013025578628
0000537013031020131858012905269563
0000537023031020131900012598219629
0000537033031020131901012477172982
0000537043031020131902012709577544
0000537053031020131904012732485294
0000537063031020131905012439169406
0000537073031020131905012930566584
0000537083031020131906013290933562
0000537093031020131907013112078585
0000537103031020131908016203863522
0000537113031020131913016056925650
0000537123031020131914013262997608
0000537133031020131921010324626298
0000537143031020131950012748967625
0000537153031020132010019036418472
0000537163031020132021013121615628
0000537173031020132039012739447541
0000537183041020130431019036418472
0000537193041020130540016056925650
0000537203041020130629012456823348
0000537213041020130629013035980542
0000537223041020130634012319737253
0000537233041020130641012804171568
0000537243041020130642010631084573
0000537253041020130646012828524541
0000537263041020130646013313461580
0000537273041020130647013050460600
0000537283041020130648012477246218
0000537293041020130649012879575542
0000537303041020130654013401041583
0000537313041020130654012507605539
0000537323041020130654019013900464
0000537333041020130658012858636585
0000537343041020130659012449872231
0000537353041020130659012944519621
0000537363041020130659012732485294
0000537373041020130659012349959181
0000537383041020130659010314867713
0000537393041020130659012789003604
0000537403041020130700019013889398
0000537413041020130700013025578628
0000537423041020130700013131637624
0000537433041020130701010814004021
0000537443041020130701013222379628
0000537453041020130701017005003371
0000537463041020130702012313763813
0000537473041020130702013761081773
0000537483041020130702012477172982
0000537493041020130703012552915800
0000537503041020130704021060015201
0000537513041020130706013287770569
0000537523041020130706012129012282
0000537533041020130707013262997608
0000537543041020130707016203863522
0000537553041020130707019046560107
0000537563041020130707013346657565
0000537573041020130707017044178748
0000537583041020130708012813849091
0000537593041020130709016270519420
0000537603041020130710012633725629
0000537613041020130713011970643336
0000537623041020130714013194415564
0000537633041020130715017019759333
0000537643041020130716019025923308
0000537653041020130720012371447554
0000537663041020130720012313261044
0000537673041020130720014084176520
0000537683041020130727012150916527
0000537693041020130728012490932707
0000537703041020130740012969445621
0000537713041020130746013121615628
0000537723041020130806014791971279
0000537733041020130820011722716058
0000537743041020130845012608653628
0000537753041020130906012434379364
0000537763041020130915017019690724
0000537773041020130919012670737562
0000537783041020130943012739447541
0000537793041020131249011722716058
0000537803041020131655012150916527
0000537813041020131729012608653628
0000537823041020131736012386855181
0000537833041020131748013035980542
0000537843041020131757012739447541
0000537853041020131823013084786584
0000537863041020131831013366872569
0000537873041020131835010813776292
0000537883041020131836012708247605
0000537893041020131836011424881948
0000537903041020131842016587828540
0000537913041020131848013360614770
0000537923041020131849012456823348
0000537933041020131851010318320689
0000537943041020131854014084176520
0000537953041020131857012858636585
0000537963041020131858012319737253
0000537973041020131900016203863522
0000537983041020131901012434408240
0000537993041020131902012490932707
0000538003041020131902010314867713
0000538013041020131903012349959181
0000538023041020131907012129012282
0000538033041020131916017019759333
0000538043041020131916013153387302
0000538053041020131928017019690724
0000538063041020131933013194415564
0000538073041020132017012313763813
0000538083051020130610010326418420
0000538093051020130615010324626298
0000538103051020130626013084786584
0000538113051020130637018054868788
0000538123051020130640013726012809
0000538133051020130643013074487568
0000538143051020130643018087440736
0000538153051020130643012709577544
0000538163051020130644012386607420
0000538173051020130646012672783561
0000538183051020130648012778020561
0000538193051020130648012598219629
0000538203051020130649012930566584
0000538213051020130650012313763813
0000538223051020130650012728154564
0000538233051020130651013170028587
0000538243051020130651019046560107
0000538253051020130652012969445621
0000538263051020130655016868279664
0000538273051020130655012420704934
0000538283051020130656012434408240
0000538293051020130659012301197869
0000538303051020130700011424881948
0000538313051020130701016209910573
0000538323051020130701012449872231
0000538333051020130702012789003604
0000538343051020130702012708247605
0000538353051020130703013360614770
0000538363051020130707012944519621
0000538373051020130709013366872569
0000538383051020130709012371447554
0000538393051020130710013287770569
0000538403051020130712019033786039
0000538413051020130712013050460600
0000538423051020130712013346657565
0000538433051020130712011578161210
0000538443051020130714012434379364
0000538453051020130714013131637624
0000538463051020130715010318320689
0000538473051020130717012477246218
0000538483051020130717013211004547
0000538493051020130730021060277850
0000538503051020130732019025923308
0000538513051020130733011390382901
0000538523051020130734012507605539
0000538533051020130738013022098560
0000538543051020130752016587828540
0000538553051020130821013290933562
0000538563051020130934012646483297
0000538573051020131708013211004547
0000538583051020131827016270519420
0000538593051020131845013262997608
0000538603051020131845012319737253
0000538613051020131853018087440736
0000538623051020131858012371447554
0000538633051020131858012420704934
0000538643051020131900012357601584
0000538653051020131900012930566584
0000538663051020131900012477172982
0000538673051020131901012598219629
0000538683051020131903019033786039
0000538693051020131906010324626298
0000538703051020131918012537454741
0000538713051020131920013232273563
0000538723051020131931013121615628
0000538733051020131952013144033609
0000538743061020130629012708247605
0000538753061020130635012147108814
0000538763061020130646013327806623
0000538773061020130647012456772298
0000538783061020130649012349959181
0000538793061020130650012672783561
0000538803061020130651012537586842
0000538813061020130652012944519621
0000538823061020130653012420704934
0000538833061020130655010326418420
0000538843061020130700013290933562
0000538853061020130701013262997608
0000538863061020130701012765965562
0000538873061020130703013022098560
0000538883061020130703012709577544
0000538893061020130703014384290272
0000538903061020130704012666158588
0000538913061020130705012477172982
0000538923061020130705011390382901
0000538933061020130705012902859602
0000538943061020130709012873551609
0000538953061020130710012301197869
0000538963061020130710012778020561
0000538973061020130712019024306550
0000538983061020130713012858636585
0000538993061020130713013328784542
0000539003061020130714010314867713
0000539013061020130714010314867713
0000539023061020130714017019690724
0000539033061020130715016587828540
0000539043061020130718012260223216
0000539053061020130720012804171568
0000539063061020130720012804171568
0000539073061020130721013121615628
0000539083061020130722012386607420
0000539093061020130724013144033609
0000539103061020130724013112078585
0000539113061020130725010777518071
0000539123061020130725012319737253
0000539133061020130725012319737253
0000539143061020130729018054868788
0000539153061020130736012395856373
0000539163061020130736013726012809
0000539173061020130737016209910573
0000539183061020130739013345527560
0000539193061020130740012243383839
0000539203061020130743011578161210
0000539213061020130744012313763813
0000539223061020130744019046560107
0000539233061020130745021060277850
0000539243061020130758012371447554
0000539253061020130800012646483297
0000539263061020130815012728154564
0000539273061020130826012537454741
0000539283061020130946013349813622
0000539293061020131813012837573622
0000539303061020131828013366872569
0000539313061020131832012858636585
0000539323061020131833010318320689
0000539333061020131847012319737253
0000539343061020131850014384290272
0000539353061020131850012456772298
0000539363061020131852012434408240
0000539373061020131852012313261044
0000539383061020131901013360614770
0000539393061020131903012349959181
0000539403061020131904010314867713
0000539413061020131907010813776292
0000539423061020131910012420704934
0000539433061020131917016587828540
0000539443061020131919016587828540
0000539453061020131928017019690724
0000539463061020131932011619085695
0000539473061020132053014416862276
0000539483071020130617012243383839
0000539493071020130619020421048306
0000539503071020130620013327806623
0000539513071020130628012519459656
0000539523071020130630010324626298
0000539533071020130639012454253560
0000539543071020130645012395856373
0000539553071020130645012837573622
0000539563071020130647012866609745
0000539573071020130650012930566584
0000539583071020130652013035980542
0000539593071020130653012357601584
0000539603071020130654012598219629
0000539613071020130655016203863522
0000539623071020130655013025578628
0000539633071020130656013345527560
0000539643071020130658012062693674
0000539653071020130659013074487568
0000539663071020130700010318320689
0000539673071020130700012700736585
0000539683071020130700013333892587
0000539693071020130700013366872569
0000539703071020130700010777518071
0000539713071020130701010813776292
0000539723071020130701013360614770
0000539733071020130701012828524541
0000539743071020130702012708247605
0000539753071020130704012804171568
0000539763071020130705012992912567
0000539773071020130705012595990588
0000539783071020130705012621502581
0000539793071020130705012873551609
0000539803071020130707014416862276
0000539813071020130708012666158588
0000539823071020130708012381218833
0000539833071020130714013153387302
0000539843071020130714012313261044
0000539853071020130715021060015201
0000539863071020130717012260223216
0000539873071020130719012765965562
0000539883071020130720013232273563
0000539893071020130721019025472497
0000539903071020130721014084176520
0000539913071020130722019024306550
0000539923071020130723012150916527
0000539933071020130729012537586842
0000539943071020130730012434408240
0000539953071020130730016587828540
0000539963071020130731013534757776
0000539973071020130732012147108814
0000539983071020130732012592635604
0000539993071020130743012004930936
0000540003071020130752013343284601
0000540013071020130752019033786039
0000540023071020130824010313440740
0000540033071020130833012386855181
0000540043071020130904010110224296
0000540053071020130927012739447541
0000540063071020130928012608653628
0000540073071020130931012670737562
0000540083071020131139011722716058
0000540093071020131621011722716058
0000540103071020131703012150916527
0000540113071020131727012004930936
0000540123071020131742012386855181
0000540133071020131828012739447541
0000540143071020131832016270519420
0000540153071020131838012552915800
0000540163071020131841016203863522
0000540173071020131846013084786584
0000540183071020131849013262997608
0000540193071020131849012477172982
0000540203071020131850012537454741
0000540213071020131854014084176520
0000540223071020131854010814004021
0000540233071020131857012670737562
0000540243071020131858012992912567
0000540253071020131859013153387302
0000540263071020131900012930566584
0000540273071020131900012598219629
0000540283071020131901019033786039
0000540293071020131902013312124564
0000540303071020131902013051332568
0000540313071020131903012434379364
0000540323071020131905010324626298
0000540333071020131907012592635604
0000540343071020131907019025472497
0000540353071020131907013343284601
0000540363071020131912013074487568
0000540373071020131914013121615628
0000540383071020131916013232273563
0000540393071020131919013035980542
0000540403071020131919020421048306
0000540413071020131954014844122270
0000540423071020132026012608653628
0000540433071020132030013025578628
0000540443071020132030013025578628
0000540453071020132052012496829282
0000540463081020130555012646806568
0000540473081020130610012467120491
0000540483081020130615013215730560
0000540493081020130615012664090544
0000540503081020130616012319737253
0000540513081020130623012456823348
0000540523081020130640012062693674
0000540533081020130642016868279664
0000540543081020130642013726012809
0000540553081020130642019025923308
0000540563081020130647010314867713
0000540573081020130648012456772298
0000540583081020130651021060015201
0000540593081020130651010110224296
0000540603081020130652016203863522
0000540613081020130652010814004021
0000540623081020130653013121615628
0000540633081020130653012292626227
0000540643081020130653010313440740
0000540653081020130659012477172982
0000540663081020130659012552915800
0000540673081020130700013025578628
0000540683081020130700012519459656
0000540693081020130701012866609745
0000540703081020130701013051332568
0000540713081020130701013312124564
0000540723081020130702012858636585
0000540733081020130702012425256085
0000540743081020130703013262997608
0000540753081020130703012349959181
0000540763081020130704012621502581
0000540773081020130706012386607420
0000540783081020130707012454253560
0000540793081020130707012700736585
0000540803081020130708012828524541
0000540813081020130710016877092610
0000540823081020130710012381218833
0000540833081020130711012944519621
0000540843081020130712016861599647
0000540853081020130714012837505627
0000540863081020130714016270519420
0000540873081020130715013333892587
0000540883081020130715012507644070
0000540893081020130716013084786584
0000540903081020130717013534757776
0000540913081020130717013131425546
0000540923081020130717012613267560
0000540933081020130718013194415564
0000540943081020130719014844122270
0000540953081020130721015783929275
0000540963081020130727012437791118
0000540973081020130730012434379364
0000540983081020130730012537454741
0000540993081020130735020193026753
0000541003081020130748019046880284
0000541013081020130750012150916527
0000541023081020130752012283096148
0000541033081020130906012739447541
0000541043081020130917012608653628
0000541053081020131137011722716058
0000541063081020131627011722716058
0000543073081020131702012150916527
0000543083081020131750012386855181
0000543093081020131757012739447541
0000543103081020131829013366872569
0000543113081020131833019013900464
0000543123081020131845012708247605
0000543133081020131846010318320689
0000543143081020131848010813776292
0000543153081020131850012434408240
0000543163081020131850010631084573
0000543173081020131853012456772298
0000543183081020131855012319737253
0000543193081020131858013360614770
0000543203081020131900012349959181
0000543213081020131900010314867713
0000543223081020131900016203863522
0000543233081020131903012456823348
0000543243081020131904012858636585
0000543253081020131907012283096148
0000543263081020131912016587828540
0000543273081020131914012608653628
0000543283081020131916012386726764
0000543293081020131918013194415564
0000543303091020130611010324626298
0000543313091020130615013215730560
0000543323091020130624017044178748
0000543333091020130629012319737253
0000543343091020130635013006134620
0000543353091020130636013112078585
0000543363091020130642017005003371
0000543373091020130645012732485294
0000543383091020130650011970643336
0000543393091020130650013401041583
0000543403091020130652012439169406
0000543413091020130652012813849091
0000543423091020130653013313461580
0000543433091020130654010631084573
0000543443091020130654019013900464
0000543453091020130655012598219629
0000543463091020130655012930566584
0000543473091020130655019046560107
0000543483091020130656012709577544
0000543493091020130656010814004021
0000543503091020130659013074487568
0000543513091020130659012420704934
0000543523091020130659013761081773
0000543533091020130700012633725629
0000543543091020130700013333892587
0000543553091020130701010318320689
0000543563091020130701010813776292
0000543573091020130701012646806568
0000543583091020130702013366872569
0000543593091020130702013360614770
0000543603091020130703012708247605
0000543613091020130703012509551479
0000543623091020130706012434408240
0000543633091020130706012292626227
0000543643091020130708012664090544
0000543653091020130709012437791118
0000543663091020130709012613267560
0000543673091020130709013131425546
0000543683091020130711021060015201
0000543693091020130711012467120491
0000543703091020130711012467120491
0000543713091020130712016861599647
0000543723091020130712012944519621
0000543733091020130715012386726764
0000543743091020130718010110285686
0000543753091020130718012425256085
0000543763091020130719012150916527
0000543773091020130721012507644070
0000543783091020130721012386726764
0000543793091020130726013345527560
0000543803091020130731016868279664
0000543813091020130731013726012809
0000543823091020130736016877092610
0000543833091020130744012283096148
0000543843091020130816012456731192
0000543853091020130828016587828540
0000543863091020130847012608653628
0000543873091020130859012670737562
0000543883091020131657012150916527
0000543893091020131841013006134620
0000543903091020131842012552915800
0000543913091020131842010110285686
0000543923091020131842013084786584
0000543933091020131845012477172982
0000543943091020131846013262997608
0000543953091020131846012537454741
0000543963091020131846012837573622
0000543973091020131847016270519420
0000543983091020131848012313261044
0000543993091020131854012608653628
0000544003091020131900012598219629
0000544013091020131900012420704934
0000544023091020131900012930566584
0000544033091020131901013025578628
0000544043091020131902013121615628
0000544053091020131902012283096148
0000544063091020131903013345527560
0000544073091020131904012319737253
0000544083091020131911010324626298
0000544093091020131915013074487568
0000544103091020131916013153104467
0000544113091020131917012709577544
0000544123091020131923013112078585
0000544133091020131947012386726764
0000544143101020130623012456823348
0000544153101020130632012319737253
0000544163101020130633012477246218
0000544173101020130641012944519621
0000544183101020130641010314867713
0000544193101020130643012879575542
0000544203101020130646013006134620
0000544213101020130650019013889398
0000544223101020130651013050460600
0000544233101020130654013313461580
0000544243101020130655013121615628
0000544253101020130656016203863522
0000544263101020130656013084786584
0000544273101020130659017005003371
0000544283101020130700013025578628
0000544293101020130700012858636585
0000544303101020130700012349959181
0000544313101020130700012349959181
0000544323101020130701012828524541
0000544333101020130701012552915800
0000544343101020130701012439169406
0000544353101020130702013194415564
0000544363101020130702012837573622
0000544373101020130703012969445621
0000544383101020130703012592635604
0000544393101020130703013194415564
0000544403101020130703013194415564
0000544413101020130704017044178748
0000544423101020130704012748967625
0000544433101020130704019025923308
0000544443101020130704012477172982
0000544453101020130705012313261044
0000544463101020130706012371447554
0000544473101020130706013262997608
0000544483101020130706021060015201
0000544493101020130708013401041583
0000544503101020130708012633725629
0000544513101020130708013761081773
0000544523101020130709010814004021
0000544533101020130709013287770569
0000544543101020130716013222379628
0000544553101020130716012813849091
0000544563101020130717012509551479
0000544573101020130717013333892587
0000544583101020130717019046560107
0000544593101020130728012490446292
0000544603101020130731013346657565
0000544613101020130739012732485294
0000544623101020130739012732485294
0000544633101020130744012150916527
0000544643101020130745013027499601
0000544653101020130752013343284601
0000544663101020130816012905269563
0000544673101020130824012386855181
0000544683101020130825013290933562
0000544693101020130859012608653628
0000544703101020130905012739447541
0000544713101020130920011722716058
0000544723101020130924017040273738
0000544733101020131256011722716058
0000544743101020131559010815119507
0000544753101020131654012150916527
0000544763101020131831012739447541
0000544773101020131832010318320689
0000544783101020131833013366872569
0000544793101020131838014791971279
0000544803101020131839019013900464
0000544813101020131839010813776292
0000544823101020131842012708247605
0000544833101020131848012434408240
0000544843101020131857012425256085
0000544853101020131858012858636585
0000544863101020131858012456823348
0000544873101020131900013006134620
0000544883101020131900010314867713
0000544893101020131900012349959181
0000544903101020131901013153210607
0000544913101020131903012319737253
0000544923101020131903016203863522
0000544933101020131904016056925650
0000544943101020131904013360614770
0000544953101020131904012944519621
0000544963101020131910013290933562
0000544973101020131921013343284601
0000544983101020131931012608653628
0000544993101020131933016587828540
0000545003101020132006013194415564
0000545013111020130533016056925650
0000545023111020130621010326418420
0000545033111020130621010324626298
0000545043111020130628012598219629
0000545053111020130636010318320689
0000545063111020130640016209910573
0000545073111020130641013144033609
0000545083111020130645012313763813
0000545093111020130647012944519621
0000545103111020130648016203863522
0000545113111020130648012672783561
0000545123111020130649012930566584
0000545133111020130649014791971279
0000545143111020130651012449872231
0000545153111020130651018054868788
0000545163111020130651019013889398
0000545173111020130653013153210607
0000545183111020130654012129012282
0000545193111020130654013170028587
0000545203111020130654019046560107
0000545213111020130656018087440736
0000545223111020130656012709577544
0000545233111020130656012828524541
0000545243111020130657012425256085
0000545253111020130657012425256085
0000545263111020130700012357601584
0000545273111020130701013131637624
0000545283111020130705013360614770
0000545293111020130705013366872569
0000545303111020130705013366872569
0000545313111020130705012708247605
0000545323111020130708013050460600
0000545333111020130708012748967625
0000545343111020130709010813776292
0000545353111020130710013211004547
0000545363111020130712012434408240
0000545373111020130712012490446292
0000545383111020130713012789003604
0000545393111020130717017019759333
0000545403111020130717012592635604
0000545413111020130718020193026753
0000545423111020130718013287770569
0000545433111020130719012490932707
0000545443111020130719012150916527
0000545453111020130722014084176520
0000545463111020130722012477246218
0000545473111020130723010815119507
0000545483111020130724012371447554
0000545493111020130729013346657565
0000545503111020130735017040273738
0000545513111020130738013232273563
0000545523111020130738012879575542
0000545533111020130746019013900464
0000545543111020130755013313461580
0000545553111020130758017019690724
0000545563111020130803016587828540
0000545573111020130825011722716058
0000545583111020130828012739447541
0000545593111020130833012608653628
0000545603111020130913012670737562
