0000588073291120131717013194415564
0000588083291120131720012371447554
0000588093291120131738012670737562
0000588103291120131746012608653628
0000588113291120131819013360614770
0000588123291120131824012708247605
0000588133291120131824012420704934
0000588143291120131825013366872569
0000588153291120131830011424881948
0000588163291120131843013084786584
0000588173291120131847010813776292
0000588183291120131850012858636585
0000588193291120131850012456823348
0000588203291120131854019033931071
0000588213291120131854016587828540
0000588223291120131855013153210607
0000588233291120131856012434408240
0000588243291120131856010318320689
0000588253291120131859012349959181
0000588263291120131900012490932707
0000588273291120131901019046560107
0000588283291120131903014084176520
0000588293291120131903016861599647
0000588303291120131904010314867713
0000588313291120131909012319737253
0000588323291120131916012386607420
0000588333291120131916012210252778
0000588343291120131916017019759333
0000588353291120131921013144033609
0000588363291120131930012613267560
0000588373291120131944012804171568
0000588383291120132005017019690724
0000588393291120132011012739447541
0000588403301120130551012371447554
0000588413301120130614013327806623
0000588423301120130618012866609745
0000588433301120130622012992912567
0000588443301120130628010324626298
0000588453301120130634013084786584
0000588463301120130638012519459656
0000588473301120130643013074487568
0000588483301120130646012930566584
0000588493301120130648020421048306
0000588503301120130648012621502581
0000588513301120130655012598219629
0000588523301120130656012301197869
0000588533301120130657016203863522
0000588543301120130658013022098560
0000588553301120130659012789003604
0000588563301120130659013333892587
0000588573301120130659012778020561
0000588583301120130700010813776292
0000588593301120130700012708247605
0000588603301120130700012613267560
0000588613301120130701013360614770
0000588623301120130701012357601584
0000588633301120130702012395856373
0000588643301120130703013312124564
0000588653301120130704012449872231
0000588663301120130705012873551609
0000588673301120130707013131637624
0000588683301120130708016861599647
0000588693301120130709012709577544
0000588703301120130709021060015201
0000588713301120130710013366872569
0000588723301120130710012381218833
0000588733301120130712013534757776
0000588743301120130712012260223216
0000588753301120130713010318320689
0000588763301120130716012454253560
0000588773301120130718012902859602
0000588783301120130719019025472497
0000588793301120130722013328784542
0000588803301120130722012243383839
0000588813301120130725013153210607
0000588823301120130729012147108814
0000588833301120130732012386726764
0000588843301120130735013015254676
0000588853301120130738016587828540
0000588863301120130745013027499601
0000588873301120130750011578161210
0000588883301120130751019024306550
0000588893301120130754013290933562
0000588903301120130757012434408240
0000588913301120131830013170028587
0000588923301120131840016270519420
0000588933301120131840012552915800
0000588943301120131841013262997608
0000588953301120131849013333892587
0000588963301120131851012313261044
0000588973301120131856012537454741
0000588983301120131857012930566584
0000588993301120131859012866609745
0000589003301120131900012477172982
0000589013301120131900012357601584
0000589023301120131901016203863522
0000589033301120131905012434379364
0000589043301120131906013025578628
0000589053301120131907012386726764
0000589063301120131908013121615628
0000589073301120131912012598219629
0000589083301120131916010324626298
0000589093301120131917013074487568
0000589103301120131917012709577544
0000589113301120131919013726012809
0000589123301120131922013329036582
0000589133301120131923013027499601
0000589143301120131937012381218833
0000589153301120131940021060277850
0000589163011220130617021060277850
0000589173011220130618012319737253
0000589183011220130632012456823348
0000589193011220130633012646806568
0000589203011220130642013215730560
0000589213011220130645012456772298
0000589223011220130651012879575542
0000589233011220130652012507605539
0000589243011220130653016868279664
0000589253011220130654012349959181
0000589263011220130700013022098560
0000589273011220130701013290933562
0000589283011220130701012477172982
0000589293011220130701012552915800
0000589303011220130702012454253560
0000589313011220130704012765965562
0000589323011220130704016270519420
0000589333011220130705012260223216
0000589343011220130705013025578628
0000589353011220130705012434379364
0000589363011220130705012292626227
0000589373011220130706012313261044
0000589383011220130706020421048306
0000589393011220130707013262997608
0000589403011220130707021060015201
0000589413011220130709012837505627
0000589423011220130709013153210607
0000589433011220130710012621502581
0000589443011220130712012519459656
0000589453011220130714013131425546
0000589463011220130714012613267560
0000589473011220130714013121615628
0000589483011220130717012301197869
0000589493011220130719010314867713
0000589503011220130719012646483297
0000589513011220130724017019690724
0000589523011220130724012778020561
0000589533011220130725012466946566
0000589543011220130725012537454741
0000589553011220130725013170028587
0000589563011220130730013534757776
0000589573011220130740019025923308
0000589583011220130750013329036582
0000589593011220130750012992912567
0000589603011220130800012386726764
0000589613011220130802013345527560
0000589623011220130803011578161210
0000589633011220130806019033786039
0000589643011220130838012858636585
0000589653011220131137013349813622
0000589663011220131825016587828540
0000589673011220131830012837573622
0000589683011220131836012434408240
0000589693011220131838010813776292
0000589703011220131841013366872569
0000589713011220131848010318320689
0000589723011220131851012858636585
0000589733011220131855012456772298
0000589743011220131857012319737253
0000589753011220131900016861599647
0000589763011220131901010314867713
0000589773011220131901012349959181
0000589783011220131903012386726764
0000589793011220131911013360614770
0000589803011220131914013328784542
0000589813011220131920011619085695
0000589823011220131932013153210607
0000589833011220132002017019690724
0000589843011220132004019033786039
0000589853011220132046014416862276
0000589863021220130633010324626298
0000589873021220130641013726012809
0000589883021220130642012992912567
0000589893021220130643013074487568
0000589903021220130644017044178748
0000589913021220130645012595990588
0000589923021220130646014416862276
0000589933021220130649012537586842
0000589943021220130649012930566584
0000589953021220130651019046560107
0000589963021220130653012456823348
0000589973021220130653012709577544
0000589983021220130654012598219629
0000589993021220130655012439169406
0000590003021220130658012700736585
0000590013021220130659012633725629
0000590023021220130700010814004021
0000590033021220130700013761081773
0000590043021220130700013366872569
0000590053021220130700010813776292
0000590063021220130701012646806568
0000590073021220130701013346657565
0000590083021220130702013360614770
0000590093021220130704013333892587
0000590103021220130704012765965562
0000590113021220130705012292626227
0000590123021220130705010318320689
0000590133021220130707011619085695
0000590143021220130708016203863522
0000590153021220130711012613267560
0000590163021220130713013131425546
0000590173021220130715013345527560
0000590183021220130715016861599647
0000590193021220130716012728154564
0000590203021220130716012879575542
0000590213021220130722012507605539
0000590223021220130722013215730560
0000590233021220130722012466946566
0000590243021220130724013153387302
0000590253021220130727012434408240
0000590263021220130728013222379628
0000590273021220130729012837573622
0000590283021220130730012150916527
0000590293021220130733012592635604
0000590303021220130734012004930936
0000590313021220130734016868279664
0000590323021220130735012646483297
0000590333021220130747011970643336
0000590343021220130750010313440740
0000590353021220130755019025923308
0000590363021220130756016587828540
0000590373021220130802012905269563
0000590383021220130806013343284601
0000590393021220130843012608653628
0000590403021220130855013194415564
0000590413021220130910010110224296
0000590423021220130923012739447541
0000590433021220130927017005003371
0000590443021220130932012357601584
0000590453021220130957012670737562
0000590463021220131700012150916527
0000590473021220131707012004930936
0000590483021220131743012357601584
0000590493021220131811013194415564
0000590503021220131816012537454741
0000590513021220131818012670737562
0000590523021220131818012477172982
0000590533021220131823012552915800
0000590543021220131837013262997608
0000590553021220131841013074487568
0000590563021220131848012930566584
0000590573021220131851016270519420
0000590583021220131854013084786584
0000590593021220131859012608653628
0000590603021220131900013312124564
0000590613021220131900013153387302
0000590623021220131901012905269563
0000590633021220131902013121615628
0000590643021220131905016203863522
0000590653021220131905012598219629
0000590663021220131909013343284601
0000590673021220131910013025578628
0000590683021220131912010324626298
0000590693021220131914012709577544
0000590703021220131929012739447541
0000590713021220131930012592635604
0000590723021220131950014844122270
0000590733021220132043014416862276
0000590743031220130551012319737253
0000590753031220130618012477246218
0000590763031220130624012837573622
0000590773031220130629014416862276
0000590783031220130636012062693674
0000590793031220130639012456823348
0000590803031220130641012879575542
0000590813031220130641013050460600
0000590823031220130644013025578628
0000590833031220130644010314867713
0000590843031220130644013329036582
0000590853031220130646012349959181
0000590863031220130646013121615628
0000590873031220130651012944519621
0000590883031220130659012552915800
0000590893031220130659014791971279
0000590903031220130659012490446292
0000590913031220130700013287770569
0000590923031220130700013051332568
0000590933031220130700012595990588
0000590943031220130700012477172982
0000590953031220130701012210252778
0000590963031220130701012858636585
0000590973031220130702012420704934
0000590983031220130703013761081773
0000590993031220130703013084786584
0000591003031220130705012633725629
0000591013031220130705012537586842
0000591023031220130706014844122270
0000591033031220130706016270519420
0000591043031220130707011970643336
0000591053031220130707013401041583
0000591063031220130708010814004021
0000591073031220130709010110224296
0000591083031220130709010313440740
0000591093031220130710017005003371
0000591103031220130711013262997608
0000591113031220130713012700736585
0000591123031220130716012371447554
0000591133031220130721019046560107
0000591143031220130721012992912567
0000591153031220130722017044178748
0000591163031220130725016877092610
0000591173031220130728012150916527
0000591183031220130728013312124564
0000591193031220130732012969445621
0000591203031220130732013333892587
0000591213031220130733012004930936
0000591223031220130734012439169406
0000591233031220130736013222379628
0000591243031220130737012728154564
0000591253031220130740013346657565
0000591263031220130742019025923308
0000591273031220130744013027499601
0000591283031220130814012507644070
0000591293031220130819013194415564
0000591303031220130822015783929275
0000591313031220130914012670737562
0000591323031220130931012739447541
0000591333031220131700012150916527
0000591343031220131729012670737562
0000591353031220131809013035980542
0000591363031220131812016587828540
0000591373031220131821013360614770
0000591383031220131827012420704934
0000591393031220131833013366872569
0000591403031220131844010813776292
0000591413031220131846020421048306
0000591423031220131849012004930936
0000591433031220131851010318320689
0000591443031220131856012434408240
0000591453031220131859013015254676
0000591463031220131859012319737253
0000591473031220131900012349959181
0000591483031220131900019013900464
0000591493031220131901013051332568
0000591503031220131902012858636585
0000591513031220131902010314867713
0000591523031220131904012608653628
0000591533031220131904012739447541
0000591543031220131904012456823348
0000591553031220131905012837573622
0000591563031220131906013153210607
0000591573031220131908012381218833
0000591583031220131909013194415564
0000591593031220131914012477246218
0000591603031220131924012708247605
0000591613031220132019010824705987
0000591623031220132123019046880284
0000591633041220130616012319737253
0000591643041220130628010324626298
0000591653041220130629012313763813
0000591663041220130633018054868788
0000591673041220130637012062693674
0000591683041220130644012992912567
0000591693041220130644013144033609
0000591703041220130645012930566584
0000591713041220130646012969445621
0000591723041220130648013170028587
0000591733041220130652012672783561
0000591743041220130653012709577544
0000591753041220130656018087440736
0000591763041220130657012509551479
0000591773041220130657013006134620
0000591783041220130657012598219629
0000591793041220130658013313461580
0000591803041220130659010326418420
0000591813041220130659013155622600
0000591823041220130700013211004547
0000591833041220130701013074487568
0000591843041220130701013360614770
0000591853041220130701012507644070
0000591863041220130702010813776292
0000591873041220130702012425256085
0000591883041220130702012732485294
0000591893041220130706014791971279
0000591903041220130708012708247605
0000591913041220130708016587828540
0000591923041220130709020421048306
0000591933041220130709013050460600
0000591943041220130710012420704934
0000591953041220130711013366872569
0000591963041220130712010318320689
0000591973041220130713012210252778
0000591983041220130715012381218833
0000591993041220130719019013900464
0000592003041220130719010110285686
0000592013041220130721013027499601
0000592023041220130723013329036582
0000592033041220130724012879575542
0000592043041220130729013345527560
0000592053041220130734012386726764
0000592063041220130737013232273563
0000592073041220130738012728154564
0000592083041220130745019046880284
0000592093041220130745012150916527
0000592103041220130751019025923308
0000592113041220130754013401041583
0000592123041220130840012646483297
0000592133041220130915012670737562
0000592143041220131541013194415564
0000592153041220131713013194415564
0000592163041220131825012670737562
0000592173041220131834012537454741
0000592183041220131835012837573622
0000592193041220131837011424881948
0000592203041220131839016270519420
0000592213041220131850013084786584
0000592223041220131859012386726764
0000592233041220131900013262997608
0000592243041220131901013121615628
0000592253041220131903013345527560
0000592263041220131904012598219629
0000592273041220131904013025578628
0000592283041220131905010110285686
0000592293041220131907013006134620
0000592303041220131912012552915800
0000592313041220131913012319737253
0000592323041220131913012709577544
0000592333041220131914013313461580
0000592343041220131914011390382901
0000592353041220131917012420704934
0000592363041220131919012477172982
0000592373041220131920012930566584
0000592383041220131933013074487568
0000592393041220131936010324626298
0000592403051220130626012319737253
0000592413051220130633013327806623
0000592423051220130633012456823348
0000592433051220130638012902859602
0000592443051220130645013025578628
0000592453051220130650013112078585
0000592463051220130650012349959181
0000592473051220130652013121615628
0000592483051220130657019024306550
0000592493051220130657012147108814
0000592503051220130657016203863522
0000592513051220130658012858636585
0000592523051220130659010314867713
0000592533051220130700012477172982
0000592543051220130700019013889398
0000592553051220130700012804171568
0000592563051220130701012552915800
0000592573051220130703012666158588
0000592583051220130704012873551609
0000592593051220130706013015254676
0000592603051220130707016270519420
0000592613051220130707013006134620
0000592623051220130711012395856373
0000592633051220130712013155622600
0000592643051220130714012509551479
0000592653051220130715013084786584
0000592663051220130715012608653628
0000592673051220130715012837573622
0000592683051220130716012537454741
0000592693051220130717012672783561
0000592703051220130719018087440736
0000592713051220130721018054868788
0000592723051220130721010631084573
0000592733051220130724012748967625
0000592743051220130724013262997608
0000592753051220130726016861599647
0000592763051220130729013211004547
0000592773051220130729019025472497
0000592783051220130730012992912567
0000592793051220130730012243383839
0000592803051220130733010313440740
0000592813051220130733012425256085
0000592823051220130736012728154564
0000592833051220130752012646483297
0000592843051220130757012732485294
0000592853051220130804012150916527
0000592863051220130804013343284601
0000592873051220130821012905269563
0000592883051220130821013194415564
0000592893051220130831013290933562
0000592903051220130903012670737562
0000592913051220130917012739447541
0000592923051220130958010326418420
0000592933051220130959012313763813
0000592943051220130959013170028587
0000592953051220131108010815119507
0000592963051220131416011722716058
0000592973051220131555011722716058
0000592983051220131700012150916527
0000592993051220131722012670737562
0000593003051220131834013360614770
0000593013051220131837013366872569
0000593023051220131838012386607420
0000593033051220131840016056925650
0000593043051220131843016203863522
0000593053051220131847010813776292
0000593063051220131847019013900464
0000593073051220131849010318320689
0000593083051220131849012608653628
0000593093051220131853012708247605
0000593103051220131854012434408240
0000593113051220131855012905269563
0000593123051220131856012349959181
0000593133051220131900012858636585
0000593143051220131901012456823348
0000593153051220131903013006134620
0000593163051220131905010314867713
0000593173051220131907013153210607
0000593183051220131908013343284601
0000593193051220131909016861599647
0000593203051220131910012319737253
0000593213051220131911013290933562
0000593223051220131927016587828540
0000593233051220131929013144033609
0000593243051220132028013194415564
0000593253061220130049019036418472
0000593263061220130447019036418472
0000593273061220130524016056925650
0000593283061220130630010324626298
0000593293061220130635012519459656
0000593303061220130644012992912567
0000593313061220130648012930566584
0000593323061220130649012357601584
0000593333061220130651012621502581
0000593343061220130654013313461580
0000593353061220130655020421048306
0000593363061220130655012598219629
0000593373061220130658012449872231
0000593383061220130658013360614770
0000593393061220130659013131637624
0000593403061220130700012313261044
0000593413061220130700012709577544
0000593423061220130701010318320689
0000593433061220130701013074487568
0000593443061220130702010813776292
0000593453061220130703021060015201
0000593463061220130706012708247605
0000593473061220130707012381218833
0000593483061220130708019013889398
0000593493061220130708012147108814
0000593503061220130708012789003604
0000593513061220130709012748967625
0000593523061220130709012129012282
0000593533061220130715012739447541
0000593543061220130717013366872569
0000593553061220130718017019759333
0000593563061220130722016587828540
0000593573061220130723012260223216
0000593583061220130726012866609745
0000593593061220130726012592635604
0000593603061220130726019025472497
0000593613061220130727013015254676
0000593623061220130727012243383839
0000593633061220130728019013900464
0000593643061220130733012434408240
0000593653061220130734012828524541
0000593663061220130736014084176520
0000593673061220130737010815119507
0000593683061220130740012150916527
0000593693061220130741013534757776
0000593703061220130807017019690724
0000593713061220130814012490932707
0000593723061220130827013194415564
0000593733061220130828013327806623
0000593743061220130828012395856373
0000593753061220130828012804171568
0000593763061220130828012873551609
0000593773061220130829019024306550
0000593783061220130829012902859602
0000593793061220130858013153210607
0000593803061220130914012608653628
0000593813061220131006012670737562
0000593823061220131343016203863522
0000593833061220131720012150916527
0000593843061220131800012537454741
0000593853061220131811013360614770
0000593863061220131820016203863522
0000593873061220131825013084786584
0000593883061220131832011424881948
0000593893061220131835013262997608
0000593903061220131842012608653628
0000593913061220131845014084176520
0000593923061220131846012552915800
0000593933061220131857016270519420
0000593943061220131857012930566584
0000593953061220131858012357601584
0000593963061220131900012930566584
0000593973061220131900012490932707
0000593983061220131905012129012282
0000593993061220131906012598219629
0000594003061220131909012709577544
0000594013061220131909012434379364
0000594023061220131911012592635604
0000594033061220131912010324626298
0000594043061220131915013025578628
0000594053061220131915013074487568
0000594063061220131918017019759333
0000594073061220131929012739447541
0000594083061220131932012386607420
0000594093061220132001013153387302
0000594103071220130606012467120491
0000594113071220130619012646806568
0000594123071220130634013084786584
0000594133071220130636012708247605
0000594143071220130653013022098560
0000594153071220130654012425256085
0000594163071220130656012552915800
0000594173071220130658012349959181
0000594183071220130658012778020561
0000594193071220130659012507605539
0000594203071220130700016868279664
0000594213071220130700012930566584
0000594223071220130700012449872231
0000594233071220130701016270519420
0000594243071220130701013215730560
0000594253071220130701012519459656
0000594263071220130701013131637624
0000594273071220130702013360614770
0000594283071220130702012828524541
0000594293071220130703012789003604
0000594303071220130703012789003604
0000594313071220130704012301197869
0000594323071220130705021060277850
0000594333071220130706012381218833
0000594343071220130707013025578628
0000594353071220130708021060015201
0000594363071220130709013131425546
0000594373071220130709012613267560
0000594383071220130709020421048306
0000594393071220130710019025923308
0000594403071220130713011424881948
0000594413071220130713011578161210
0000594423071220130713012537454741
0000594433071220130715013051332568
0000594443071220130715012866609745
0000594453071220130716012319737253
0000594463071220130717012621502581
0000594473071220130718012420704934
0000594483071220130720012260223216
0000594493071220130723013313461580
0000594503071220130724012292626227
0000594513071220130724012434379364
0000594523071220130729013262997608
0000594533071220130735013534757776
0000594543071220130746012466946566
0000594553071220130755010314867713
0000594563071220130808019033786039
0000594573071220130824012992912567
0000594583071220130825013726012809
0000594593071220131836013366872569
0000594603071220131837010813776292
0000594613071220131840013360614770
0000594623071220131842010318320689
0000594633071220131854012434408240
0000594643071220131900012708247605
0000594653071220131900012708247605
0000594663071220131900010314867713
0000594673071220131901012420704934
0000594683071220131905012319737253
0000594693071220131908013290933562
0000594703071220132053016587828540
0000594713081220130620010324626298
0000594723081220130630013360614770
0000594733081220130635012992912567
0000594743081220130642012813849091
0000594753081220130645020421048306
0000594763081220130647017005003371
0000594773081220130649012828524541
0000594783081220130653010814004021
0000594793081220130653012537586842
0000594803081220130655012598219629
0000594813081220130655013155622600
0000594823081220130655013401041583
0000594833081220130656016203863522
0000594843081220130656012456772298
0000594853081220130656021060277850
0000594863081220130656012357601584
0000594873081220130700013290933562
0000594883081220130701013074487568
0000594893081220130701013761081773
0000594903081220130701012633725629
0000594913081220130703013222379628
0000594923081220130703012930566584
0000594933081220130704017044178748
0000594943081220130704012425256085
0000594953081220130705012778020561
0000594963081220130705010813776292
0000594973081220130707013022098560
0000594983081220130710012613267560
0000594993081220130710013131425546
0000595003081220130710012467120491
0000595013081220130711012765965562
0000595023081220130713016587828540
0000595033081220130714012708247605
0000595043081220130716012260223216
0000595053081220130716011578161210
0000595063081220130719010318320689
0000595073081220130719013366872569
0000595083081220130720019033786039
0000595093081220130725012147108814
0000595103081220130726013215730560
0000595113081220130728012386726764
0000595123081220130731012646806568
0000595133081220130732013328784542
0000595143081220130732012434408240
0000595153081220130735012507605539
0000595163081220130749017019690724
0000595173081220130750016868279664
0000595183081220130759019025923308
0000595193081220130804013726012809
0000595203081220130847012283096148
0000595213081220131132013345527560
0000595223081220131845013262997608
0000595233081220131850012552915800
0000595243081220131853016270519420
0000595253081220131853012477172982
0000595263081220131854012456772298
0000595273081220131857019013900464
0000595283081220131857012537454741
0000595293081220131859012930566584
0000595303081220131900016203863522
0000595313081220131903012313261044
0000595323081220131904013121615628
0000595333081220131905012357601584
0000595343081220131908010324626298
0000595353081220131908012386726764
0000595363081220131908012598219629
0000595373081220131913012283096148
0000595383081220131927013025578628
0000595393081220132034014416862276
0000595403091220130637013329036582
0000595413091220130638013050460600
0000595423091220130639012944519621
0000595433091220130640010314867713
0000595443091220130642012477246218
0000595453091220130643011390382901
0000595463091220130644016868279664
0000595473091220130645013121615628
0000595483091220130648012420704934
0000595493091220130651012456823348
0000595503091220130653013025578628
0000595513091220130654012349959181
0000595523091220130656019025923308
0000595533091220130657012260223216
0000595543091220130700017005003371
0000595553091220130701012700736585
0000595563091220130701019013900464
0000595573091220130702010814004021
0000595583091220130702012371447554
0000595593091220130702012537454741
0000595603091220130707012858636585
0000595613091220130707012858636585
0000595623091220130708012552915800
0000595633091220130708012477172982
0000595643091220130708013346657565
0000595653091220130708012837505627
0000595663091220130708012319737253
0000595673091220130708012613267560
0000595683091220130708012595990588
0000595693091220130709013155622600
0000595703091220130710012813849091
0000595713091220130710013287770569
0000595723091220130710013035980542
0000595733091220130713012313261044
0000595743091220130715012633725629
0000595753091220130715013761081773
0000595763091220130717012434379364
0000595773091220130717013262997608
0000595783091220130717012537586842
0000595793091220130718012828524541
0000595803091220130718013401041583
0000595813091220130718012992912567
0000595823091220130718012969445621
0000595833091220130719013222379628
0000595843091220130723012147108814
0000595853091220130726017044178748
0000595863091220130728012765965562
0000595873091220130732010313440740
0000595883091220130734012592635604
0000595893091220130737013153387302
0000595903091220130739013027499601
0000595913091220130749013345527560
0000595923091220130751012004930936
0000595933091220130809013343284601
0000595943091220130821013194415564
0000595953091220130821012150916527
0000595963091220130853010110224296
0000595973091220130905011722716058
0000596013091220130919020766270895
0000596023091220130937012670737562
0000596033091220130937012739447541
0000596073091220131113012491290520
0000596083091220131130011722716058
