0000630143200120141145012425256085
0000630153200120141248012646806568
0000630163200120141301012646806568
0000630173200120141638012004930936
0000630183200120141836012456823348
0000630193200120141838013366872569
0000630203200120141840012434408240
0000630213200120141843010318320689
0000630223200120141844010318320689
0000630233200120141851020421048306
0000630243200120141854013084786584
0000630253200120141858012349959181
0000630263200120141858010314867713
0000630273200120141858010314867713
0000630283200120141859012613267560
0000630293200120141905012425256085
0000630303200120141907012319737253
0000630313200120141907012319737253
0000630323200120141908016587828540
0000630333200120141910019033786039
0000630343200120141916012420704934
0000630353200120141917012420704934
0000630363200120141917016587828540
0000630373200120141926010813776292
0000630383210120140631010324626298
0000630393210120140641010326418420
0000630403210120140643012313763813
0000630413210120140648012672783561
0000630423210120140649012420704934
0000630433210120140652012386607420
0000630443210120140653018087440736
0000630453210120140653018054868788
0000630463210120140653012709577544
0000630473210120140657012598219629
0000630483210120140657012456823348
0000630493210120140657012319737253
0000630503210120140701019013900464
0000630513210120140701012700736585
0000630523210120140701012646483297
0000630533210120140702013074487568
0000630543210120140702012425256085
0000630553210120140703020765234895
0000630563210120140705012595990588
0000630573210120140706013155622600
0000630583210120140706013287770569
0000630593210120140706012944519621
0000630603210120140706013050460600
0000630613210120140706013084786584
0000630623210120140708020421048306
0000630633210120140709013232273563
0000630643210120140711012477246218
0000630653210120140711010318320689
0000630663210120140712013333892587
0000630673210120140712011390382901
0000630683210120140712010110224296
0000630693210120140714013366872569
0000630703210120140715016203863522
0000630713210120140715010313440740
0000630723210120140716012147108814
0000630733210120140716012434408240
0000630743210120140716019025923308
0000630753210120140720013346657565
0000630763210120140721012728154564
0000630773210120140724012371447554
0000630783210120140730015783929275
0000630793210120140731010813776292
0000630803210120140733013389873561
0000630813210120140741012150916527
0000630823210120140751012507644070
0000630833210120140756012608653628
0000630843210120140811019046880284
0000630853210120140820013194415564
0000630863210120140832016877092610
0000630873210120140834013144033609
0000630883210120140835012879575542
0000630893210120140841012739447541
0000630903210120141024012283096148
