0000465923300820131804012739447541
0000465933300820131807012386855181
0000465943300820131814013084786584
0000465953300820131825012150916527
0000465963300820131832012537454741
0000465973300820131845014084176520
0000465983300820131853012386607420
0000465993300820131853013025578628
0000466003300820131853016270519420
0000466013300820131854012780309565
0000466023300820131855013074487568
0000466033300820131855013211004547
0000466043300820131855011424881948
0000466053300820131857012608653628
0000466063300820131857012552915800
0000466073300820131859012598219629
0000466083300820131900012357601584
0000466093300820131900012490932707
0000466103300820131900012328100750
0000466113300820131901019033931071
0000466123300820131901012477172982
0000466133300820131902013262997608
0000466143300820131903012371447554
0000466153300820131904012420704934
0000466163300820131906012646483297
0000466173300820131910012709577544
0000466183300820131910012930566584
0000466193300820131911010324626298
0000466203300820131912013121615628
0000466213300820131916017019759333
0000466223300820131924017019690724
0000466233300820131942013153387302
0000466243310820130600013144033609
0000466253310820130620013084786584
0000466263310820130623013121615628
0000466273310820130632012664090544
0000466283310820130637012319737253
0000466293310820130637012478709718
0000466303310820130649021060015201
0000466313310820130650012780309565
0000466323310820130650013016465581
0000466333310820130651010314867713
0000466343310820130651013022098560
0000466353310820130653016209910573
0000466363310820130653013155622600
0000466373310820130654010326418420
0000466383310820130655013022469569
0000466393310820130658012349959181
0000466403310820130658010777518071
0000466413310820130658012778020561
0000466423310820130658012552915800
0000466433310820130659013333892587
0000466443310820130700013153210607
0000466453310820130700012147108814
0000466463310820130700012477172982
0000466473310820130700012301197869
0000466483310820130701018087440736
0000466493310820130704013262997608
0000466503310820130704013025578628
0000466513310820130704016270519420
0000466523310820130704013131637624
0000466533310820130707012449872231
0000466543310820130708019046560107
0000466553310820130711012420704934
0000466563310820130711013170028587
0000466573310820130711013211004547
0000466583310820130712019024306550
0000466593310820130713012891763566
0000466603310820130714012789003604
0000466613310820130714013112078585
0000466623310820130714012386607420
0000466633310820130717019025472497
0000466643310820130718012371447554
0000466653310820130719012395856373
0000466663310820130722012313763813
0000466673310820130724013194415564
0000466683310820130726012537454741
0000466693310820130730012728154564
0000466703310820130731012728154564
0000466713310820130732012507605539
0000466723310820130733013290933562
0000466733310820130733012858636585
0000466743310820130736012902859602
0000466753310820130742013232273563
0000466763310820130743012666158588
0000466773310820130745013327806623
0000466783310820130806021060277850
0000466793310820130811011578161210
0000466803310820131031019033786039
0000466813310820131808019024306550
0000466823310820131824010318320689
0000466833310820131834019025923308
0000466843310820131838012313261044
0000466853310820131845013366872569
0000466863310820131850010813776292
0000466873310820131854013016465581
0000466883310820131854013360614770
0000466893310820131856012434408240
0000466903310820131900012349959181
0000466913310820131901013022469569
0000466923310820131901010314867713
0000466933310820131902012319737253
0000466943310820131910013211004547
0000466953310820131912012395856373
0000466963310820131915012858636585
0000466973310820131920012420704934
0000466983310820131923012780309565
0000466993310820131926014791971279
0000467003310820131929016587828540
0000467013310820131933012708247605
0000467023310820131943013194415564
0000467033310820131946012371447554
0000467043010920130624012891763566
0000467053010920130631010324626298
0000467063010920130632012930566584
0000467073010920130638021060277850
0000467083010920130639012454253560
0000467093010920130640012992912567
0000467103010920130646012519459656
0000467113010920130647018054868788
0000467123010920130647012456772298
0000467133010920130652012537586842
0000467143010920130652010777518071
0000467153010920130653012430510164
0000467163010920130653012598219629
0000467173010920130655013074487568
0000467183010920130655012804171568
0000467193010920130656012328100750
0000467203010920130657012709577544
0000467213010920130657013534757776
0000467223010920130658012621502581
0000467233010920130659012765965562
0000467243010920130700013290933562
0000467253010920130700013360614770
0000467263010920130700012780309565
0000467273010920130701012357601584
0000467283010920130701010813776292
0000467293010920130705013022098560
0000467303010920130708010318320689
0000467313010920130709012778020561
0000467323010920130712013366872569
0000467333010920130713011390382901
0000467343010920130714016203863522
0000467353010920130715013153210607
0000467363010920130715019025472497
0000467373010920130715013333892587
0000467383010920130716013328784542
0000467393010920130720012260223216
0000467403010920130721012371447554
0000467413010920130721012478709718
0000467423010920130723012434408240
0000467433010920130726012386726764
0000467443010920130729012708247605
0000467453010920130733017019690724
0000467463010920130733013051332568
0000467473010920130735012902859602
0000467483010920130736012728154564
0000467493010920130736019025923308
0000467503010920130737011578161210
0000467513010920130756019033786039
0000467523010920130800012434379364
0000467533010920130809012381218833
0000467543010920130829019036418472
0000467553010920130833012283096148
0000467563010920130905014416862276
0000467573010920131826012804171568
0000467583010920131828012837573622
0000467593010920131836012828524541
0000467603010920131838021060015201
0000467613010920131849013262997608
0000467623010920131850012537454741
0000467633010920131851012456772298
0000467643010920131858012386726764
0000467653010920131900012598219629
0000467663010920131903016203863522
0000467673010920131903013025578628
0000467683010920131903016270519420
0000467693010920131904012930566584
0000467703010920131906012552915800
0000467713010920131907013074487568
0000467723010920131909012357601584
0000467733010920131911012328100750
0000467743010920131912010324626298
0000467753010920131912012283096148
0000467763010920131913012477172982
0000467773010920131916011660532315
0000467783010920131918011619085695
0000467793010920131926017019690724
0000467803010920131926017019690724
0000467813010920131935013312124564
0000467823010920131938013121615628
0000467833020920130610012467120491
0000467843020920130610012467120491
0000467853020920130614012646806568
0000467863020920130616012646806568
0000467873020920130616012467120491
0000467883020920130628013726012809
0000467893020920130628012664090544
0000467903020920130629013121615628
0000467913020920130635016868279664
0000467923020920130639012319737253
0000467933020920130642016209910573
0000467943020920130645012260223216
0000467953020920130646012866609745
0000467963020920130651013022469569
0000467973020920130652012858636585
0000467983020920130652012700736585
0000467993020920130653012386607420
0000468003020920130654013153387302
0000468013020920130655012519459656
0000468023020920130656013215730560
0000468033020920130656012552915800
0000468043020920130657016861599647
0000468053020920130700013262997608
0000468063020920130703012621502581
0000468073020920130703012430510164
0000468083020920130703020421048306
0000468093020920130703012292626227
0000468103020920130704012765965562
0000468113020920130704021060015201
0000468123020920130705016270519420
0000468133020920130706012349959181
0000468143020920130706013025578628
0000468153020920130706012992912567
0000468163020920130707013312124564
0000468173020920130707012837505627
0000468183020920130708012454253560
0000468193020920130708012837573622
0000468203020920130709013016465581
0000468213020920130709012477172982
0000468223020920130711012595990588
0000468233020920130712019025923308
0000468243020920130714013194415564
0000468253020920130714013384428543
0000468263020920130714012129012282
0000468273020920130715018054868788
0000468283020920130717014416862276
0000468293020920130718013131425546
0000468303020920130718012613267560
0000468313020920130719012420704934
0000468323020920130720012537586842
0000468333020920130720013153104467
0000468343020920130724013051332568
0000468353020920130724012828524541
0000468363020920130725012437791118
0000468373020920130728013534757776
0000468383020920130739012466946566
0000468393020920130746012434379364
0000468403020920130748012537454741
0000468413020920130748010314867713
0000468423020920130753012004930936
0000468433020920130815012381218833
0000468443020920130816013343284601
0000468453020920130817011722716058
0000468463020920130826012608653628
0000468473020920130827012386855181
0000468483020920130906012739447541
0000468493020920130909012670737562
0000468503020920130924010110224296
0000468513020920131022012150916527
0000468523020920131301011722716058
0000468533020920131517010313440740
0000468543020920131643012150916527
0000468553020920131706012129012282
0000468563020920131706012004930936
0000468573020920131746012386855181
0000468583020920131833012456823348
0000468593020920131834010318320689
0000468603020920131838010813776292
0000468613020920131840012708247605
0000468623020920131842016587828540
0000468633020920131846012670737562
0000468643020920131847013366872569
0000468653020920131851013153387302
0000468663020920131852013022469569
0000468673020920131854013360614770
0000468683020920131857012434408240
0000468693020920131858012646483297
0000468703020920131858012319737253
0000468713020920131859013016465581
0000468723020920131900010314867713
0000468733020920131900012349959181
0000468743020920131901013343284601
0000468753020920131902013384428543
0000468763020920131903012858636585
0000468773020920131906012386607420
0000468783020920131906013084786584
0000468793020920131909013153210607
0000468803020920131912012420704934
0000468813020920132005014844122270
0000468823020920132030012496829282
0000468833020920132109012608653628
0000468843020920132109012739447541
0000468853020920132109013194415564
0000468863020920132119019010804235
0000468873030920130506012496829282
0000468883030920130614017005003371
0000468893030920130625010324626298
0000468903030920130629013153210607
0000468913030920130640012062693674
0000468923030920130642012813849091
0000468933030920130643012709577544
0000468943030920130643012456772298
0000468953030920130646012930566584
0000468963030920130649012439169406
0000468973030920130652010318320689
0000468983030920130653016203863522
0000468993030920130653012313261044
0000469003030920130654012598219629
0000469013030920130655013313461580
0000469023030920130657010110224296
0000469033030920130658012328100750
0000469043030920130658013074487568
0000469053030920130659017044178748
0000469063030920130701013366872569
0000469073030920130703010813776292
0000469083030920130703010814004021
0000469093030920130704013222379628
0000469103030920130704012595990588
0000469113030920130704012866609745
0000469123030920130705012633725629
0000469133030920130705013761081773
0000469143030920130705019046560107
0000469153030920130705012434408240
0000469163030920130705019046880284
0000469173030920130706013360614770
0000469183030920130707012467120491
0000469193030920130708013215730560
0000469203030920130708012456823348
0000469213030920130708014844122270
0000469223030920130709012700736585
0000469233030920130710013401041583
0000469243030920130710013131425546
0000469253030920130710012708247605
0000469263030920130710016587828540
0000469273030920130710013302245563
0000469283030920130710017056506729
0000469293030920130711013084786584
0000469303030920130712010313440740
0000469313030920130712012613267560
0000469323030920130712012646483297
0000469333030920130712013153104467
0000469343030920130712012319737253
0000469353030920130712012292626227
0000469363030920130713012319737253
0000469373030920130715011970643336
0000469383030920130717012260223216
0000469393030920130720016861599647
0000469403030920130721012646806568
0000469413030920130721012437791118
0000469423030920130724012837505627
0000469433030920130725012150916527
0000469443030920130727012150916527
0000469453030920130728012837505627
0000469463030920130734016209910573
0000469473030920130737012466946566
0000469483030920130738013726012809
0000469493030920130739012283096148
0000469503030920130742021060015201
0000469513030920130749012507644070
0000469523030920130807012386855181
0000469533030920130812013343284601
0000469543030920130816012739447541
0000469553030920130833012608653628
0000469563030920130840012670737562
0000469573030920130847011722716058
0000469583030920131240011722716058
0000469593030920131719012150916527
0000469603030920131730012608653628
0000469613030920131743012386855181
0000469623030920131752012537454741
0000469633030920131809017056506729
0000469643030920131833012552915800
0000469653030920131835013074487568
0000469663030920131838012670737562
0000469673030920131845012477172982
0000469683030920131847019013900464
0000469693030920131849013726012809
0000469703030920131850013262997608
0000469713030920131853012456772298
0000469723030920131855013025578628
0000469733030920131900012930566584
0000469743030920131900010631084573
0000469753030920131902012598219629
0000469763030920131902013312124564
0000469773030920131904016203863522
0000469783030920131907012709577544
0000469793030920131908013343284601
0000469803030920131908013153104467
0000469813030920131909012328100750
0000469823030920131909012319737253
0000469833030920131910012386726764
0000469843030920131911013761081773
0000469853030920131911010324626298
0000469863030920131916011424881948
0000469873030920131920016270519420
0000469883030920131925013121615628
0000469893030920131926012283096148
0000469903030920131930012313261044
0000469913030920131941012739447541
0000469923030920131943019033786039
0000469933030920131946012780309565
0000469943030920132039012514463361
0000469953040920130627014791971279
0000469963040920130636012062693674
0000469973040920130640012319737253
0000469983040920130643012879575542
0000469993040920130643013050460600
0000470003040920130646019013900464
0000470013040920130646017005003371
0000470023040920130649012858636585
0000470033040920130651013016465581
0000470043040920130652012780309565
0000470053040920130652010631084573
0000470063040920130652012552915800
0000470073040920130653014791971279
0000470083040920130653012944519621
0000470093040920130654012944519621
0000470103040920130654014791971279
0000470113040920130656013022469569
0000470123040920130656013006134620
0000470133040920130656013312124564
0000470143040920130657010314867713
0000470153040920130700012386726764
0000470163040920130701013262997608
0000470173040920130701012477172982
0000470183040920130702012509551479
0000470193040920130703012386726764
0000470203040920130703012477246218
0000470213040920130703013121615628
0000470223040920130706016270519420
0000470233040920130707013015254676
0000470243040920130707013287770569
0000470253040920130707013025578628
0000470263040920130707012732485294
0000470273040920130708017044178748
0000470283040920130709012633725629
0000470293040920130710010814004021
0000470303040920130711021060015201
0000470313040920130711021060015201
0000470323040920130712012349959181
0000470333040920130712013194415564
0000470343040920130713013121615628
0000470353040920130714012243383839
0000470363040920130715012434379364
0000470373040920130716012813849091
0000470383040920130716011970643336
0000470393040920130717019046560107
0000470403040920130719013035980542
0000470413040920130719012150916527
0000470423040920130720013401041583
0000470433040920130720013222379628
0000470443040920130722012260223216
0000470453040920130723013346657565
0000470463040920130724010110285686
0000470473040920130729013313461580
0000470483040920130729012439169406
0000470493040920130730013726012809
0000470503040920130730019025923308
0000470513040920130750012507644070
0000470523040920130752013027499601
0000470533040920130752012969445621
0000470543040920130756013329036582
0000470553040920130759019033786039
0000470563040920130801020313925369
0000470573040920130820013321610603
0000470583040920130831012608653628
0000470593040920130843012386855181
0000470603040920130854012739447541
0000470613040920130905012456731192
0000470623040920130914012670737562
0000470633040920130945012537454741
0000470643040920130955012670737562
0000470653040920131247011722716058
0000470663040920131629011722716058
0000470673040920131707012739447541
0000470683040920131729012150916527
0000470693040920131756012670737562
0000470703040920131757012386855181
0000470713040920131833013084786584
0000470723040920131836012456823348
0000470733040920131836012386726764
0000470743040920131838013360614770
0000470753040920131844012837573622
0000470763040920131845010318320689
0000470773040920131850012313763813
0000470783040920131851013366872569
0000470793040920131852010813776292
0000470803040920131852012243383839
0000470813040920131856012608653628
0000470823040920131857013153104467
0000470833040920131857013022469569
0000470843040920131900012514463361
0000470853040920131900021060015201
0000470863040920131900013016465581
0000470873040920131900012349959181
0000470883040920131901012319737253
0000470893040920131901010110285686
0000470903040920131902012283096148
0000470913040920131902010314867713
0000470923040920131903012434408240
0000470933040920131915012708247605
0000470943040920131917012858636585
0000470953040920131919016587828540
0000470963040920131923013121615628
0000470973040920131925012371447554
0000470983040920131938013194415564
0000470993040920131945013329036582
0000471003050920130615010318320689
0000471013050920130627010324626298
0000471023050920130632010326418420
0000471033050920130643013360614770
0000471043050920130643013006134620
0000471053050920130644019013889398
0000471063050920130645018054868788
0000471073050920130648012357601584
0000471083050920130650012930566584
0000471093050920130653012598219629
0000471103050920130653013170028587
0000471113050920130655012709577544
0000471123050920130657012328100750
0000471133050920130657014791971279
0000471143050920130658012672783561
0000471153050920130659013084786584
0000471163050920130659016209910573
0000471173050920130659018087440736
0000471183050920131244011722716058
0000471193050920131726012150916527
0000471203050920131755012537454741
0000471213050920131820013074487568
0000471223050920131822019013900464
0000471233050920131841012552915800
0000471243050920131854013726012809
0000471253050920131857013006134620
0000471263050920131858012357601584
0000471273050920131858012598219629
0000471283050920131858016056925650
0000471293050920131900013333892587
0000471303050920131900013262997608
0000471313050920131900012621502581
0000471323050920131902016270519420
0000471333050920131903013153210607
0000471343050920131904013025578628
0000471353050920131910012666158588
0000471363050920131910012709577544
0000471373050920131911013121615628
0000471383050920131913012328100750
0000471393050920131916012930566584
0000471403050920131924010324626298
0000471413050920131924013329036582
0000471423050920131930012780309565
0000471433050920132017012514463361
0000471443050920132018019036418472
0000471453060920130624013329036582
0000471463060920130629013153210607
0000471473060920130633013327806623
0000471483060920130633012478709718
0000471493060920130640012319737253
0000471503060920130644012789003604
0000471513060920130644019013900464
0000471523060920130645019013889398
0000471533060920130645013016465581
0000471543060920130650012780309565
0000471553060920130651012858636585
0000471563060920130651013022469569
0000471573060920130653012552915800
0000471583060920130653010314867713
0000471593060920130653012490932707
0000471603060920130654012449872231
0000471613060920130659018087440736
0000471623060920130700013025578628
0000471633060920130701010326418420
0000471643060920130701010326418420
0000471653060920130702013131637624
0000471663060920130703013262997608
0000471673060920130703012386607420
0000471683060920130706012129012282
0000471693060920130706012873551609
0000471703060920130707016270519420
0000471713060920130707012349959181
0000471723060920130709012514463361
0000471733060920130709013112078585
0000471743060920130710013121615628
0000471753060920130711018054868788
0000471763060920130712013015254676
0000471773060920130713012672783561
0000471783060920130713012902859602
0000471793060920130714019033931071
0000471803060920130715016209910573
0000471813060920130716012147108814
0000471823060920130716012313763813
0000471833060920130717019024306550
0000471843060920130717012804171568
0000471853060920130717012804171568
0000471863060920130719013170028587
0000471873060920130720017019759333
0000471883060920130722010815119507
0000471893060920130723012150916527
0000471903060920130724013153104467
0000471913060920130724012150916527
0000471923060920130725013726012809
0000471933060920130725013290933562
0000471943060920130725014084176520
0000471953060920130727012243383839
0000471963060920130728012728154564
0000471973060920130731013144033609
0000471983060920130731010777518071
0000471993060920130746012395856373
0000472003060920130750016587828540
0000472013060920130754012386855181
0000472023060920130816017019690724
0000472033060920130846012608653628
0000472043060920130859012739447541
0000472053060920130929012670737562
0000472063060920131017012537454741
0000472073060920131719012150916527
0000472083060920131735012386855181
0000472093060920131822012456823348
0000472103060920131843010813776292
0000472113060920131846013366872569
0000472123060920131846012434408240
0000472133060920131848014084176520
0000472143060920131850013022469569
0000472153060920131851012598219629
0000472163060920131851012708247605
0000472173060920131851012313261044
0000472183060920131853013360614770
0000472193060920131854019033931071
0000472203060920131855010314867713
0000472213060920131856013016465581
0000472223060920131858012739447541
0000472233060920131900012349959181
0000472243060920131901012129012282
0000472253060920131901012490932707
0000472263060920131901011424881948
0000472273060920131902012858636585
0000472283060920131902013084786584
0000472293060920131903017019759333
0000472303060920131904016587828540
0000472313060920131904013153104467
0000472323060920131910012313763813
0000472333060920131911012371447554
0000472343060920131911012319737253
0000472353060920131912012608653628
0000472363060920131915013153387302
0000472373060920131916013153210607
0000472383060920132032016587828540
0000472393070920130626010324626298
0000472403070920130635013074487568
0000472413070920130638012992912567
0000472423070920130643012454253560
0000472433070920130644012866609745
0000472443070920130644012430510164
0000472453070920130645012930566584
0000472463070920130646012519459656
0000472473070920130650013084786584
0000472483070920130652012381218833
0000472493070920130654012902859602
0000472503070920130656012709577544
0000472513070920130656012328100750
0000472523070920130657012598219629
0000472533070920130658012598219629
0000472543070920130658013312124564
0000472553070920130659010777518071
0000472563070920130700012873551609
0000472573070920130700013333892587
0000472583070920130701013022098560
0000472593070920130701012449872231
0000472603070920130701012778020561
0000472613070920130701011390382901
0000472623070920130702012621502581
0000472633070920130703012386607420
0000472643070920130704012456823348
0000472653070920130704013131637624
0000472663070920130705012357601584
0000472673070920130705012789003604
0000472683070920130705010813776292
0000472693070920130708012301197869
0000472703070920130708013366872569
0000472713070920130708011424881948
0000472723070920130708012434408240
0000472733070920130711012828524541
0000472743070920130713013015254676
0000472753070920130713016587828540
0000472763070920130714013534757776
0000472773070920130715012371447554
0000472783070920130715012708247605
0000472793070920130715012478709718
0000472803070920130716013051332568
0000472813070920130716012804171568
0000472823070920130718020421048306
0000472833070920130729013153210607
0000472843070920130732013112078585
0000472853070920130733012313261044
0000472863070920130740021060015201
0000472873070920130745012728154564
0000472883070920130753012147108814
0000472893070920130802011578161210
0000472903070920130817021060277850
0000472913070920130819013290933562
0000472923070920130922019033786039
0000472933070920131824012537454741
0000472943070920131833012552915800
0000472953070920131835012621502581
0000472963070920131836010318320689
0000472973070920131841013074487568
0000472983070920131845013262997608
0000472993070920131851012313261044
0000473003070920131853013360614770
0000473013070920131856012357601584
0000473023070920131900013312124564
0000473033070920131901012930566584
0000473043070920131902012598219629
0000473053070920131906012328100750
0000473063070920131909012709577544
0000473073070920131910010324626298
0000473083070920131913013121615628
0000473093070920131925012708247605
0000473103070920131943012780309565
0000473113080920130600012467120491
0000473123080920130600012467120491
0000473133080920130632012646806568
0000473143080920130634012319737253
0000473153080920130639012292626227
0000473163080920130643012837573622
0000473173080920130645012552915800
0000473183080920130646012879575542
0000473193080920130650012780309565
0000473203080920130651012507605539
0000473213080920130652016861599647
0000473223080920130652012349959181
0000473233080920130656013016465581
0000473243080920130656012866609745
0000473253080920130656016868279664
0000473263080920130656012992912567
0000473273080920130657013022469569
0000473283080920130700013290933562
0000473293080920130701012828524541
0000473303080920130701013262997608
0000473313080920130704013121615628
0000473323080920130704019033786039
0000473333080920130705013194415564
0000473343080920130705012371447554
0000473353080920130705012313261044
0000473363080920130706012454253560
0000473373080920130706012381218833
0000473383080920130707012537586842
0000473393080920130707012301197869
0000473403080920130707021060015201
0000473413080920130707013345527560
0000473423080920130708013022098560
0000473433080920130709021060277850
0000473443080920130709013215730560
0000473453080920130710011578161210
0000473463080920130711012430510164
0000473473080920130711019025923308
0000473483080920130711020421048306
0000473493080920130714011390382901
0000473503080920130714017019690724
0000473513080920130714012386726764
0000473523080920130714012386607420
0000473533080920130716012613267560
0000473543080920130716013131425546
0000473553080920130716013051332568
0000473563080920130716012778020561
0000473573080920130716010314867713
0000473583080920130716012708247605
0000473593080920130718020193026753
0000473603080920130720012765965562
0000473613080920130724012519459656
0000473623080920130726010318320689
0000473633080920130730013534757776
0000473643080920130741012283096148
0000473653080920130746013349813622
0000473663080920130747012466946566
0000473673080920130750012437791118
0000473683080920130751012147108814
0000473693080920130752012858636585
0000473703080920130818013328784542
0000473713080920130819013726012809
0000473723080920130839014416862276
0000473733080920131807013366872569
0000473743080920131823012858636585
0000473753080920131828010318320689
0000473763080920131830012456823348
0000473773080920131833013360614770
0000473783080920131840012371447554
0000473793080920131841012319737253
0000473803080920131847010813776292
0000473813080920131848013022469569
0000473823080920131854012708247605
0000473833080920131900012434408240
0000473843080920131901010314867713
0000473853080920131905012386726764
0000473863080920131905013015254676
0000473873080920131906013016465581
0000473883080920131909012283096148
0000473893080920131917011660532315
0000473903080920131918019033786039
0000473913080920131928017019690724
0000473923080920131952013194415564
0000473933080920131953013194415564
0000473943080920132006011619085695
0000473953090920130621013360614770
0000473963090920130624010324626298
0000473973090920130636013074487568
0000473983090920130641017044178748
0000473993090920130641012709577544
0000474003090920130644010318320689
0000474013090920130645012930566584
0000474023090920130648012700736585
0000474033090920130648017005003371
0000474043090920130649012598219629
0000474053090920130651013313461580
0000474063090920130651012381218833
0000474073090920130653012439169406
0000474083090920130654012357601584
0000474093090920130654012813849091
0000474103090920130655012129012282
0000474113090920130656013333892587
0000474123090920130657012292626227
0000474133090920130657012328100750
0000474143090920130657013401041583
0000474153090920130657013194415564
0000474163090920130701012437791118
0000474173090920130702019046560107
0000474183090920130703010813776292
0000474193090920130704012837573622
0000474203090920130706013153387302
0000474213090920130706012613267560
0000474223090920130706013131425546
0000474233090920130707012837505627
0000474243090920130707013015254676
0000474253090920130707016203863522
0000474263090920130707013366872569
0000474273090920130708012456823348
0000474283090920130710013761081773
0000474293090920130710012633725629
0000474303090920130710013222379628
0000474313090920130710016861599647
0000474323090920130710016868279664
0000474333090920130711012708247605
0000474343090920130711010313440740
0000474353090920130711013215730560
0000474363090920130712012595990588
0000474373090920130713019033786039
0000474383090920130713013345527560
0000474393090920130713012467120491
0000474403090920130714019033786039
0000474413090920130715019025923308
0000474423090920130718012537586842
0000474433090920130720012765965562
0000474443090920130721013112078585
0000474453090920130723012150916527
0000474463090920130725011970643336
0000474473090920130725012434408240
0000474483090920130736013726012809
0000474493090920130737012466946566
0000474503090920130739012646806568
0000474513090920130743013153104467
0000474523090920130757012386855181
0000474533090920130802013343284601
0000474543090920130804012670737562
0000474553090920130832012608653628
0000474563090920130843010110224296
0000474573090920130857012739447541
0000474583090920131147011722716058
0000474593090920131620011722716058
0000474603090920131727012386855181
0000474613090920131740012150916527
0000474623090920131744012670737562
0000474633090920131748012537454741
0000474643090920131805012739447541
0000474653090920131825013084786584
0000474663090920131833013074487568
0000474673090920131834012129012282
0000474683090920131845010814004021
0000474693090920131846013262997608
0000474703090920131849012313261044
0000474713090920131849012552915800
0000474723090920131854015783929275
0000474733090920131900012598219629
0000474743090920131903012357601584
0000474753090920131904013153387302
0000474763090920131904016203863522
0000474773090920131904012381218833
0000474783090920131904012477172982
0000474793090920131906012328100750
0000474803090920131908019033786039
0000474813090920131908021060015201
0000474823090920131909016270519420
0000474833090920131909012930566584
0000474843090920131910013343284601
0000474853090920131911013025578628
0000474863090920131912012709577544
0000474873090920131912010324626298
0000474883090920131913012873551609
0000474893090920131917013112078585
0000474903090920131919013121615628
0000474913090920131920012608653628
0000474923090920131928012780309565
0000474933090920131941013222379628
0000474943090920132010012496829282
0000474953090920132021014844122270
0000474963100920130633012319737253
0000474973100920130636013016465581
0000474983100920130637013035980542
0000474993100920130638018054868788
0000475003100920130640012456772298
0000475013100920130642012944519621
0000475023100920130642012210252778
0000475033100920130642010314867713
0000475043100920130642012349959181
0000475053100920130645012477246218
0000475063100920130645012879575542
0000475073100920130646012813849091
0000475083100920130646013121615628
0000475093100920130651013050460600
0000475103100920130651012780309565
0000475113100920130653012552915800
0000475123100920130653012700736585
0000475133100920130653013022469569
0000475143100920130700016270519420
0000475153100920130700013025578628
0000475163100920130700012477172982
0000475173100920130700013084786584
0000475183100920130701019046880284
0000475193100920130701010814004021
0000475203100920130702012595990588
0000475213100920130705019025923308
0000475223100920130706017056506729
0000475233100920130706013262997608
0000475243100920130707013346657565
0000475253100920130707015783929275
0000475263100920130707015783929275
0000475273100920130708014791971279
0000475283100920130708012804171568
0000475293100920130708012804171568
0000475303100920130708012804171568
0000475313100920130709012804171568
0000475323100920130711012858636585
0000475333100920130712012873551609
0000475343100920130712012490446292
0000475353100920130712013401041583
0000475363100920130713013194415564
0000475373100920130714013761081773
0000475383100920130715013333892587
0000475393100920130716012633725629
0000475403100920130717012150916527
0000475413100920130718012313261044
0000475423100920130721021060015201
0000475433100920130722010110224296
0000475443100920130722010313440740
0000475453100920130723012420704934
0000475463100920130727017005003371
0000475473100920130727011970643336
0000475483100920130727019046560107
0000475493100920130729012439169406
0000475503100920130734012969445621
0000475513100920130738012837505627
0000475523100920130738012837505627
0000475533100920130738013027499601
0000475543100920130742013313461580
0000475553100920130743017044178748
0000475563100920130749016877092610
0000475573100920130751012507644070
0000475583100920130755012243383839
0000475593100920130806013153104467
0000475603100920130807012739447541
0000475613100920130809012537454741
0000475623100920130823012283096148
0000475633100920130843012608653628
0000475643100920130912012386855181
0000475653100920130927012670737562
0000475663100920131006011722716058
0000475673100920131536011722716058
0000475683100920131710012150916527
0000475693100920131801012608653628
0000475703100920131802013153104467
0000475713100920131803012386855181
0000475723100920131814017056506729
0000475733100920131817012739447541
0000475743100920131825012456823348
0000475753100920131831010813776292
0000475763100920131832010318320689
0000475773100920131843019013900464
0000475783100920131844013366872569
0000475793100920131850016203863522
0000475803100920131850012708247605
0000475813100920131851013016465581
0000475823100920131851013726012809
0000475833100920131853011424881948
0000475843100920131853012434408240
0000475853100920131854013022469569
0000475863100920131855012456772298
0000475873100920131855012371447554
0000475883100920131858012319737253
0000475893100920131900010314867713
0000475903100920131901012349959181
0000475913100920131903012858636585
0000475923100920131903012283096148
0000475933100920131904010631084573
0000475943100920131906015783929275
0000475953100920131910013329036582
0000475963100920131911012804171568
0000475973100920131911012804171568
0000475983100920131913012386726764
0000475993100920131917012420704934
0000476003100920131923013194415564
0000476013100920131939016587828540
0000476023100920132047012514463361
0000476033110920130616010324626298
0000476043110920130623012646483297
0000476053110920130629010326418420
0000476063110920130631010631084573
0000476073110920130633013006134620
0000476083110920130637010318320689
0000476093110920130643012454253560
0000476103110920130645012313763813
0000476113110920130647012357601584
0000476123110920130648012709577544
0000476133110920130650012930566584
0000476143110920130650012598219629
0000476153110920130651019013900464
0000476163110920130651013170028587
0000476173110920130652013074487568
0000476183110920130653012969445621
0000476193110920130654012507605539
0000476203110920130654012732485294
0000476213110920130655012328100750
0000476223110920130655018087440736
0000476233110920130657013035980542
0000476243110920130659012434408240
0000476253110920130702012509551479
0000476263110920130702013050460600
0000476273110920130704010813776292
0000476283110920130705012456823348
0000476293110920130706011424881948
0000476303110920130707013144033609
0000476313110920130708011390382901
0000476323110920130709012728154564
0000476333110920130709012386726764
0000476343110920130710012425256085
0000476353110920130710016203863522
0000476363110920130713012386726764
0000476373110920130713016587828540
0000476383110920130714013329036582
0000476393110920130715012708247605
0000476403110920130715013366872569
0000476413110920130716012672783561
0000476423110920130717016877092610
0000476433110920130718012477246218
0000476443110920130720013346657565
0000476453110920130720013313461580
0000476463110920130720012490446292
0000476473110920130720012944519621
0000476483110920130721019025923308
0000476493110920130721012210252778
0000476503110920130723012371447554
0000476513110920130724010110285686
0000476523110920130724013726012809
0000476533110920130725013027499601
0000476543110920130728012420704934
0000476553110920130734021060015201
0000476563110920130735018054868788
0000476573110920130736012283096148
0000476583110920130736012905269563
0000476593110920130756012507644070
0000476603110920130757013153104467
0000476613110920130831012386855181
0000476623110920130852012608653628
0000476633110920130857013321610603
0000476643110920130901012670737562
0000476653110920130933012879575542
0000476683110920130936012592635604
0000476693110920131706012150916527
0000476703110920131725012386855181
0000476713110920131755012537454741
0000476723110920131755012837573622
0000476733110920131832013074487568
0000476743110920131834013006134620
0000476753110920131834012552915800
0000476763110920131843013084786584
0000476773110920131846012357601584
0000476783110920131848013262997608
0000476793110920131848013333892587
0000476803110920131853012477172982
0000476813110920131854010110285686
0000476823110920131856013025578628
0000476833110920131857012905269563
0000476843110920131900012930566584
0000476853110920131900016270519420
0000476863110920131900012709577544
0000476873110920131900013313461580
0000476883110920131902012598219629
0000476893110920131905012283096148
0000476903110920131907021060015201
0000476913110920131907012420704934
0000476923110920131915012328100750
0000476933110920131916010324626298
0000476943110920131931012780309565
0000476953110920131939012386726764
0000476963110920131941013121615628
0000476973110920132015012608653628
0000476983110920132037013153104467
0000476993120920130603012646483297
0000477003120920130633012478709718
0000477013120920130633013327806623
0000477023120920130633012319737253
0000477033120920130635013121615628
0000477043120920130641012902859602
0000477053120920130647012349959181
0000477063120920130648013016465581
0000477073120920130648010314867713
0000477083120920130649013222379628
0000477093120920130650013006134620
0000477103120920130650012780309565
0000477113120920130651013211004547
0000477123120920130652013022469569
0000477133120920130653012778020561
0000477143120920130658012147108814
0000477153120920130659012552915800
0000477163120920130659013015254676
0000477173120920130700012477172982
0000477183120920130700013084786584
0000477193120920130700016203863522
0000477203120920130700013025578628
0000477213120920130700016270519420
0000477223120920130701018087440736
0000477233120920130701013262997608
0000477243120920130701012395856373
0000477253120920130701010777518071
0000477263120920130701010777518071
0000477273120920130702012837573622
0000477283120920130703012858636585
0000477293120920130703019024306550
0000477303120920130705011390382901
0000477313120920130705013194415564
0000477323120920130706012509551479
0000477333120920130709012666158588
0000477343120920130710012507605539
0000477353120920130711012748967625
0000477363120920130712013170028587
0000477373120920130713012425256085
0000477383120920130713012592635604
0000477393120920130716010631084573
0000477403120920130716012243383839
0000477413120920130716012537454741
0000477423120920130717019025472497
0000477433120920130719013333892587
0000477443120920130720012150916527
0000477453120920130722012313763813
0000477463120920130723012672783561
0000477473120920130726012728154564
0000477483120920130729010326418420
0000477493120920130732012804171568
0000477503120920130732012891763566
0000477513120920130734012454253560
0000477523120920130734013112078585
0000477533120920130738013144033609
0000477543120920130738012732485294
0000477553120920130739010313440740
0000477563120920130752013290933562
0000477573120920130813012739447541
0000477583120920130816013153104467
0000477593120920130823019033786039
0000477603120920130824013343284601
0000477613120920130828012670737562
0000477623120920130836011722716058
0000477633120920130837012386855181
0000477643120920130838012608653628
0000477653120920131010010815119507
0000477663120920131251011722716058
0000477673120920131729013153104467
0000477683120920131733012150916527
0000477693120920131733012150916527
0000477703120920131755012739447541
0000477713120920131824012386855181
0000477723120920131837019013900464
0000477733120920131838013366872569
0000477743120920131841012456823348
0000477753120920131848012313261044
0000477763120920131852016056925650
0000477773120920131852012434408240
0000477783120920131852010813776292
0000477793120920131853013006134620
0000477803120920131857013016465581
0000477813120920131857012873551609
0000477823120920131857013022469569
0000477833120920131859012858636585
0000477843120920131900012349959181
0000477853120920131900013290933562
0000477863120920131900012944519621
0000477873120920131902010318320689
0000477883120920131904010314867713
0000477893120920131908019033786039
0000477903120920131908013222379628
0000477913120920131911012319737253
0000477923120920131917012708247605
0000477933120920131931013343284601
0000477943120920131934012608653628
0000477953120920131945017040273738
0000477963120920131948013194415564
0000477973120920131949013194415564
0000477983120920132047019036418472
0000477993130920130616010324626298
0000478003130920130622010318320689
0000478013130920130633012992912567
0000478023130920130636012395856373
0000478033130920130636012395856373
0000478043130920130636013327806623
0000478053130920130639012519459656
0000478063130920130640012828524541
0000478073130920130642020421048306
0000478083130920130643012537586842
0000478093130920130644012210252778
0000478103130920130645012313261044
0000478113130920130648012449872231
0000478123130920130649012930566584
0000478133130920130649012328100750
0000478143130920130650012357601584
0000478153130920130650012598219629
0000478163130920130650013074487568
0000478173130920130655012129012282
0000478183130920130656019013900464
0000478193130920130658012454253560
0000478203130920130658012866609745
0000478213130920130659013333892587
0000478223130920130700012621502581
0000478233130920130701013287770569
0000478243130920130702010813776292
0000478253130920130702012789003604
0000478263130920130702013534757776
0000478273130920130703013366872569
0000478283130920130703010814004021
0000478293130920130704012420704934
0000478303130920130704012434379364
0000478313130920130704013194415564
0000478323130920130704012709577544
0000478333130920130705013015254676
0000478343130920130706012456823348
0000478353130920130707021060015201
0000478363130920130708010777518071
0000478373130920130708010777518071
0000478383130920130708010631084573
0000478393130920130709012748967625
0000478403130920130709012944519621
0000478413130920130709012891763566
0000478423130920130709012490932707
0000478433130920130709012708247605
0000478443130920130710012666158588
0000478453130920130710013051332568
0000478463130920130710017019759333
0000478473130920130710012778020561
0000478483130920130711012147108814
0000478493130920130714012873551609
0000478503130920130715019024306550
0000478513130920130715012243383839
0000478523130920130716012434408240
0000478533130920130718016203863522
0000478543130920130719012150916527
0000478553130920130723014084176520
0000478563130920130724012260223216
0000478573130920130726019033931071
0000478583130920130733010815119507
0000478593130920130738017019690724
0000478603130920130744017040273738
0000478613130920130758012386855181
0000478623130920130804012608653628
