0000613383301220131714013194415564
0000613393301220131721012670737562
0000613403301220131728012004930936
0000613413301220131800012708247605
0000613423301220131848012552915800
0000613433301220131849013084786584
0000613443301220131854013025578628
0000613453301220131854012477172982
0000613463301220131854013074487568
0000613473301220131856016270519420
0000613483301220131859012319737253
0000613493301220131900012592635604
0000613503301220131901012930566584
0000613513301220131903013121615628
0000613523301220131904012598219629
0000613533301220131908012537454741
0000613543301220131913012434379364
0000613553301220131913016203863522
0000613563301220131915010324626298
0000613573301220131916012902859602
0000613583301220131940018054868788
0000613593301220131944014844122270
0000613603301220131945013726012809
0000613613301220131950012728154564
0000613623301220132101014416862276
0000613633301220132108012608653628
0000613643311220130543012496829282
0000613653311220130559013726012809
0000613663311220130614014416862276
0000613673311220130628012646806568
0000613683311220130638012467120491
0000613693311220130642013215730560
0000613703311220130643012507605539
0000613713311220130646012319737253
0000613723311220130651013084786584
0000613733311220130656012537586842
0000613743311220130656012420704934
0000613753311220130658013313461580
0000613763311220130659012390167219
0000613773311220130659012552915800
0000613783311220130659013121615628
0000613793311220130700013262997608
0000613803311220130700013025578628
0000613813311220130700013035980542
0000613823311220130701016270519420
0000613833311220130701012621502581
0000613843311220130701016861599647
0000613853311220130702012292626227
0000613863311220130703013006134620
0000613873311220130703016868279664
0000613883311220130709012858636585
0000613893311220130709012349959181
0000613903311220130709010314867713
0000613913311220130709012519459656
0000613923311220130709012434379364
0000613933311220130709012477172982
0000613943311220130710012708247605
0000613953311220130710012700736585
0000613963311220130712020766270895
0000613973311220130713010110224296
0000613983311220130714017019690724
0000613993311220130716021060015201
0000614003311220130717010313440740
0000614013311220130718013153210607
0000614023311220130718012613267560
0000614033311220130718013131425546
0000614043311220130720012728154564
0000614053311220130720012617905561
0000614063311220130722019046880284
0000614073311220130725012537454741
0000614083311220130725012150916527
0000614093311220130726013401041583
0000614103311220130730013534757776
0000614113311220130733012595990588
0000614123311220130735011390382901
0000614133311220130740012992912567
0000614143311220130740012454253560
0000614153311220130745019025923308
0000614163311220130745012507644070
0000614173311220130810012608653628
0000614183311220130837012283096148
0000614193311220130854013194415564
0000614203311220130903015783929275
0000614213311220130919016877092610
0000614223311220130938011722716058
0000614233311220131038012670737562
0000614243311220131415012608653628
0000614253311220131415012670737562
0000614263311220131756012283096148
0000614273311220131825012147108814
0000614283311220131833012456823348
0000614293311220131846010318320689
0000614303311220131847016587828540
0000614313311220131849020766270895
0000614323311220131850013262997608
0000614333311220131850012858636585
0000614343311220131857013366872569
0000614353311220131859013360614770
0000614363311220131859012434408240
0000614373311220131859013035980542
0000614383311220131901019013900464
0000614393311220131904012349959181
0000614403311220131904012349959181
0000614413311220131909012420704934
0000614423311220131909012420704934
0000614433311220131910010314867713
0000614443311220131912012319737253
0000614453311220131912012319737253
0000614463311220131929013006134620
0000614473010120140630010324626298
0000614483010120140636012456772298
0000614493010120140638012992912567
0000614503010120140639012813849091
0000614513010120140645013222379628
0000614523010120140647017005003371
0000614533010120140648012930566584
0000614543010120140651012456823348
0000614553010120140653010318320689
0000614563010120140655010318320689
0000614573010120140655012657781626
0000614583010120140656017044178748
0000614593010120140656012147108814
0000614603010120140657012147108814
0000614613010120140701012509551479
0000614623010120140703012319737253
0000614633010120140704011970643336
0000614643010120140705012732485294
0000614653010120140709016203863522
0000614663010120140710013360614770
0000614673010120140710011390382901
0000614683010120140710012709577544
0000614693010120140710012866609745
0000614703010120140711013333892587
0000614713010120140713013366872569
0000614723010120140713019013900464
0000614733010120140714012646806568
0000614743010120140715012633725629
0000614753010120140715013211004547
0000614763010120140715012357601584
0000614773010120140715012613267560
0000614783010120140717012390167219
0000614793010120140717015783929275
0000614803010120140718012467120491
0000614813010120140718016587828540
0000614823010120140721013153210607
0000614833010120140725012507605539
0000614843010120140726010110285686
0000614853010120140726013131425546
0000614863010120140731016861599647
0000614873010120140731013074487568
0000614883010120140731010814004021
0000614893010120140736019025923308
0000614903010120140739012313261044
0000614913010120140741012292626227
0000614923010120140744019046880284
0000614933010120140749020193270344
0000614943010120140754016868279664
0000614953010120140759012386726764
0000614963010120140819013345527560
0000614973010120140822016877092610
0000614983010120140910019037587170
0000614993010120141758012708247605
0000615003010120141836013084786584
0000615013010120141838012477172982
0000615023010120141838013262997608
0000615033010120141851012552915800
0000615043010120141857013025578628
0000615053010120141857013761081773
0000615063010120141900013345527560
0000615073010120141900020193270344
0000615083010120141901013211004547
0000615093010120141903010110285686
0000615103010120141905011424881948
0000615113010120141905016203863522
0000615123010120141908016270519420
0000615133010120141908013074487568
0000615143010120141910010318320689
0000615153010120141912012357601584
0000615163010120141914019025923308
0000615173010120141917012386726764
0000615183010120141918013121615628
0000615193020120140611012456772298
0000615203020120140615013006134620
0000615213020120140624012319737253
0000615223020120140628012537454741
0000615233020120140639019025923308
0000615243020120140639017005003371
0000615253020120140646013025578628
0000615263020120140647012944519621
0000615273020120140647013121615628
0000615283020120140648012866609745
0000615293020120140650013035980542
0000615303020120140651019013889398
0000615313020120140652012552915800
0000615323020120140653012477172982
0000615333020120140655013329036582
0000615343020120140656019025923308
0000615353020120140659012477246218
0000615363020120140700016270519420
0000615373020120140701013084786584
0000615383020120140701012858636585
0000615393020120140702012349959181
0000615403020120140702010314867713
0000615413020120140702013050460600
0000615423020120140702011970643336
0000615433020120140702013287770569
0000615443020120140703012748967625
0000615453020120140704011390382901
0000615463020120140704012708247605
0000615473020120140705012708247605
0000615483020120140705012509551479
0000615493020120140709010313440740
0000615503020120140713010814004021
0000615513020120140714012657781626
0000615523020120140714013761081773
0000615533020120140714012633725629
0000615543020120140716012992912567
0000615553020120140717012313261044
0000615563020120140717013262997608
0000615573020120140720012813849091
0000615583020120140723012732485294
0000615593020120140726017044178748
0000615603020120140731012150916527
0000615613020120140732012371447554
0000615623020120140733013346657565
0000615633020120140739014791971279
0000615643020120140742013222379628
0000615653020120140749012210252778
0000615663020120140757012592635604
0000615673020120140811013343284601
0000615683020120140845012670737562
0000615693020120140855013290933562
0000615703020120140856013027499601
0000615713020120140934013194415564
0000615723020120140937012739447541
0000615733020120141121012608653628
0000615743020120141637012670737562
0000615753020120141702012150916527
