0000564713311020130821012905269563
0000564723311020130829011722716058
0000564733311020130836012873551609
0000564743311020130941012739447541
0000564753311020130956013290933562
0000564763311020131711012150916527
0000564773311020131821016056925650
0000564783311020131832016270519420
0000564793311020131834013074487568
0000564803311020131841013262997608
0000564813311020131846019013900464
0000564823311020131849012477172982
0000564833311020131850012552915800
0000564843311020131852012905269563
0000564853311020131852012210252778
0000564863311020131855012739447541
0000564873311020131900013006134620
0000564883311020131902012930566584
0000564893311020131903013050460600
0000564903311020131904013025578628
0000564913311020131909013153210607
0000564923311020131909012319737253
0000564933311020131910013290933562
0000564943311020131914012598219629
0000564953311020131914012709577544
0000564963311020131915016203863522
0000564973311020131937012386607420
0000564983311020131958012537454741
0000564993311020132014013121615628
0000565003311020132051012992912567
0000565013311020132054019036418472
0000565023011120130438019036418472
0000565033011120130541016056925650
0000565043011120130545012646806568
0000565053011120130605012467120491
0000565063011120130605012467120491
0000565073011120130609013262997608
0000565083011120130636012449872231
0000565093011120130638012456823348
0000565103011120130640012319737253
0000565113011120130642010314867713
0000565123011120130643013215730560
0000565133011120130649012349959181
0000565143011120130651012866609745
0000565153011120130652019025923308
0000565163011120130652013051332568
0000565173011120130653019013889398
0000565183011120130653016868279664
0000565193011120130654013313461580
0000565203011120130654012789003604
0000565213011120130655012425256085
0000565223011120130656016861599647
0000565233011120130656012507605539
0000565243011120130657010631084573
0000565253011120130658012748967625
0000565263011120130658019013900464
0000565273011120130658012454253560
0000565283011120130658012519459656
0000565293011120130659012552915800
0000565303011120130659012292626227
0000565313011120130700012477172982
0000565323011120130701012858636585
0000565333011120130702012944519621
0000565343011120130702013025578628
0000565353011120130703021060015201
0000565363011120130705012150916527
0000565373011120130706012129012282
0000565383011120130707013131425546
0000565393011120130707012613267560
0000565403011120130708012621502581
0000565413011120130710013131637624
0000565423011120130711020421048306
0000565433011120130711012992912567
0000565443011120130711012828524541
0000565453011120130712012537454741
0000565463011120130715013121615628
0000565473011120130715013121615628
0000565483011120130717012490932707
0000565493011120130719013153210607
0000565503011120130721013312124564
0000565513011120130722012260223216
0000565523011120130723010815119507
0000565533011120130723017019759333
0000565543011120130725013534757776
0000565553011120130728019033931071
0000565563011120130737017040273738
0000565573011120130739012646483297
0000565583011120130744012466946566
0000565593011120130802012437791118
0000565603011120130805013194415564
0000565613011120130814017019690724
0000565623011120130834011722716058
0000565633011120130912012739447541
0000565643011120130928012670737562
0000565653011120130938013726012809
0000565663011120131811012150916527
0000565673011120131811013194415564
0000565683011120131834013084786584
0000565693011120131835013366872569
0000565703011120131838011424881948
0000565713011120131848012434408240
0000565723011120131854019033931071
0000565733011120131854013360614770
0000565743011120131854012858636585
0000565753011120131855010314867713
0000565763011120131856012598219629
0000565773011120131857012456823348
0000565783011120131858012349959181
0000565793011120131859012670737562
0000565803011120131859012739447541
0000565813011120131900012129012282
0000565823011120131903012490932707
0000565833011120131914012708247605
0000565843011120131916017019690724
0000565853011120131919017019759333
0000565863011120131923012319737253
0000565873011120131923012319737253
0000565883011120131938013121615628
0000565893011120131952013153387302
0000565903021120130626013084786584
0000565913021120130633012813849091
0000565923021120130634010324626298
0000565933021120130640017005003371
0000565943021120130643010318320689
0000565953021120130646012709577544
0000565963021120130646012930566584
0000565973021120130647012313261044
0000565983021120130647012439169406
0000565993021120130649021060015201
0000566003021120130650013022098560
0000566013021120130653013401041583
0000566023021120130654017044178748
0000566033021120130655013333892587
0000566043021120130655013360614770
0000566053021120130655013074487568
0000566063021120130656010814004021
0000566073021120130656013761081773
0000566083021120130656012633725629
0000566093021120130700012357601584
0000566103021120130700013313461580
0000566113021120130702012778020561
0000566123021120130703012301197869
0000566133021120130703013131637624
0000566143021120130704012467120491
0000566153021120130705012789003604
0000566163021120130705012449872231
0000566173021120130706019046560107
0000566183021120130707012728154564
0000566193021120130708011424881948
0000566203021120130712012708247605
0000566213021120130712013366872569
0000566223021120130712016861599647
0000566233021120130712012598219629
0000566243021120130713012466946566
0000566253021120130714012425256085
0000566263021120130714012292626227
0000566273021120130715012434408240
0000566283021120130716012437791118
0000566293021120130716012437791118
0000566303021120130716012437791118
0000566313021120130716012613267560
0000566323021120130716013131425546
0000566333021120130724013726012809
0000566343021120130729016203863522
0000566353021120130730012319737253
0000566363021120130733016868279664
0000566373021120130733012646483297
0000566383021120130734011970643336
0000566393021120130734013222379628
0000566403021120130734011578161210
0000566413021120130736012646806568
0000566423021120130921013290933562
0000566433021120130934021060277850
0000566443021120131838012477172982
0000566453021120131843016270519420
0000566463021120131843012537454741
0000566473021120131852013262997608
0000566483021120131859010318320689
0000566493021120131900012930566584
0000566503021120131900012930566584
0000566513021120131902012357601584
0000566523021120131902013074487568
0000566533021120131903012537454741
0000566543021120131905012420704934
0000566553021120131906013025578628
0000566563021120131909010324626298
0000566573021120131917012709577544
0000566583021120131931016203863522
0000566593031120130633012708247605
0000566603031120130635013035980542
0000566613031120130637017005003371
0000566623031120130638013346657565
0000566633031120130638013050460600
0000566643031120130646012420704934
0000566653031120130646012319737253
0000566663031120130647012420704934
0000566673031120130650012456772298
0000566683031120130652012349959181
0000566693031120130655012507605539
0000566703031120130658012732485294
0000566713031120130700012477246218
0000566723031120130700013287770569
0000566733031120130700013025578628
0000566743031120130702014791971279
0000566753031120130702013313461580
0000566763031120130702012313261044
0000566773031120130702012930566584
0000566783031120130703012765965562
0000566793031120130704011970643336
0000566803031120130705013761081773
0000566813031120130705012813849091
0000566823031120130707021060015201
0000566833031120130707012804171568
0000566843031120130707012804171568
0000566853031120130707012633725629
0000566863031120130708016270519420
0000566873031120130708013401041583
0000566883031120130709012728154564
0000566893031120130709013262997608
0000566903031120130709012778020561
0000566913031120130710013345527560
0000566923031120130710012381218833
0000566933031120130711010814004021
0000566943031120130712019046560107
0000566953031120130713013290933562
0000566963031120130714012858636585
0000566973031120130715017044178748
0000566983031120130715013329036582
0000566993031120130716010314867713
0000567003031120130716012477172982
0000567013031120130717013022098560
0000567023031120130717013222379628
0000567033031120130719012592635604
0000567043031120130719012301197869
0000567053031120130720012537454741
0000567063031120130722012439169406
0000567073031120130723013333892587
0000567083031120130724013328784542
0000567093031120130726012371447554
0000567103031120130739013027499601
0000567113031120130752012283096148
0000567123031120130804012386726764
0000567133031120130834017019690724
0000567143031120130836019025923308
0000567153031120130959013349813622
0000567163031120131838016587828540
0000567173031120131838013366872569
0000567183031120131847010813776292
0000567193031120131847012858636585
0000567203031120131847012837573622
0000567213031120131852010318320689
0000567223031120131900012349959181
0000567233031120131900012420704934
0000567243031120131900012283096148
0000567253031120131902012319737253
0000567263031120131903012434408240
0000567273031120131903012456772298
0000567283031120131907012804171568
0000567293031120131908010314867713
0000567303031120131909012490446292
0000567313031120131912012386726764
0000567323031120131919013121615628
0000567333031120131946017019690724
0000567343031120132053014416862276
0000567353031120132107012708247605
0000567363031120132109012708247605
0000567373041120130630010326418420
0000567383041120130636010324626298
0000567393041120130650014791971279
0000567403041120130651012708247605
0000567413041120130652019046560107
0000567423041120130653012646483297
0000567433041120130655012930566584
0000567443041120130655018087440736
0000567453041120130655016209910573
0000567463041120130655012728154564
0000567473041120130656012709577544
0000567483041120130656012357601584
0000567493041120130657012598219629
0000567503041120130659012700736585
0000567513041120130700013366872569
0000567523041120130701013155622600
0000567533041120130701013074487568
0000567543041120130702018054868788
0000567553041120130703012425256085
0000567563041120130703010813776292
0000567573041120130704013144033609
0000567583041120130705010318320689
0000567593041120130705011660532315
0000567603041120130705012837505627
0000567613041120130706013153387302
0000567623041120130706012944519621
0000567633041120130707012595990588
0000567643041120130707012765965562
0000567653041120130708012371447554
0000567663041120130709013333892587
0000567673041120130710016203863522
0000567683041120130711012386607420
0000567693041120130712012969445621
0000567703041120130712013121615628
0000567713041120130714013211004547
0000567723041120130714013027499601
0000567733041120130716013345527560
0000567743041120130716013287770569
0000567753041120130718014416862276
0000567763041120130719012732485294
0000567773041120130720012477246218
0000567783041120130722012490446292
0000567793041120130722013329036582
0000567803041120130722013346657565
0000567813041120130724012507605539
0000567823041120130725012381218833
0000567833041120130725010313440740
0000567843041120130726012837573622
0000567853041120130727012004930936
0000567863041120130727013313461580
0000567873041120130728013050460600
0000567883041120130735021060277850
0000567893041120130735012434408240
0000567903041120130739016587828540
0000567913041120130746013194415564
0000567923041120130753013232273563
0000567933041120130820011722716058
0000567943041120130838012608653628
0000567953041120130838012150916527
0000567963041120130902010110224296
0000567973041120131009012670737562
