0000357163310720131448012805882549
0000357173310720131705012150916527
0000357183310720131839012313763813
0000357193310720131840012739447541
0000357203310720131843010324626298
0000357213310720131846013084786584
0000357223310720131850013025578628
0000357233310720131852012598219629
0000357243310720131854012552915800
0000357253310720131900012514463361
0000357263310720131901010110285686
0000357273310720131901010110285686
0000357283310720131901012537454741
0000357293310720131902012420704934
0000357303310720131902012434379364
0000357313310720131903012319737253
0000357323310720131904012386726764
0000357333310720131904019046560107
0000357343310720131904012260223216
0000357353310720131905013262997608
0000357363310720131908013121615628
0000357373310720131909016270519420
0000357383310720131910012477172982
0000357393310720131918012328100750
0000357403310720131919012709577544
0000357413310720131925012283096148
0000357423310720131927012780309565
0000357433310720131927013153104467
0000357443310720131927013074487568
0000357453310720131929012608653628
0000357463310720132256013170028587
0000357473010820130552013006134620
0000357483010820130627013112078585
0000357493010820130638013121615628
0000357503010820130639012319737253
0000357513010820130640012902859602
0000357523010820130644013016465581
0000357533010820130645010314867713
0000357543010820130650012478709718
0000357553010820130650013327806623
0000357563010820130652012858636585
0000357573010820130653012349959181
0000357583010820130653013022469569
0000357593010820130655013025578628
0000357603010820130655012780309565
0000357613010820130656019013889398
0000357623010820130659010814004021
0000357633010820130659013313461580
0000357643010820130700012477172982
0000357653010820130700012552915800
0000357663010820130700012837573622
0000357673010820130702013262997608
0000357683010820130702012873551609
0000357693010820130704012425256085
0000357703010820130706010313440740
0000357713010820130706018087440736
0000357723010820130707012837505627
0000357733010820130708012147108814
0000357743010820130708016270519420
0000357753010820130709016203863522
0000357763010820130709012509551479
0000357773010820130711012395856373
0000357783010820130713012243383839
0000357793010820130713012301197869
0000357803010820130714013211004547
0000357813010820130717012434379364
0000357823010820130717012608653628
0000357833010820130717013153210607
0000357843010820130718010631084573
0000357853010820130721012672783561
0000357863010820130727012666158588
0000357873010820130727013155622600
0000357883010820130728016209910573
0000357893010820130728010326418420
0000357903010820130730019025923308
0000357913010820130732010777518071
0000357923010820130733012313763813
0000357933010820130734013084786584
0000357943010820130736013144033609
0000357953010820130736019025472497
0000357963010820130739012150916527
0000357973010820130753012739447541
0000357983010820130757013343284601
0000357993010820130800012386855181
0000358003010820130805012905269563
0000358013010820130806012728154564
0000358023010820130806013290933562
0000358033010820130809012537454741
0000358043010820130814013232273563
0000358053010820130822013153104467
0000358063010820130823017015352069
0000358073010820130830013329036582
0000362203010820130929011722716058
0000362213010820130949012670737562
0000366343010820131007013194415564
0000366353010820131021017040273738
0000366363010820131109010815119507
0000370493010820131318012456731192
0000370503010820131656011722716058
0000370513010820131716012150916527
0000370523010820131825012670737562
0000370533010820131825013329036582
0000370543010820131828013366872569
0000370553010820131834012708247605
0000370563010820131834012456823348
0000370573010820131835010318320689
0000370583010820131835012386855181
0000370593010820131839013313461580
0000370603010820131840013015254676
0000370613010820131841012804171568
0000370623010820131844010813776292
0000370633010820131847012313261044
0000370643010820131850012434408240
0000370653010820131851012858636585
0000370663010820131852013016465581
0000370673010820131853013022469569
0000370683010820131854012349959181
0000370693010820131854013360614770
0000370703010820131855012319737253
0000370713010820131900010314867713
0000370723010820131900016203863522
0000370733010820131901013343284601
0000370743010820131903016587828540
0000370753010820131903012395856373
0000370763010820131913012608653628
0000370773010820131914013153104467
0000370783010820131915016056925650
0000370793010820131955012739447541
0000370803010820132025012514463361
0000370813010820132038019036418472
0000370823020820130531019036418472
0000370833020820130557013006134620
0000370843020820130624012449872231
0000370853020820130625012666158588
0000370863020820130625010324626298
0000370873020820130632012866609745
0000370883020820130640012992912567
0000370893020820130647012454253560
0000370903020820130650010631084573
0000370913020820130651012129012282
0000370923020820130651010777518071
0000370933020820130652013131637624
0000370943020820130652013074487568
0000370953020820130653012519459656
0000370963020820130654013360614770
0000370973020820130654012598219629
0000370983020820130656019013889398
0000370993020820130700012789003604
0000371003020820130700012873551609
0000371013020820130700017040273738
0000371023020820130700010318320689
0000371033020820130700013312124564
0000371043020820130700013112078585
0000371053020820130700012381218833
0000371063020820130702012709577544
0000371073020820130702012328100750
0000371083020820130703012837505627
0000371093020820130703012420704934
0000371103020820130704013534757776
0000371113020820130704012434408240
0000371123020820130704010814004021
0000371133020820130705012434379364
0000371143020820130706012260223216
0000371153020820130707012456823348
0000371163020820130708012478709718
0000371173020820130708012708247605
0000371183020820130709012490932707
0000371193020820130710012621502581
0000371203020820130713010815119507
0000371213020820130713012804171568
0000371223020820130714012386607420
0000371233020820130714013051332568
0000371243020820130716012147108814
0000371253020820130717016587828540
0000371263020820130717013366872569
0000371273020820130718014084176520
0000371283020820130720012828524541
0000371293020820130720017019759333
0000371303020820130722012357601584
0000371313020820130727012313261044
0000371323020820130729010813776292
0000371333020820130733013153210607
0000371343020820130740019025472497
0000371353020820130741012150916527
0000371363020820130747019025923308
0000371373020820130750013153104467
0000371383020820130755017019690724
0000371393020820130800012739447541
0000371403020820130841011722716058
0000371413020820130901012608653628
0000377693020820131113019033931071
0000377723020820131126012430510164
0000377753020820131128020421048306
0000377763020820131230011722716058
0000383983020820131711012150916527
0000383993020820131728012739447541
0000384003020820131733012386855181
0000384013020820131734012670737562
0000384023020820131816013084786584
0000384033020820131841012552915800
0000384043020820131842013262997608
0000384053020820131845014084176520
0000384063020820131852019033931071
0000384073020820131854013025578628
0000384083020820131855014384290272
0000384093020820131856012129012282
0000384103020820131903012420704934
0000384113020820131903016270519420
0000384123020820131904012598219629
0000384133020820131904012780309565
0000384143020820131904012328100750
0000384153020820131905012477172982
0000384163020820131905012490932707
0000384173020820131908013121615628
0000384183020820131909017019759333
0000384193020820131911010324626298
0000384203020820131911012537454741
0000384213020820131913012709577544
0000384223020820131915012357601584
0000384233020820131918017011313425
0000384243020820131939013074487568
0000384253020820131947012592635604
0000384263020820131952017019690724
0000384273020820131952013153104467
0000384283020820132002017011313425
0000384293020820132251013121615628
0000384303030820130609012467120491
0000384313030820130617013726012809
0000384323030820130618013084786584
0000384333030820130639012646483297
0000384343030820130640012477172982
0000384353030820130644012709577544
0000384363030820130647012507605539
0000384373030820130647012646806568
0000384383030820130650013016465581
0000384393030820130652010314867713
0000384403030820130653012292626227
0000384413030820130654012552915800
0000384423030820130657012349959181
0000384433030820130657013215730560
0000384443030820130659012992912567
0000384453030820130700012420704934
0000384463030820130700013262997608
0000384473030820130700012778020561
0000384483030820130701016270519420
0000384493030820130701012789003604
0000384503030820130701013131637624
0000384513030820130702013333892587
0000384523030820130702012780309565
0000384533030820130704012301197869
0000384543030820130705016861599647
0000384553030820130706012449872231
0000384563030820130707012621502581
0000384573030820130708013022469569
0000384583030820130709013022098560
0000384593030820130709012858636585
0000384603030820130710012613267560
0000384613030820130710013131425546
0000384623030820130714012434379364
0000384633030820130714011578161210
0000384643030820130714012866609745
0000384653030820130715012381218833
0000384663030820130716013025578628
0000384673030820130718013534757776
0000384683030820130719012828524541
0000384693030820130719012519459656
0000384703030820130720019025923308
0000384713030820130720012466946566
0000384723030820130720012386607420
0000384733030820130722012454253560
0000384743030820130725012437791118
0000384753030820130726012430510164
0000384763030820130726020421048306
0000384773030820130733012592635604
0000384783030820130734014384290272
0000384793030820130737013051332568
0000384803030820130743013194415564
0000384813030820130756013290933562
0000384823030820130845021060277850
0000384833030820131815016587828540
0000384843030820131828010318320689
0000384853030820131830016203863522
0000384863030820131831013194415564
0000384873030820131834012456823348
0000384883030820131844013366872569
0000384893030820131846013366872569
0000384903030820131849012349959181
0000384913030820131849012420704934
0000384923030820131849010314867713
0000384933030820131852013016465581
0000384943030820131854010813776292
0000384953030820131855012434408240
0000384963030820131856013022469569
0000384973030820131907012709577544
0000384983030820131911012858636585
0000384993030820131930012708247605
0000385003030820132026014384290272
0000385013040820130600012467120491
0000385023040820130624012319737253
0000385033040820130624012319737253
0000385043040820130634012646483297
0000385053040820130638012664090544
0000385063040820130639013074487568
0000385073040820130640010324626298
0000385083040820130646018054868788
0000385093040820130647012210252778
0000385103040820130648012813849091
0000385113040820130649021060015201
0000385123040820130649012313261044
0000385133040820130649012837573622
0000385143040820130649013761081773
0000385153040820130650013345527560
0000385163040820130652012260223216
0000385173040820130657012537586842
0000385183040820130700012708247605
0000385193040820130700013333892587
0000385203040820130703012147108814
0000385213040820130703012598219629
0000385223040820130704012328100750
0000385233040820130704012357601584
0000385243040820130704013366872569
0000385253040820130704013215730560
0000385263040820130705012456823348
0000385273040820130705012292626227
0000385283040820130707010813776292
0000385293040820130708011578161210
0000385303040820130709021060277850
0000385313040820130709019025923308
0000385323040820130711013328784542
0000385333040820130712012437791118
0000385343040820130714013131425546
0000385353040820130714012613267560
0000385363040820130714012466946566
0000385373040820130714016861599647
0000385383040820130715012646806568
0000385393040820130715010318320689
0000385403040820130717012778020561
0000385413040820130719013726012809
0000385423040820130719013022098560
0000385433040820130719012507605539
0000385443040820130719012301197869
0000385453040820130720012434408240
0000385463040820130727012386726764
0000385473040820130732013290933562
0000385483040820130738013222379628
0000385493040820130741013349813622
0000385503040820130829012283096148
0000385513040820130845014416862276
0000385523040820131140019046560107
0000385533040820131425012765965562
0000385543040820131836013153210607
0000385553040820131841012477172982
0000385563040820131848013025578628
0000385573040820131850016270519420
0000385583040820131853012537454741
0000385593040820131856012386726764
0000385603040820131857012828524541
0000385613040820131859012552915800
0000385623040820131900013074487568
0000385633040820131901012395856373
0000385643040820131902013121615628
0000385653040820131903013262997608
0000385663040820131904012210252778
0000385673040820131905017005003371
0000385683040820131905016203863522
0000385693040820131905012633725629
0000385703040820131906012357601584
0000385713040820131906012319737253
0000385723040820131907012328100750
0000385733040820131907012147108814
0000385743040820131909012283096148
0000385753040820131909012283096148
0000385763040820131911010324626298
0000385773040820131917012598219629
0000385783040820131921011660532315
0000385793040820131928016893540265
0000385803040820131932011619085695
0000385813040820131941012313261044
0000385823040820132031011970643336
0000385833050820130607013035980542
0000385843050820130625020193026753
0000385853050820130648012700736585
0000385863050820130648013170028587
0000385873050820130649012552915800
0000385883050820130649010314867713
0000385893050820130651012260223216
0000385903050820130653012858636585
0000385913050820130654012425256085
0000385923050820130655013022469569
0000385933050820130657013287770569
0000385943050820130659012395856373
0000385953050820130659013329036582
0000385963050820130659014791971279
0000385973050820130700012765965562
0000385983050820130701013345527560
0000385993050820130703013025578628
0000386003050820130703013262997608
0000386013050820130704012837505627
0000386023050820130704012477246218
0000386033050820130704013194415564
0000386043050820130704013222379628
0000386053050820130705013121615628
0000386063050820130705016270519420
0000386073050820130706012381218833
0000386083050820130706013346657565
0000386093050820130707021060015201
0000386103050820130707016203863522
0000386113050820130707012349959181
0000386123050820130707012595990588
0000386133050820130709012477172982
0000386143050820130709012837573622
0000386153050820130709013153210607
0000386163050820130710017005003371
0000386173050820130712013016465581
0000386183050820130713012319737253
0000386193050820130713012129012282
0000386203050820130713012664090544
0000386213050820130714013761081773
0000386223050820130716012633725629
0000386233050820130718012969445621
0000386243050820130721012150916527
0000386253050820130722018054868788
0000386263050820130722012813849091
0000386273050820130723012666158588
0000386283050820130727012537454741
0000386293050820130732012537586842
0000386303050820130739012439169406
0000386313050820130739019046560107
0000386323050820130740011970643336
0000386333050820130740013343284601
0000386343050820130740019033786039
0000386353050820130742013027499601
0000386363050820130743010313440740
0000386373050820130749013153104467
0000386383050820130752014416862276
0000386393050820130802012386855181
