0000632793230120141923012425256085
0000632803230120141926012739447541
0000632813230120141932013194415564
0000632823230120141942013343284601
0000632833230120142045012608653628
0000632843240120140515016056925650
0000632853240120140600012467120491
0000632863240120140618012646483297
0000632873240120140639013215730560
0000632883240120140647016203863522
0000632893240120140648013025578628
0000632903240120140650010314867713
0000632913240120140651012349959181
0000632923240120140653012519459656
0000632933240120140654012449872231
0000632943240120140654013262997608
0000632953240120140655016861599647
0000632963240120140655012507605539
0000632973240120140655012858636585
0000632983240120140655012552915800
0000632993240120140655019025923308
0000633003240120140656019013889398
0000633013240120140657012789003604
0000633023240120140658013121615628
0000633033240120140658012425256085
0000633043240120140659016868279664
0000633053240120140659013313461580
0000633063240120140700012129012282
0000633073240120140701013050460600
0000633083240120140701013290933562
0000633093240120140703012992912567
0000633103240120140706013131637624
0000633113240120140707021060015201
0000633123240120140708016270519420
0000633133240120140709012386607420
0000633143240120140710020421048306
0000633153240120140710013035980542
0000633163240120140710012708247605
0000633173240120140711012837573622
0000633183240120140714014084176520
0000633193240120140714012381218833
0000633203240120140714012292626227
0000633213240120140714012454253560
0000633223240120140718017019759333
0000633233240120140720012866609745
0000633243240120140721020766270895
0000633253240120140722012617905561
0000633263240120140727013131425546
0000633273240120140727012613267560
0000633283240120140728012260223216
0000633293240120140730012828524541
0000633303240120140733013534757776
0000633313240120140733012434379364
0000633323240120140734012748967625
0000633333240120140734010815119507
0000633343240120140736013015254676
0000633353240120140744012150916527
0000633363240120140746012537454741
0000633373240120140750012466946566
0000633383240120140806012319737253
0000633393240120140806012319737253
0000633403240120140807010631084573
0000633413240120140807010631084573
0000633423240120140816017019690724
0000633433240120140824013194415564
0000633443240120140830012608653628
0000633453240120140841012490932707
