0000465923300820131804012739447541
0000465933300820131807012386855181
0000465943300820131814013084786584
0000465953300820131825012150916527
0000465963300820131832012537454741
0000465973300820131845014084176520
0000465983300820131853012386607420
0000465993300820131853013025578628
0000466003300820131853016270519420
0000466013300820131854012780309565
0000466023300820131855013074487568
0000466033300820131855013211004547
0000466043300820131855011424881948
0000466053300820131857012608653628
0000466063300820131857012552915800
0000466073300820131859012598219629
0000466083300820131900012357601584
0000466093300820131900012490932707
0000466103300820131900012328100750
0000466113300820131901019033931071
0000466123300820131901012477172982
0000466133300820131902013262997608
0000466143300820131903012371447554
0000466153300820131904012420704934
0000466163300820131906012646483297
0000466173300820131910012709577544
0000466183300820131910012930566584
0000466193300820131911010324626298
0000466203300820131912013121615628
0000466213300820131916017019759333
0000466223300820131924017019690724
0000466233300820131942013153387302
0000466243310820130600013144033609
0000466253310820130620013084786584
0000466263310820130623013121615628
0000466273310820130632012664090544
0000466283310820130637012319737253
0000466293310820130637012478709718
0000466303310820130649021060015201
0000466313310820130650012780309565
0000466323310820130650013016465581
0000466333310820130651010314867713
0000466343310820130651013022098560
0000466353310820130653016209910573
0000466363310820130653013155622600
0000466373310820130654010326418420
0000466383310820130655013022469569
0000466393310820130658012349959181
0000466403310820130658010777518071
0000466413310820130658012778020561
0000466423310820130658012552915800
0000466433310820130659013333892587
0000466443310820130700013153210607
0000466453310820130700012147108814
0000466463310820130700012477172982
0000466473310820130700012301197869
0000466483310820130701018087440736
0000466493310820130704013262997608
0000466503310820130704013025578628
0000466513310820130704016270519420
0000466523310820130704013131637624
0000466533310820130707012449872231
0000466543310820130708019046560107
0000466553310820130711012420704934
0000466563310820130711013170028587
0000466573310820130711013211004547
0000466583310820130712019024306550
0000466593310820130713012891763566
0000466603310820130714012789003604
0000466613310820130714013112078585
0000466623310820130714012386607420
0000466633310820130717019025472497
0000466643310820130718012371447554
0000466653310820130719012395856373
0000466663310820130722012313763813
0000466673310820130724013194415564
0000466683310820130726012537454741
0000466693310820130730012728154564
0000466703310820130731012728154564
0000466713310820130732012507605539
0000466723310820130733013290933562
0000466733310820130733012858636585
0000466743310820130736012902859602
0000466753310820130742013232273563
0000466763310820130743012666158588
0000466773310820130745013327806623
0000466783310820130806021060277850
0000466793310820130811011578161210
0000466803310820131031019033786039
0000466813310820131808019024306550
0000466823310820131824010318320689
0000466833310820131834019025923308
0000466843310820131838012313261044
0000466853310820131845013366872569
0000466863310820131850010813776292
0000466873310820131854013016465581
0000466883310820131854013360614770
0000466893310820131856012434408240
0000466903310820131900012349959181
0000466913310820131901013022469569
0000466923310820131901010314867713
0000466933310820131902012319737253
0000466943310820131910013211004547
0000466953310820131912012395856373
0000466963310820131915012858636585
0000466973310820131920012420704934
0000466983310820131923012780309565
0000466993310820131926014791971279
0000467003310820131929016587828540
0000467013310820131933012708247605
0000467023310820131943013194415564
0000467033310820131946012371447554
0000467043010920130624012891763566
0000467053010920130631010324626298
0000467063010920130632012930566584
0000467073010920130638021060277850
0000467083010920130639012454253560
0000467093010920130640012992912567
0000467103010920130646012519459656
0000467113010920130647018054868788
0000467123010920130647012456772298
0000467133010920130652012537586842
0000467143010920130652010777518071
0000467153010920130653012430510164
0000467163010920130653012598219629
0000467173010920130655013074487568
0000467183010920130655012804171568
0000467193010920130656012328100750
0000467203010920130657012709577544
0000467213010920130657013534757776
0000467223010920130658012621502581
0000467233010920130659012765965562
0000467243010920130700013290933562
0000467253010920130700013360614770
0000467263010920130700012780309565
0000467273010920130701012357601584
0000467283010920130701010813776292
0000467293010920130705013022098560
0000467303010920130708010318320689
0000467313010920130709012778020561
0000467323010920130712013366872569
0000467333010920130713011390382901
0000467343010920130714016203863522
0000467353010920130715013153210607
0000467363010920130715019025472497
0000467373010920130715013333892587
0000467383010920130716013328784542
0000467393010920130720012260223216
0000467403010920130721012371447554
0000467413010920130721012478709718
0000467423010920130723012434408240
0000467433010920130726012386726764
0000467443010920130729012708247605
0000467453010920130733017019690724
0000467463010920130733013051332568
0000467473010920130735012902859602
0000467483010920130736012728154564
0000467493010920130736019025923308
0000467503010920130737011578161210
0000467513010920130756019033786039
0000467523010920130800012434379364
0000467533010920130809012381218833
0000467543010920130829019036418472
0000467553010920130833012283096148
0000467563010920130905014416862276
0000467573010920131826012804171568
0000467583010920131828012837573622
0000467593010920131836012828524541
0000467603010920131838021060015201
0000467613010920131849013262997608
0000467623010920131850012537454741
0000467633010920131851012456772298
0000467643010920131858012386726764
0000467653010920131900012598219629
0000467663010920131903016203863522
0000467673010920131903013025578628
0000467683010920131903016270519420
0000467693010920131904012930566584
0000467703010920131906012552915800
0000467713010920131907013074487568
0000467723010920131909012357601584
0000467733010920131911012328100750
0000467743010920131912010324626298
0000467753010920131912012283096148
0000467763010920131913012477172982
0000467773010920131916011660532315
0000467783010920131918011619085695
0000467793010920131926017019690724
0000467803010920131926017019690724
0000467813010920131935013312124564
0000467823010920131938013121615628
0000467833020920130610012467120491
0000467843020920130610012467120491
0000467853020920130614012646806568
0000467863020920130616012646806568
0000467873020920130616012467120491
0000467883020920130628013726012809
0000467893020920130628012664090544
0000467903020920130629013121615628
0000467913020920130635016868279664
0000467923020920130639012319737253
0000467933020920130642016209910573
0000467943020920130645012260223216
0000467953020920130646012866609745
0000467963020920130651013022469569
0000467973020920130652012858636585
0000467983020920130652012700736585
0000467993020920130653012386607420
0000468003020920130654013153387302
0000468013020920130655012519459656
0000468023020920130656013215730560
0000468033020920130656012552915800
0000468043020920130657016861599647
0000468053020920130700013262997608
0000468063020920130703012621502581
0000468073020920130703012430510164
0000468083020920130703020421048306
0000468093020920130703012292626227
0000468103020920130704012765965562
0000468113020920130704021060015201
0000468123020920130705016270519420
0000468133020920130706012349959181
0000468143020920130706013025578628
0000468153020920130706012992912567
0000468163020920130707013312124564
0000468173020920130707012837505627
0000468183020920130708012454253560
0000468193020920130708012837573622
0000468203020920130709013016465581
0000468213020920130709012477172982
0000468223020920130711012595990588
0000468233020920130712019025923308
0000468243020920130714013194415564
0000468253020920130714013384428543
0000468263020920130714012129012282
0000468273020920130715018054868788
0000468283020920130717014416862276
0000468293020920130718013131425546
0000468303020920130718012613267560
0000468313020920130719012420704934
0000468323020920130720012537586842
0000468333020920130720013153104467
0000468343020920130724013051332568
0000468353020920130724012828524541
0000468363020920130725012437791118
0000468373020920130728013534757776
0000468383020920130739012466946566
0000468393020920130746012434379364
0000468403020920130748012537454741
0000468413020920130748010314867713
0000468423020920130753012004930936
0000468433020920130815012381218833
0000468443020920130816013343284601
0000468453020920130817011722716058
0000468463020920130826012608653628
0000468473020920130827012386855181
0000468483020920130906012739447541
0000468493020920130909012670737562
0000468503020920130924010110224296
0000468513020920131022012150916527
0000468523020920131301011722716058
0000468533020920131517010313440740
0000468543020920131643012150916527
0000468553020920131706012129012282
0000468563020920131706012004930936
0000468573020920131746012386855181
0000468583020920131833012456823348
0000468593020920131834010318320689
0000468603020920131838010813776292
0000468613020920131840012708247605
0000468623020920131842016587828540
0000468633020920131846012670737562
0000468643020920131847013366872569
0000468653020920131851013153387302
0000468663020920131852013022469569
0000468673020920131854013360614770
0000468683020920131857012434408240
0000468693020920131858012646483297
0000468703020920131858012319737253
0000468713020920131859013016465581
0000468723020920131900010314867713
0000468733020920131900012349959181
0000468743020920131901013343284601
0000468753020920131902013384428543
0000468763020920131903012858636585
0000468773020920131906012386607420
0000468783020920131906013084786584
0000468793020920131909013153210607
0000468803020920131912012420704934
0000468813020920132005014844122270
0000468823020920132030012496829282
0000468833020920132109012608653628
0000468843020920132109012739447541
0000468853020920132109013194415564
0000468863020920132119019010804235
0000468873030920130506012496829282
0000468883030920130614017005003371
0000468893030920130625010324626298
0000468903030920130629013153210607
0000468913030920130640012062693674
0000468923030920130642012813849091
0000468933030920130643012709577544
0000468943030920130643012456772298
0000468953030920130646012930566584
0000468963030920130649012439169406
0000468973030920130652010318320689
0000468983030920130653016203863522
0000468993030920130653012313261044
0000469003030920130654012598219629
0000469013030920130655013313461580
0000469023030920130657010110224296
0000469033030920130658012328100750
0000469043030920130658013074487568
0000469053030920130659017044178748
0000469063030920130701013366872569
0000469073030920130703010813776292
0000469083030920130703010814004021
0000469093030920130704013222379628
0000469103030920130704012595990588
0000469113030920130704012866609745
0000469123030920130705012633725629
0000469133030920130705013761081773
0000469143030920130705019046560107
0000469153030920130705012434408240
0000469163030920130705019046880284
0000469173030920130706013360614770
0000469183030920130707012467120491
0000469193030920130708013215730560
0000469203030920130708012456823348
0000469213030920130708014844122270
0000469223030920130709012700736585
0000469233030920130710013401041583
0000469243030920130710013131425546
0000469253030920130710012708247605
0000469263030920130710016587828540
0000469273030920130710013302245563
0000469283030920130710017056506729
0000469293030920130711013084786584
0000469303030920130712010313440740
0000469313030920130712012613267560
0000469323030920130712012646483297
0000469333030920130712013153104467
0000469343030920130712012319737253
0000469353030920130712012292626227
0000469363030920130713012319737253
0000469373030920130715011970643336
0000469383030920130717012260223216
0000469393030920130720016861599647
0000469403030920130721012646806568
0000469413030920130721012437791118
0000469423030920130724012837505627
0000469433030920130725012150916527
0000469443030920130727012150916527
0000469453030920130728012837505627
0000469463030920130734016209910573
0000469473030920130737012466946566
0000469483030920130738013726012809
0000469493030920130739012283096148
0000469503030920130742021060015201
0000469513030920130749012507644070
0000469523030920130807012386855181
0000469533030920130812013343284601
0000469543030920130816012739447541
0000469553030920130833012608653628
0000469563030920130840012670737562
0000469573030920130847011722716058
0000469583030920131240011722716058
0000469593030920131719012150916527
0000469603030920131730012608653628
0000469613030920131743012386855181
0000469623030920131752012537454741
0000469633030920131809017056506729
0000469643030920131833012552915800
0000469653030920131835013074487568
0000469663030920131838012670737562
0000469673030920131845012477172982
0000469683030920131847019013900464
0000469693030920131849013726012809
0000469703030920131850013262997608
0000469713030920131853012456772298
0000469723030920131855013025578628
0000469733030920131900012930566584
0000469743030920131900010631084573
0000469753030920131902012598219629
0000469763030920131902013312124564
0000469773030920131904016203863522
0000469783030920131907012709577544
0000469793030920131908013343284601
0000469803030920131908013153104467
0000469813030920131909012328100750
0000469823030920131909012319737253
0000469833030920131910012386726764
0000469843030920131911013761081773
0000469853030920131911010324626298
0000469863030920131916011424881948
0000469873030920131920016270519420
0000469883030920131925013121615628
0000469893030920131926012283096148
0000469903030920131930012313261044
0000469913030920131941012739447541
0000469923030920131943019033786039
0000469933030920131946012780309565
0000469943030920132039012514463361
0000469953040920130627014791971279
0000469963040920130636012062693674
0000469973040920130640012319737253
0000469983040920130643012879575542
0000469993040920130643013050460600
0000470003040920130646019013900464
0000470013040920130646017005003371
0000470023040920130649012858636585
0000470033040920130651013016465581
0000470043040920130652012780309565
0000470053040920130652010631084573
0000470063040920130652012552915800
0000470073040920130653014791971279
0000470083040920130653012944519621
0000470093040920130654012944519621
0000470103040920130654014791971279
0000470113040920130656013022469569
0000470123040920130656013006134620
0000470133040920130656013312124564
0000470143040920130657010314867713
0000470153040920130700012386726764
0000470163040920130701013262997608
0000470173040920130701012477172982
0000470183040920130702012509551479
0000470193040920130703012386726764
0000470203040920130703012477246218
0000470213040920130703013121615628
0000470223040920130706016270519420
0000470233040920130707013015254676
0000470243040920130707013287770569
0000470253040920130707013025578628
0000470263040920130707012732485294
0000470273040920130708017044178748
0000470283040920130709012633725629
0000470293040920130710010814004021
0000470303040920130711021060015201
0000470313040920130711021060015201
0000470323040920130712012349959181
0000470333040920130712013194415564
0000470343040920130713013121615628
0000470353040920130714012243383839
0000470363040920130715012434379364
0000470373040920130716012813849091
0000470383040920130716011970643336
0000470393040920130717019046560107
0000470403040920130719013035980542
0000470413040920130719012150916527
0000470423040920130720013401041583
0000470433040920130720013222379628
0000470443040920130722012260223216
0000470453040920130723013346657565
0000470463040920130724010110285686
0000470473040920130729013313461580
0000470483040920130729012439169406
0000470493040920130730013726012809
0000470503040920130730019025923308
0000470513040920130750012507644070
0000470523040920130752013027499601
0000470533040920130752012969445621
0000470543040920130756013329036582
0000470553040920130759019033786039
0000470563040920130801020313925369
0000470573040920130820013321610603
0000470583040920130831012608653628
0000470593040920130843012386855181
0000470603040920130854012739447541
0000470613040920130905012456731192
0000470623040920130914012670737562
0000470633040920130945012537454741
0000470643040920130955012670737562
0000470653040920131247011722716058
0000470663040920131629011722716058
0000470673040920131707012739447541
0000470683040920131729012150916527
0000470693040920131756012670737562
0000470703040920131757012386855181
0000470713040920131833013084786584
0000470723040920131836012456823348
0000470733040920131836012386726764
0000470743040920131838013360614770
0000470753040920131844012837573622
0000470763040920131845010318320689
0000470773040920131850012313763813
0000470783040920131851013366872569
0000470793040920131852010813776292
0000470803040920131852012243383839
0000470813040920131856012608653628
0000470823040920131857013153104467
0000470833040920131857013022469569
0000470843040920131900012514463361
0000470853040920131900021060015201
0000470863040920131900013016465581
0000470873040920131900012349959181
0000470883040920131901012319737253
0000470893040920131901010110285686
0000470903040920131902012283096148
0000470913040920131902010314867713
0000470923040920131903012434408240
0000470933040920131915012708247605
0000470943040920131917012858636585
0000470953040920131919016587828540
0000470963040920131923013121615628
0000470973040920131925012371447554
0000470983040920131938013194415564
0000470993040920131945013329036582
0000471003050920130615010318320689
0000471013050920130627010324626298
0000471023050920130632010326418420
0000471033050920130643013360614770
0000471043050920130643013006134620
0000471053050920130644019013889398
0000471063050920130645018054868788
0000471073050920130648012357601584
0000471083050920130650012930566584
0000471093050920130653012598219629
0000471103050920130653013170028587
0000471113050920130655012709577544
0000471123050920130657012328100750
0000471133050920130657014791971279
0000471143050920130658012672783561
0000471153050920130659013084786584
0000471163050920130659016209910573
0000471173050920130659018087440736
0000471183050920131244011722716058
0000471193050920131726012150916527
0000471203050920131755012537454741
0000471213050920131820013074487568
0000471223050920131822019013900464
0000471233050920131841012552915800
0000471243050920131854013726012809
0000471253050920131857013006134620
0000471263050920131858012357601584
0000471273050920131858012598219629
0000471283050920131858016056925650
0000471293050920131900013333892587
0000471303050920131900013262997608
0000471313050920131900012621502581
0000471323050920131902016270519420
0000471333050920131903013153210607
0000471343050920131904013025578628
0000471353050920131910012666158588
0000471363050920131910012709577544
0000471373050920131911013121615628
0000471383050920131913012328100750
0000471393050920131916012930566584
0000471403050920131924010324626298
0000471413050920131924013329036582
0000471423050920131930012780309565
0000471433050920132017012514463361
0000471443050920132018019036418472
0000471453060920130624013329036582
0000471463060920130629013153210607
0000471473060920130633013327806623
0000471483060920130633012478709718
0000471493060920130640012319737253
0000471503060920130644012789003604
0000471513060920130644019013900464
0000471523060920130645019013889398
0000471533060920130645013016465581
0000471543060920130650012780309565
0000471553060920130651012858636585
0000471563060920130651013022469569
0000471573060920130653012552915800
0000471583060920130653010314867713
0000471593060920130653012490932707
0000471603060920130654012449872231
0000471613060920130659018087440736
0000471623060920130700013025578628
0000471633060920130701010326418420
0000471643060920130701010326418420
0000471653060920130702013131637624
0000471663060920130703013262997608
0000471673060920130703012386607420
0000471683060920130706012129012282
0000471693060920130706012873551609
0000471703060920130707016270519420
0000471713060920130707012349959181
0000471723060920130709012514463361
0000471733060920130709013112078585
0000471743060920130710013121615628
0000471753060920130711018054868788
0000471763060920130712013015254676
0000471773060920130713012672783561
0000471783060920130713012902859602
0000471793060920130714019033931071
0000471803060920130715016209910573
0000471813060920130716012147108814
0000471823060920130716012313763813
0000471833060920130717019024306550
0000471843060920130717012804171568
0000471853060920130717012804171568
0000471863060920130719013170028587
0000471873060920130720017019759333
0000471883060920130722010815119507
0000471893060920130723012150916527
0000471903060920130724013153104467
0000471913060920130724012150916527
0000471923060920130725013726012809
0000471933060920130725013290933562
0000471943060920130725014084176520
0000471953060920130727012243383839
0000471963060920130728012728154564
0000471973060920130731013144033609
0000471983060920130731010777518071
0000471993060920130746012395856373
0000472003060920130750016587828540
0000472013060920130754012386855181
0000472023060920130816017019690724
0000472033060920130846012608653628
0000472043060920130859012739447541
0000472053060920130929012670737562
0000472063060920131017012537454741
0000472073060920131719012150916527
0000472083060920131735012386855181
0000472093060920131822012456823348
0000472103060920131843010813776292
0000472113060920131846013366872569
0000472123060920131846012434408240
0000472133060920131848014084176520
0000472143060920131850013022469569
0000472153060920131851012598219629
0000472163060920131851012708247605
0000472173060920131851012313261044
0000472183060920131853013360614770
0000472193060920131854019033931071
0000472203060920131855010314867713
0000472213060920131856013016465581
0000472223060920131858012739447541
0000472233060920131900012349959181
0000472243060920131901012129012282
0000472253060920131901012490932707
0000472263060920131901011424881948
0000472273060920131902012858636585
0000472283060920131902013084786584
0000472293060920131903017019759333
0000472303060920131904016587828540
0000472313060920131904013153104467
0000472323060920131910012313763813
0000472333060920131911012371447554
0000472343060920131911012319737253
0000472353060920131912012608653628
0000472363060920131915013153387302
0000472373060920131916013153210607
0000472383060920132032016587828540
0000472393070920130626010324626298
0000472403070920130635013074487568
0000472413070920130638012992912567
0000472423070920130643012454253560
0000472433070920130644012866609745
0000472443070920130644012430510164
0000472453070920130645012930566584
0000472463070920130646012519459656
0000472473070920130650013084786584
0000472483070920130652012381218833
0000472493070920130654012902859602
0000472503070920130656012709577544
0000472513070920130656012328100750
0000472523070920130657012598219629
0000472533070920130658012598219629
0000472543070920130658013312124564
0000472553070920130659010777518071
0000472563070920130700012873551609
0000472573070920130700013333892587
0000472583070920130701013022098560
0000472593070920130701012449872231
0000472603070920130701012778020561
0000472613070920130701011390382901
0000472623070920130702012621502581
0000472633070920130703012386607420
0000472643070920130704012456823348
0000472653070920130704013131637624
0000472663070920130705012357601584
0000472673070920130705012789003604
0000472683070920130705010813776292
0000472693070920130708012301197869
0000472703070920130708013366872569
0000472713070920130708011424881948
0000472723070920130708012434408240
0000472733070920130711012828524541
0000472743070920130713013015254676
0000472753070920130713016587828540
0000472763070920130714013534757776
0000472773070920130715012371447554
0000472783070920130715012708247605
0000472793070920130715012478709718
0000472803070920130716013051332568
0000472813070920130716012804171568
0000472823070920130718020421048306
0000472833070920130729013153210607
0000472843070920130732013112078585
0000472853070920130733012313261044
0000472863070920130740021060015201
0000472873070920130745012728154564
0000472883070920130753012147108814
0000472893070920130802011578161210
0000472903070920130817021060277850
0000472913070920130819013290933562
0000472923070920130922019033786039
0000472933070920131824012537454741
0000472943070920131833012552915800
0000472953070920131835012621502581
0000472963070920131836010318320689
0000472973070920131841013074487568
0000472983070920131845013262997608
0000472993070920131851012313261044
0000473003070920131853013360614770
0000473013070920131856012357601584
0000473023070920131900013312124564
0000473033070920131901012930566584
0000473043070920131902012598219629
0000473053070920131906012328100750
0000473063070920131909012709577544
0000473073070920131910010324626298
0000473083070920131913013121615628
0000473093070920131925012708247605
0000473103070920131943012780309565
0000473113080920130600012467120491
0000473123080920130600012467120491
0000473133080920130632012646806568
0000473143080920130634012319737253
0000473153080920130639012292626227
0000473163080920130643012837573622
0000473173080920130645012552915800
0000473183080920130646012879575542
0000473193080920130650012780309565
0000473203080920130651012507605539
0000473213080920130652016861599647
0000473223080920130652012349959181
0000473233080920130656013016465581
0000473243080920130656012866609745
0000473253080920130656016868279664
0000473263080920130656012992912567
0000473273080920130657013022469569
0000473283080920130700013290933562
0000473293080920130701012828524541
0000473303080920130701013262997608
0000473313080920130704013121615628
0000473323080920130704019033786039
0000473333080920130705013194415564
0000473343080920130705012371447554
0000473353080920130705012313261044
0000473363080920130706012454253560
0000473373080920130706012381218833
0000473383080920130707012537586842
0000473393080920130707012301197869
0000473403080920130707021060015201
0000473413080920130707013345527560
0000473423080920130708013022098560
0000473433080920130709021060277850
0000473443080920130709013215730560
0000473453080920130710011578161210
0000473463080920130711012430510164
0000473473080920130711019025923308
0000473483080920130711020421048306
0000473493080920130714011390382901
0000473503080920130714017019690724
0000473513080920130714012386726764
0000473523080920130714012386607420
0000473533080920130716012613267560
0000473543080920130716013131425546
0000473553080920130716013051332568
0000473563080920130716012778020561
0000473573080920130716010314867713
0000473583080920130716012708247605
0000473593080920130718020193026753
0000473603080920130720012765965562
0000473613080920130724012519459656
0000473623080920130726010318320689
0000473633080920130730013534757776
0000473643080920130741012283096148
0000473653080920130746013349813622
0000473663080920130747012466946566
0000473673080920130750012437791118
0000473683080920130751012147108814
0000473693080920130752012858636585
0000473703080920130818013328784542
0000473713080920130819013726012809
0000473723080920130839014416862276
0000473733080920131807013366872569
0000473743080920131823012858636585
0000473753080920131828010318320689
0000473763080920131830012456823348
0000473773080920131833013360614770
0000473783080920131840012371447554
0000473793080920131841012319737253
0000473803080920131847010813776292
0000473813080920131848013022469569
0000473823080920131854012708247605
0000473833080920131900012434408240
0000473843080920131901010314867713
0000473853080920131905012386726764
0000473863080920131905013015254676
0000473873080920131906013016465581
0000473883080920131909012283096148
0000473893080920131917011660532315
0000473903080920131918019033786039
0000473913080920131928017019690724
0000473923080920131952013194415564
0000473933080920131953013194415564
0000473943080920132006011619085695
0000473953090920130621013360614770
0000473963090920130624010324626298
0000473973090920130636013074487568
0000473983090920130641017044178748
0000473993090920130641012709577544
0000474003090920130644010318320689
0000474013090920130645012930566584
0000474023090920130648012700736585
0000474033090920130648017005003371
0000474043090920130649012598219629
0000474053090920130651013313461580
0000474063090920130651012381218833
0000474073090920130653012439169406
0000474083090920130654012357601584
0000474093090920130654012813849091
0000474103090920130655012129012282
0000474113090920130656013333892587
0000474123090920130657012292626227
0000474133090920130657012328100750
0000474143090920130657013401041583
0000474153090920130657013194415564
0000474163090920130701012437791118
0000474173090920130702019046560107
0000474183090920130703010813776292
0000474193090920130704012837573622
0000474203090920130706013153387302
0000474213090920130706012613267560
0000474223090920130706013131425546
0000474233090920130707012837505627
0000474243090920130707013015254676
0000474253090920130707016203863522
0000474263090920130707013366872569
0000474273090920130708012456823348
0000474283090920130710013761081773
0000474293090920130710012633725629
0000474303090920130710013222379628
0000474313090920130710016861599647
0000474323090920130710016868279664
0000474333090920130711012708247605
0000474343090920130711010313440740
0000474353090920130711013215730560
0000474363090920130712012595990588
0000474373090920130713019033786039
0000474383090920130713013345527560
0000474393090920130713012467120491
0000474403090920130714019033786039
0000474413090920130715019025923308
0000474423090920130718012537586842
0000474433090920130720012765965562
0000474443090920130721013112078585
0000474453090920130723012150916527
0000474463090920130725011970643336
0000474473090920130725012434408240
0000474483090920130736013726012809
0000474493090920130737012466946566
0000474503090920130739012646806568
0000474513090920130743013153104467
0000474523090920130757012386855181
0000474533090920130802013343284601
0000474543090920130804012670737562
0000474553090920130832012608653628
0000474563090920130843010110224296
0000474573090920130857012739447541
0000474583090920131147011722716058
0000474593090920131620011722716058
0000474603090920131727012386855181
0000474613090920131740012150916527
0000474623090920131744012670737562
0000474633090920131748012537454741
0000474643090920131805012739447541
0000474653090920131825013084786584
0000474663090920131833013074487568
0000474673090920131834012129012282
0000474683090920131845010814004021
0000474693090920131846013262997608
0000474703090920131849012313261044
0000474713090920131849012552915800
0000474723090920131854015783929275
0000474733090920131900012598219629
0000474743090920131903012357601584
0000474753090920131904013153387302
0000474763090920131904016203863522
0000474773090920131904012381218833
0000474783090920131904012477172982
0000474793090920131906012328100750
0000474803090920131908019033786039
0000474813090920131908021060015201
0000474823090920131909016270519420
0000474833090920131909012930566584
0000474843090920131910013343284601
0000474853090920131911013025578628
0000474863090920131912012709577544
0000474873090920131912010324626298
0000474883090920131913012873551609
0000474893090920131917013112078585
0000474903090920131919013121615628
0000474913090920131920012608653628
0000474923090920131928012780309565
0000474933090920131941013222379628
0000474943090920132010012496829282
0000474953090920132021014844122270
0000474963100920130633012319737253
0000474973100920130636013016465581
0000474983100920130637013035980542
0000474993100920130638018054868788
0000475003100920130640012456772298
0000475013100920130642012944519621
0000475023100920130642012210252778
0000475033100920130642010314867713
0000475043100920130642012349959181
0000475053100920130645012477246218
0000475063100920130645012879575542
0000475073100920130646012813849091
0000475083100920130646013121615628
0000475093100920130651013050460600
0000475103100920130651012780309565
0000475113100920130653012552915800
0000475123100920130653012700736585
0000475133100920130653013022469569
0000475143100920130700016270519420
0000475153100920130700013025578628
0000475163100920130700012477172982
0000475173100920130700013084786584
0000475183100920130701019046880284
0000475193100920130701010814004021
0000475203100920130702012595990588
0000475213100920130705019025923308
0000475223100920130706017056506729
0000475233100920130706013262997608
0000475243100920130707013346657565
0000475253100920130707015783929275
0000475263100920130707015783929275
0000475273100920130708014791971279
0000475283100920130708012804171568
0000475293100920130708012804171568
0000475303100920130708012804171568
0000475313100920130709012804171568
0000475323100920130711012858636585
0000475333100920130712012873551609
0000475343100920130712012490446292
0000475353100920130712013401041583
0000475363100920130713013194415564
0000475373100920130714013761081773
0000475383100920130715013333892587
0000475393100920130716012633725629
0000475403100920130717012150916527
0000475413100920130718012313261044
0000475423100920130721021060015201
0000475433100920130722010110224296
0000475443100920130722010313440740
0000475453100920130723012420704934
0000475463100920130727017005003371
0000475473100920130727011970643336
0000475483100920130727019046560107
0000475493100920130729012439169406
0000475503100920130734012969445621
0000475513100920130738012837505627
0000475523100920130738012837505627
0000475533100920130738013027499601
0000475543100920130742013313461580
0000475553100920130743017044178748
0000475563100920130749016877092610
0000475573100920130751012507644070
0000475583100920130755012243383839
0000475593100920130806013153104467
0000475603100920130807012739447541
0000475613100920130809012537454741
0000475623100920130823012283096148
0000475633100920130843012608653628
0000475643100920130912012386855181
0000475653100920130927012670737562
0000475663100920131006011722716058
0000475673100920131536011722716058
0000475683100920131710012150916527
0000475693100920131801012608653628
0000475703100920131802013153104467
0000475713100920131803012386855181
0000475723100920131814017056506729
0000475733100920131817012739447541
0000475743100920131825012456823348
0000475753100920131831010813776292
0000475763100920131832010318320689
0000475773100920131843019013900464
0000475783100920131844013366872569
0000475793100920131850016203863522
0000475803100920131850012708247605
0000475813100920131851013016465581
0000475823100920131851013726012809
0000475833100920131853011424881948
0000475843100920131853012434408240
0000475853100920131854013022469569
0000475863100920131855012456772298
0000475873100920131855012371447554
0000475883100920131858012319737253
0000475893100920131900010314867713
0000475903100920131901012349959181
0000475913100920131903012858636585
0000475923100920131903012283096148
0000475933100920131904010631084573
0000475943100920131906015783929275
0000475953100920131910013329036582
0000475963100920131911012804171568
0000475973100920131911012804171568
0000475983100920131913012386726764
0000475993100920131917012420704934
0000476003100920131923013194415564
0000476013100920131939016587828540
0000476023100920132047012514463361
0000476033110920130616010324626298
0000476043110920130623012646483297
0000476053110920130629010326418420
0000476063110920130631010631084573
0000476073110920130633013006134620
0000476083110920130637010318320689
0000476093110920130643012454253560
0000476103110920130645012313763813
0000476113110920130647012357601584
0000476123110920130648012709577544
0000476133110920130650012930566584
0000476143110920130650012598219629
0000476153110920130651019013900464
0000476163110920130651013170028587
0000476173110920130652013074487568
0000476183110920130653012969445621
0000476193110920130654012507605539
0000476203110920130654012732485294
0000476213110920130655012328100750
0000476223110920130655018087440736
0000476233110920130657013035980542
0000476243110920130659012434408240
0000476253110920130702012509551479
0000476263110920130702013050460600
0000476273110920130704010813776292
0000476283110920130705012456823348
0000476293110920130706011424881948
0000476303110920130707013144033609
0000476313110920130708011390382901
0000476323110920130709012728154564
0000476333110920130709012386726764
0000476343110920130710012425256085
0000476353110920130710016203863522
0000476363110920130713012386726764
0000476373110920130713016587828540
0000476383110920130714013329036582
0000476393110920130715012708247605
0000476403110920130715013366872569
0000476413110920130716012672783561
0000476423110920130717016877092610
0000476433110920130718012477246218
0000476443110920130720013346657565
0000476453110920130720013313461580
0000476463110920130720012490446292
0000476473110920130720012944519621
0000476483110920130721019025923308
0000476493110920130721012210252778
0000476503110920130723012371447554
0000476513110920130724010110285686
0000476523110920130724013726012809
0000476533110920130725013027499601
0000476543110920130728012420704934
0000476553110920130734021060015201
0000476563110920130735018054868788
0000476573110920130736012283096148
0000476583110920130736012905269563
0000476593110920130756012507644070
0000476603110920130757013153104467
0000476613110920130831012386855181
0000476623110920130852012608653628
0000476633110920130857013321610603
0000476643110920130901012670737562
0000476653110920130933012879575542
0000476683110920130936012592635604
0000476693110920131706012150916527
0000476703110920131725012386855181
0000476713110920131755012537454741
0000476723110920131755012837573622
0000476733110920131832013074487568
0000476743110920131834013006134620
0000476753110920131834012552915800
0000476763110920131843013084786584
0000476773110920131846012357601584
0000476783110920131848013262997608
0000476793110920131848013333892587
0000476803110920131853012477172982
0000476813110920131854010110285686
0000476823110920131856013025578628
0000476833110920131857012905269563
0000476843110920131900012930566584
0000476853110920131900016270519420
0000476863110920131900012709577544
0000476873110920131900013313461580
0000476883110920131902012598219629
0000476893110920131905012283096148
0000476903110920131907021060015201
0000476913110920131907012420704934
0000476923110920131915012328100750
0000476933110920131916010324626298
0000476943110920131931012780309565
0000476953110920131939012386726764
0000476963110920131941013121615628
0000476973110920132015012608653628
0000476983110920132037013153104467
0000476993120920130603012646483297
0000477003120920130633012478709718
0000477013120920130633013327806623
0000477023120920130633012319737253
0000477033120920130635013121615628
0000477043120920130641012902859602
0000477053120920130647012349959181
0000477063120920130648013016465581
0000477073120920130648010314867713
0000477083120920130649013222379628
0000477093120920130650013006134620
0000477103120920130650012780309565
0000477113120920130651013211004547
0000477123120920130652013022469569
0000477133120920130653012778020561
0000477143120920130658012147108814
0000477153120920130659012552915800
0000477163120920130659013015254676
0000477173120920130700012477172982
0000477183120920130700013084786584
0000477193120920130700016203863522
0000477203120920130700013025578628
0000477213120920130700016270519420
0000477223120920130701018087440736
0000477233120920130701013262997608
0000477243120920130701012395856373
0000477253120920130701010777518071
0000477263120920130701010777518071
0000477273120920130702012837573622
0000477283120920130703012858636585
0000477293120920130703019024306550
0000477303120920130705011390382901
0000477313120920130705013194415564
0000477323120920130706012509551479
0000477333120920130709012666158588
0000477343120920130710012507605539
0000477353120920130711012748967625
0000477363120920130712013170028587
0000477373120920130713012425256085
0000477383120920130713012592635604
0000477393120920130716010631084573
0000477403120920130716012243383839
0000477413120920130716012537454741
0000477423120920130717019025472497
0000477433120920130719013333892587
0000477443120920130720012150916527
0000477453120920130722012313763813
0000477463120920130723012672783561
0000477473120920130726012728154564
0000477483120920130729010326418420
0000477493120920130732012804171568
0000477503120920130732012891763566
0000477513120920130734012454253560
0000477523120920130734013112078585
0000477533120920130738013144033609
0000477543120920130738012732485294
0000477553120920130739010313440740
0000477563120920130752013290933562
0000477573120920130813012739447541
0000477583120920130816013153104467
0000477593120920130823019033786039
0000477603120920130824013343284601
0000477613120920130828012670737562
0000477623120920130836011722716058
0000477633120920130837012386855181
0000477643120920130838012608653628
0000477653120920131010010815119507
0000477663120920131251011722716058
0000477673120920131729013153104467
0000477683120920131733012150916527
0000477693120920131733012150916527
0000477703120920131755012739447541
0000477713120920131824012386855181
0000477723120920131837019013900464
0000477733120920131838013366872569
0000477743120920131841012456823348
0000477753120920131848012313261044
0000477763120920131852016056925650
0000477773120920131852012434408240
0000477783120920131852010813776292
0000477793120920131853013006134620
0000477803120920131857013016465581
0000477813120920131857012873551609
0000477823120920131857013022469569
0000477833120920131859012858636585
0000477843120920131900012349959181
0000477853120920131900013290933562
0000477863120920131900012944519621
0000477873120920131902010318320689
0000477883120920131904010314867713
0000477893120920131908019033786039
0000477903120920131908013222379628
0000477913120920131911012319737253
0000477923120920131917012708247605
0000477933120920131931013343284601
0000477943120920131934012608653628
0000477953120920131945017040273738
0000477963120920131948013194415564
0000477973120920131949013194415564
0000477983120920132047019036418472
0000477993130920130616010324626298
0000478003130920130622010318320689
0000478013130920130633012992912567
0000478023130920130636012395856373
0000478033130920130636012395856373
0000478043130920130636013327806623
0000478053130920130639012519459656
0000478063130920130640012828524541
0000478073130920130642020421048306
0000478083130920130643012537586842
0000478093130920130644012210252778
0000478103130920130645012313261044
0000478113130920130648012449872231
0000478123130920130649012930566584
0000478133130920130649012328100750
0000478143130920130650012357601584
0000478153130920130650012598219629
0000478163130920130650013074487568
0000478173130920130655012129012282
0000478183130920130656019013900464
0000478193130920130658012454253560
0000478203130920130658012866609745
0000478213130920130659013333892587
0000478223130920130700012621502581
0000478233130920130701013287770569
0000478243130920130702010813776292
0000478253130920130702012789003604
0000478263130920130702013534757776
0000478273130920130703013366872569
0000478283130920130703010814004021
0000478293130920130704012420704934
0000478303130920130704012434379364
0000478313130920130704013194415564
0000478323130920130704012709577544
0000478333130920130705013015254676
0000478343130920130706012456823348
0000478353130920130707021060015201
0000478363130920130708010777518071
0000478373130920130708010777518071
0000478383130920130708010631084573
0000478393130920130709012748967625
0000478403130920130709012944519621
0000478413130920130709012891763566
0000478423130920130709012490932707
0000478433130920130709012708247605
0000478443130920130710012666158588
0000478453130920130710013051332568
0000478463130920130710017019759333
0000478473130920130710012778020561
0000478483130920130711012147108814
0000478493130920130714012873551609
0000478503130920130715019024306550
0000478513130920130715012243383839
0000478523130920130716012434408240
0000478533130920130718016203863522
0000478543130920130719012150916527
0000478553130920130723014084176520
0000478563130920130724012260223216
0000478573130920130726019033931071
0000478583130920130733010815119507
0000478593130920130738017019690724
0000478603130920130744017040273738
0000478613130920130758012386855181
0000478623130920130804012608653628
0000478633130920130816012739447541
0000478643130920130817011722716058
0000478653130920130836013153104467
0000478663130920130850012670737562
0000478673130920131244011722716058
0000489093130920131705012150916527
0000489103130920131753012386607420
0000489113130920131808012621502581
0000489123130920131821013084786584
0000489133130920131839010814004021
0000489143130920131842012420704934
0000489153130920131842013262997608
0000489163130920131843012357601584
0000489173130920131846012739447541
0000489183130920131846012386855181
0000489193130920131848014084176520
0000489203130920131849012129012282
0000489213130920131853012381218833
0000489223130920131853012537454741
0000489233130920131855013025578628
0000489243130920131856012552915800
0000489253130920131857016270519420
0000489263130920131857019033931071
0000489273130920131859013312124564
0000489283130920131859011424881948
0000489293130920131900012598219629
0000489303130920131901012477172982
0000489313130920131903012780309565
0000489323130920131904012490932707
0000489333130920131909010324626298
0000489343130920131909017019759333
0000489353130920131910012328100750
0000489363130920131911012709577544
0000489373130920131913013121615628
0000489383130920131913013287770569
0000489393130920131913012930566584
0000489403130920131925013074487568
0000489413130920131941017019690724
0000489423130920131947013534757776
0000489433130920132000013153104467
0000489443130920132003013153387302
0000489453130920132025012608653628
0000489463140920130544012646806568
0000489473140920130558012467120491
0000489483140920130625012477172982
0000489493140920130625013726012809
0000489503140920130627013084786584
0000489513140920130631013121615628
0000489523140920130633012664090544
0000489533140920130647012879575542
0000489543140920130647012507605539
0000489553140920130648013022469569
0000489563140920130651010314867713
0000489573140920130651012349959181
0000489583140920130654012552915800
0000489593140920130654013022098560
0000489603140920130655012386607420
0000489613140920130655013016465581
0000489623140920130655012780309565
0000489633140920130655021060015201
0000489643140920130656012646483297
0000489653140920130656016868279664
0000489663140920130656019025923308
0000489673140920130657012301197869
0000489683140920130658016861599647
0000489693140920130659013312124564
0000489703140920130700012449872231
0000489713140920130700012828524541
0000489723140920130705012778020561
0000489733140920130706016270519420
0000489743140920130707012319737253
0000489753140920130707012992912567
0000489763140920130708013262997608
0000489773140920130708020421048306
0000489783140920130709012858636585
0000489793140920130709013025578628
0000489803140920130712013333892587
0000489813140920130712011390382901
0000489823140920130713012789003604
0000489833140920130720021060277850
0000489843140920130720012260223216
0000489853140920130720012454253560
0000489863140920130721012519459656
0000489873140920130722013131425546
0000489883140920130722012613267560
0000489893140920130723012210252778
0000489903140920130724012420704934
0000489913140920130725013051332568
0000489923140920130725012434379364
0000489933140920130727011578161210
0000489943140920130735012292626227
0000489953140920130746013290933562
0000489963140920130750012437791118
0000489973140920130755012537586842
0000489983140920130756012466946566
0000489993140920130819019033786039
0000490003140920130945016587828540
0000490013140920131827012456823348
0000490023140920131830013366872569
0000490033140920131850013022469569
0000490043140920131850010813776292
0000490053140920131851013025578628
0000490063140920131854012598219629
0000490073140920131854013360614770
0000490083140920131854013016465581
0000490093140920131859012858636585
0000490103140920131900013015254676
0000490113140920131900012434408240
0000490123140920131902019025923308
0000490133140920131903012319737253
0000490143140920131905010314867713
0000490153140920131905012420704934
0000490163140920131908019033786039
0000490173140920131944016587828540
0000490183140920131944016587828540
0000490193150920130615012467120491
0000490203150920130615012467120491
0000490213150920130630010324626298
0000490223150920130633017005003371
0000490233150920130633010318320689
0000490243150920130640013360614770
0000490253150920130648012709577544
0000490263150920130649012456772298
0000490273150920130649012439169406
0000490283150920130649017044178748
0000490293150920130650012813849091
0000490303150920130650013401041583
0000490313150920130651012328100750
0000490323150920130651013761081773
0000490333150920130652012633725629
0000490343150920130653013333892587
0000490353150920130654012930566584
0000490363150920130654012598219629
0000490373150920130657012434408240
0000490383150920130658013074487568
0000490393150920130700013313461580
0000490403150920130702019046560107
0000490413150920130702013290933562
0000490423150920130702013025578628
0000490433150920130703016861599647
0000490443150920130704013345527560
0000490453150920130705012537586842
0000490463150920130706012944519621
0000490473150920130706010814004021
0000490483150920130706013726012809
0000490493150920130709013215730560
0000490503150920130709012778020561
0000490513150920130709012507605539
0000490523150920130710013222379628
0000490533150920130710012292626227
0000490543150920130710012646806568
0000490553150920130712012456823348
0000490563150920130713012664090544
0000490573150920130713012437791118
0000490583150920130713013366872569
0000490593150920130713013328784542
0000490603150920130713010813776292
0000490613150920130714012613267560
0000490623150920130714013131425546
0000490633150920130714012646483297
0000490643150920130714012765965562
0000490653150920130715012395856373
0000490663150920130715021060015201
0000490673150920130715013022098560
0000490683150920130716012386726764
0000490693150920130717012301197869
0000490703150920130718017019690724
0000490713150920130728011578161210
0000490723150920130741012879575542
0000490733150920130755016203863522
0000490743150920130806011970643336
0000490753150920130813013349813622
0000490763150920130814012357601584
0000490773150920130846014416862276
0000490783150920130848015783929275
0000490793150920131749012537454741
0000490803150920131751012837573622
0000490813150920131844012552915800
0000490823150920131846013074487568
0000490833150920131846012313261044
0000490843150920131855016270519420
0000490853150920131856012477172982
0000490863150920131856012456772298
0000490873150920131856010318320689
0000490883150920131857013262997608
0000490893150920131858012395856373
0000490903150920131900012930566584
0000490913150920131900015783929275
0000490923150920131903012420704934
0000490933150920131905012328100750
0000490943150920131910016203863522
0000490953150920131911012709577544
0000490963150920131913010324626298
0000490973150920131915012386726764
0000490983150920131917013155622600
0000490993150920131917012780309565
0000491003150920131919013313461580
0000491013150920131952017019690724
0000491023150920132007011619085695
0000491033150920132008011660532315
0000491043160920130635013035980542
0000491053160920130642012210252778
0000491063160920130642012349959181
0000491073160920130643012477246218
0000491083160920130646012319737253
0000491093160920130647013050460600
0000491103160920130649012944519621
0000491113160920130649012858636585
0000491123160920130651012700736585
0000491133160920130652012780309565
0000491143160920130653013287770569
0000491153160920130654013022469569
0000491163160920130654012552915800
0000491173160920130655016203863522
0000491183160920130655011970643336
0000491193160920130657012592635604
0000491203160920130659017005003371
0000491213160920130700019025923308
0000491223160920130700013262997608
0000491233160920130700013016465581
0000491243160920130703016270519420
0000491253160920130704012420704934
0000491263160920130704012395856373
0000491273160920130707013025578628
0000491283160920130707021060015201
0000491293160920130708010814004021
0000491303160920130709013761081773
0000491313160920130709012969445621
0000491323160920130710012633725629
0000491333160920130710012477172982
0000491343160920130711013153387302
0000491353160920130712010314867713
0000491363160920130713012837505627
0000491373160920130715012765965562
0000491383160920130715012813849091
0000491393160920130716013346657565
0000491403160920130716012313261044
0000491413160920130716017044178748
0000491423160920130717013345527560
0000491433160920130717012595990588
0000491443160920130719012490446292
0000491453160920130719012837573622
0000491463160920130719012537586842
0000491473160920130721013384428543
0000491483160920130721010313440740
0000491493160920130721013333892587
0000491503160920130723019046560107
0000491513160920130726012439169406
0000491523160920130726013155622600
0000491533160920130729013027499601
0000491543160920130731012150916527
0000491553160920130732012004930936
0000491563160920130732011660532315
0000491573160920130737013401041583
0000491583160920130740013222379628
0000491593160920130747019033786039
0000491603160920130747013343284601
0000491613160920130747013153104467
0000491623160920130751013329036582
0000491633160920130811012386855181
0000491643160920130817012608653628
0000491653160920130822011722716058
0000491663160920130842012537454741
0000491673160920130849012670737562
0000491683160920130911012739447541
0000491693160920130913010110224296
0000491703160920131041013194415564
0000491713160920131244011722716058
0000491723160920131748012004930936
0000491733160920131820012150916527
0000491743160920131828012386855181
0000491753160920131828012456823348
0000491763160920131836013726012809
0000491773160920131839013366872569
0000491783160920131844012664090544
0000491793160920131845013360614770
0000491803160920131846010318320689
0000491813160920131853013153387302
0000491823160920131857013022469569
0000491833160920131857013084786584
0000491843160920131858013016465581
0000491853160920131859016203863522
0000491863160920131900012395856373
0000491873160920131900012434408240
0000491883160920131902012349959181
0000491893160920131904013384428543
0000491903160920131905010314867713
0000491913160920131907012319737253
0000491923160920131907012319737253
0000491933160920131908014791971279
0000491943160920131913012670737562
0000491953160920131915012739447541
0000491963160920131921012858636585
0000491973160920131922016587828540
0000491983160920131926013343284601
0000491993160920131928019033786039
0000492003160920131937013194415564
0000492013160920131942014844122270
0000492023160920131946012608653628
0000492033160920131949013287770569
0000492043160920132035012496829282
0000492053170920130513012496829282
0000492063170920130618010326418420
0000492073170920130625010324626298
0000492083170920130634018054868788
0000492093170920130641010318320689
0000492103170920130642013074487568
0000492113170920130644012313763813
0000492123170920130645012313763813
0000492133170920130645012709577544
0000492143170920130646012456772298
0000492153170920130650012062693674
0000492163170920130651013170028587
0000492173170920130653012357601584
0000492183170920130653012357601584
0000492193170920130654012930566584
0000492203170920130654012386607420
0000492213170920130655013211004547
0000492223170920130655012728154564
0000492233170920130655012598219629
0000492243170920130655014791971279
0000492253170920130656012944519621
0000492263170920130656012672783561
0000492273170920130656013360614770
0000492283170920130657012328100750
0000492293170920130657018087440736
0000492303170920130657016209910573
0000492313170920130657012700736585
0000492323170920130658010110224296
0000492333170920130659012969445621
0000492343170920130701013050460600
0000492353170920130701012490446292
0000492363170920130701013035980542
0000492373170920130704012664090544
0000492383170920130704013144033609
0000492393170920130704010313440740
0000492403170920130706012420704934
0000492413170920130708012456823348
0000492423170920130708012210252778
0000492433170920130708013084786584
0000492443170920130709013155622600
0000492453170920130710012592635604
0000492463170920130714013366872569
0000492473170920130715013329036582
0000492483170920130717020193026753
0000492493170920130717013232273563
0000492503170920130718012595990588
0000492513170920130722012477246218
0000492523170920130723014844122270
0000492533170920130723012434408240
0000492543170920130723016587828540
0000492553170920130724013346657565
0000492563170920130729012150916527
0000492573170920130732013027499601
0000492583170920130734016877092610
0000492593170920130737015783929275
0000492603170920130740012283096148
0000492613170920130742013153104467
0000492623170920130801019046880284
0000492633170920130828011390382901
0000492643170920130836012386855181
0000492653170920130844012739447541
0000492663170920130901012608653628
0000492673170920131708012150916527
0000492683170920131745013153104467
0000492693170920131758012537454741
0000492703170920131826012386855181
0000492713170920131831019013900464
0000492723170920131838012456772298
0000492733170920131842013262997608
0000492743170920131843012739447541
0000492753170920131847012425256085
0000492763170920131848012552915800
0000492773170920131855015783929275
0000492783170920131855015783929275
0000492793170920131855012357601584
0000492803170920131857013025578628
0000492813170920131902012930566584
0000492823170920131902012944519621
0000492833170920131904012477172982
0000492843170920131904010631084573
0000492853170920131905012608653628
0000492863170920131908018087440736
0000492873170920131908012709577544
0000492883170920131910012328100750
0000492893170920131912012386726764
0000492903170920131917012283096148
0000492913170920131917012420704934
0000492923170920131917013144033609
0000492933170920131919016270519420
0000492943170920131919012765965562
0000492953170920131920012598219629
0000492963170920131931013121615628
0000492973170920131942012780309565
0000492983170920132005012514463361
0000492993180920130624012891763566
0000493003180920130625012319737253
0000493013180920130638012062693674
0000493023180920130643013112078585
0000493033180920130645010314867713
0000493043180920130647012478709718
0000493053180920130647013327806623
0000493063180920130647013006134620
0000493073180920130649010631084573
0000493083180920130651019013900464
0000493093180920130652012780309565
0000493103180920130654012509551479
0000493113180920130655012552915800
0000493123180920130655012477172982
0000493133180920130656012319737253
0000493143180920130657012349959181
0000493153180920130658012420704934
0000493163180920130658012386607420
0000493173180920130658012891763566
0000493183180920130659012902859602
0000493193180920130659012873551609
0000493203180920130701012732485294
0000493213180920130701012858636585
0000493223180920130701012395856373
0000493233180920130702012210252778
0000493243180920130703012386726764
0000493253180920130704012386726764
0000493263180920130704012147108814
0000493273180920130707013022469569
0000493283180920130707013262997608
0000493293180920130711012944519621
0000493303180920130711013015254676
0000493313180920130712013016465581
0000493323180920130712015783929275
0000493333180920130712010110285686
0000493343180920130713012672783561
0000493353180920130715013194415564
0000493363180920130715010326418420
0000493373180920130715013726012809
0000493383180920130716012425256085
0000493393180920130717016270519420
0000493403180920130719013025578628
0000493413180920130719019025472497
0000493423180920130721012666158588
0000493433180920130726019024306550
0000493443180920130727018054868788
0000493453180920130728012313763813
0000493463180920130729012260223216
0000493473180920130729012765965562
0000493483180920130730013345527560
0000493493180920130731013211004547
0000493503180920130732013155622600
0000493513180920130735013121615628
0000493523180920130735013170028587
0000493533180920130739012243383839
0000493543180920130745016209910573
0000493553180920130754013321610603
0000493563180920130802012728154564
0000493573180920130804016877092610
0000493583180920130810013153104467
0000493593180920130812012608653628
0000493603180920130821012456731192
0000493613180920130824012728154564
0000493623180920130827012670737562
0000493633180920130833012283096148
0000493643180920130857012537454741
0000493653180920131234011722716058
0000493663180920131642011722716058
0000493673180920131646012150916527
0000493683180920131828012646806568
0000493693180920131833012456823348
0000493703180920131834010318320689
0000493713180920131838012837573622
0000493723180920131839010813776292
0000493733180920131839013366872569
0000493743180920131846013262997608
0000493753180920131848012434408240
0000493763180920131848016587828540
0000493773180920131849013153210607
0000493783180920131850013084786584
0000493793180920131853013022469569
0000493803180920131854013360614770
0000493813180920131855012386726764
0000493823180920131856010777518071
0000493833180920131900012349959181
0000493843180920131900013016465581
0000493853180920131900012858636585
0000493863180920131900012319737253
0000493873180920131901012420704934
0000493883180920131902012210252778
0000493893180920131902012873551609
0000493903180920131903012514463361
0000493913180920131905010314867713
0000493923180920131906012728154564
0000493933180920131909013006134620
0000493943180920131910013345527560
0000493953180920131913012283096148
0000493963180920131919012608653628
0000493973180920131919013194415564
0000493983180920131919010110285686
0000493993190920130619013327806623
0000494003190920130622010324626298
0000494013190920130625010318320689
0000494023190920130634012992912567
0000494033190920130636012666158588
0000494043190920130637012519459656
0000494053190920130640012866609745
0000494063190920130642012386607420
0000494073190920130642012828524541
0000494083190920130647012930566584
0000494093190920130647012243383839
0000494103190920130648013006134620
0000494113190920130648019013889398
0000494123190920130649012313261044
0000494133190920130650012621502581
0000494143190920130654013153210607
0000494153190920130655012709577544
0000494163190920130655012357601584
0000494173190920130655021060015201
0000494183190920130655012598219629
0000494193190920130656013321610603
0000494203190920130656010777518071
0000494213190920130657013360614770
0000494223190920130658013074487568
0000494233190920130659020421048306
0000494243190920130659012328100750
0000494253190920130700013051332568
0000494263190920130703010813776292
0000494273190920130703012748967625
0000494283190920130705013333892587
0000494293190920130706013534757776
0000494303190920130707012381218833
0000494313190920130707013366872569
0000494323190920130707012456823348
0000494333190920130707012395856373
0000494343190920130708012837573622
0000494353190920130710013262997608
0000494363190920130712013084786584
0000494373190920130715016203863522
0000494383190920130718013015254676
0000494393190920130719012434408240
0000494403190920130719012150916527
0000494413190920130719012509551479
0000494423190920130720012147108814
0000494433190920130721012732485294
0000494443190920130726012260223216
0000494453190920130726012434379364
0000494463190920130731016587828540
0000494473190920130745013153104467
0000494483190920130747012646806568
0000494493190920130749010313440740
0000494503190920130751012902859602
0000494513190920130752019025472497
0000494523190920130752010631084573
0000494533190920130752019024306550
0000494543190920130753013343284601
0000494553190920130804013290933562
0000494563190920130809012456731192
0000494573190920130818011722716058
0000494583190920130836012608653628
0000494593190920130855012905269563
0000494603190920130900012739447541
0000494613190920130901012670737562
0000494623190920131039012804171568
0000494633190920131223010815119507
0000494643190920131257011722716058
0000494653190920131716012150916527
0000494663190920131719012739447541
0000494673190920131738012537454741
0000494683190920131823012670737562
0000494693190920131825012386855181
0000494703190920131835013074487568
0000494713190920131845012357601584
0000494723190920131845019013900464
0000494733190920131845013006134620
0000494743190920131848013262997608
0000494753190920131850016056925650
0000494763190920131853012477172982
0000494773190920131854012552915800
0000494783190920131856013025578628
0000494793190920131900012598219629
0000494803190920131903013290933562
0000494813190920131903012328100750
0000494823190920131904013312124564
0000494833190920131904012930566584
0000494843190920131905013343284601
0000494853190920131907016203863522
0000494863190920131912010324626298
0000494873190920131914013121615628
0000494883190920131917012709577544
0000494893190920131921012313261044
0000494903190920131937012780309565
0000494913190920131943013349813622
0000494923190920132001016270519420
0000494933190920132051012608653628
0000494943190920132055013153104467
0000494953200920130550012467120491
0000494963200920130618012646806568
0000494973200920130623012664090544
0000494983200920130633010631084573
0000494993200920130633012449872231
0000495003200920130642010314867713
0000495013200920130647012858636585
0000495023200920130650013215730560
0000495033200920130650013016465581
0000495043200920130650012780309565
0000495053200920130651012349959181
0000495063200920130651019013889398
0000495073200920130654013131637624
0000495083200920130654012507605539
0000495093200920130654016861599647
0000495103200920130655012292626227
0000495113200920130656012319737253
0000495123200920130657012552915800
0000495133200920130658019013900464
0000495143200920130659013025578628
0000495153200920130659012150916527
0000495163200920130659012129012282
0000495173200920130700013022469569
0000495183200920130701013262997608
0000495193200920130701016270519420
0000495203200920130702012425256085
0000495213200920130703012519459656
0000495223200920130703020421048306
0000495233200920130706012748967625
0000495243200920130706017019759333
0000495253200920130707019025923308
0000495263200920130707013312124564
0000495273200920130709012477172982
0000495283200920130710013194415564
0000495293200920130713016868279664
0000495303200920130714012992912567
0000495313200920130715012621502581
0000495323200920130715012804171568
0000495333200920130716020193026753
0000495343200920130717016203863522
0000495353200920130718014084176520
0000495363200920130719012490932707
0000495373200920130720012381218833
0000495383200920130720013333892587
0000495393200920130723012866609745
0000495403200920130727012386607420
0000495413200920130727012537454741
0000495423200920130728013131425546
0000495433200920130728012613267560
0000495443200920130729013051332568
0000495453200920130729012434379364
0000495463200920130734010815119507
0000495473200920130734012828524541
0000495483200920130736012437791118
0000495493200920130737013534757776
0000495503200920130738021060015201
0000495513200920130745012466946566
0000495523200920130758012778020561
0000495533200920130817013153104467
0000495543200920130830011722716058
0000495553200920130833012670737562
0000495563200920130853012608653628
0000495573200920130857012739447541
0000495583200920131158017019690724
0000495593200920131239011722716058
0000495603200920131650012150916527
0000495613200920131810012456823348
0000495623200920131812012670737562
0000495633200920131826013366872569
0000495643200920131831010813776292
0000495653200920131835012739447541
0000495663200920131839012537454741
0000495673200920131845012708247605
0000495683200920131852012434408240
0000495693200920131854012598219629
0000495703200920131854013084786584
0000495713200920131855011424881948
0000495723200920131855013360614770
0000495733200920131856012873551609
0000495743200920131859012319737253
0000495753200920131900012129012282
0000495763200920131900012858636585
0000495773200920131900010314867713
0000495783200920131901012349959181
0000495793200920131904012425256085
0000495803200920131907013022469569
0000495813200920131910012646806568
0000495823200920131913012944519621
0000495833200920131913013153387302
0000495843200920131915012490932707
0000495853200920131915016203863522
0000495863200920131915013194415564
0000495873200920131918017019759333
0000495883200920131927017019690724
0000495893200920131958012778020561
0000495903200920132006012608653628
0000495913200920132007013153104467
0000495923210920130621010324626298
0000495933210920130638012813849091
0000495943210920130638012778020561
0000495953210920130639013084786584
0000495963210920130640010318320689
0000495973210920130644012537586842
0000495983210920130646012930566584
0000495993210920130648012709577544
0000496003210920130648010814004021
0000496013210920130649017044178748
0000496023210920130654012357601584
0000496033210920130654012357601584
0000496043210920130654013761081773
0000496053210920130654012633725629
0000496063210920130655012328100750
0000496073210920130656012439169406
0000496083210920130656011578161210
0000496093210920130656012592635604
0000496103210920130657012456823348
0000496113210920130658013074487568
0000496123210920130700013313461580
0000496133210920130700012873551609
0000496143210920130702010110285686
0000496153210920130702013333892587
0000496163210920130702012598219629
0000496173210920130705012420704934
0000496183210920130705019046560107
0000496193210920130706013360614770
0000496203210920130707013022098560
0000496213210920130707011424881948
0000496223210920130707013366872569
0000496233210920130708013215730560
0000496243210920130708016861599647
0000496253210920130709012664090544
0000496263210920130709012449872231
0000496273210920130709012292626227
0000496283210920130709012708247605
0000496293210920130711012944519621
0000496303210920130711012507605539
0000496313210920130711013131425546
0000496323210920130711012613267560
0000496333210920130711017005003371
0000496343210920130711012467120491
0000496353210920130712021060277850
0000496363210920130712019033786039
0000496373210920130713011970643336
0000496383210920130713012210252778
0000496393210920130716013131637624
0000496403210920130717010813776292
0000496413210920130720012466946566
0000496423210920130727012434408240
0000496433210920130734016868279664
0000496443210920130737013222379628
0000496453210920130843013290933562
0000496463210920131822016270519420
0000496473210920131833012592635604
0000496483210920131838012537454741
0000496493210920131845012301197869
0000496503210920131846012313261044
0000496513210920131847012944519621
0000496523210920131847013262997608
0000496533210920131848012357601584
0000496543210920131849012477172982
0000496553210920131849010110285686
0000496563210920131852012552915800
0000496573210920131855013025578628
0000496583210920131856013074487568
0000496593210920131902012420704934
0000496603210920131902010318320689
0000496613210920131906012930566584
0000496623210920131907013121615628
0000496633210920131909012328100750
0000496643210920131910012709577544
0000496653210920131912010324626298
0000496663210920131913012537586842
0000496673210920131916012780309565
0000496683220920130644012879575542
0000496693220920130645012319737253
0000496703220920130645012879575542
0000496713220920130646013401041583
0000496723220920130647012778020561
0000496733220920130648012477246218
0000496743220920130648012780309565
0000496753220920130648021060277850
0000496763220920130649012456772298
0000496773220920130649012349959181
0000496783220920130650012477172982
0000496793220920130650012552915800
0000496803220920130650012371447554
0000496813220920130655013022469569
0000496823220920130656013050460600
0000496833220920130700013290933562
0000496843220920130702021060015201
0000496853220920130702013262997608
0000496863220920130702016270519420
0000496873220920130703013287770569
0000496883220920130704013761081773
0000496893220920130705012944519621
0000496903220920130705012944519621
0000496913220920130705017005003371
0000496923220920130706012633725629
0000496933220920130706013121615628
0000496943220920130706019046560107
0000496953220920130706012313261044
0000496963220920130706019025923308
0000496973220920130706012420704934
0000496983220920130706013333892587
0000496993220920130707013016465581
0000497003220920130709013194415564
0000497013220920130710010814004021
0000497023220920130711012765965562
0000497033220920130711012386726764
0000497043220920130711012858636585
0000497053220920130711014791971279
0000497063220920130711011970643336
0000497073220920130711010314867713
0000497083220920130712013222379628
0000497093220920130712012813849091
0000497103220920130712011578161210
0000497113220920130716017044178748
0000497123220920130717013328784542
0000497133220920130717013022098560
0000497143220920130718013346657565
0000497153220920130718013025578628
0000497163220920130730013345527560
0000497173220920130734013027499601
0000497183220920130738013349813622
0000497193220920130741017019690724
0000497203220920130742012537454741
0000497213220920130813012283096148
0000497223220920131458012858636585
0000497233220920131741012837573622
0000497243220920131825013366872569
0000497253220920131836012537586842
0000497263220920131839012708247605
0000497273220920131847010318320689
0000497283220920131851012456772298
0000497293220920131852013360614770
0000497303220920131854012349959181
0000497313220920131856012456823348
0000497323220920131900012434408240
0000497333220920131901012507605539
0000497343220920131901013035980542
0000497353220920131901012381218833
0000497363220920131902013022469569
0000497373220920131905012420704934
0000497383220920131905010314867713
0000497393220920131905016587828540
0000497403220920131905010813776292
0000497413220920131907012319737253
0000497423220920131910013016465581
0000497433220920131912012283096148
0000497443220920131919012386726764
0000497453220920131921011660532315
0000497463220920131924012301197869
0000497473220920131934013194415564
0000497483220920131940012879575542
0000497493220920131958017019690724
0000497503220920131959011619085695
0000497513230920130626010324626298
0000497523230920130627012646483297
0000497533230920130627010326418420
0000497543230920130636018054868788
0000497553230920130645012930566584
0000497563230920130645013074487568
0000497573230920130647013170028587
0000497583230920130650012598219629
0000497593230920130652014791971279
0000497603230920130653012357601584
0000497613230920130655018087440736
0000497623230920130656016209910573
0000497633230920130656012709577544
0000497643230920130656012700736585
0000497653230920130657012328100750
0000497663230920130657012700736585
0000497673230920130657013144033609
0000497683230920130658013211004547
0000497693230920130658012672783561
0000497703230920130658013360614770
0000497713230920130658012728154564
0000497723230920130659012434379364
0000497733230920130659012313763813
0000497743230920130700013153387302
0000497753230920130700012381218833
0000497763230920130700016587828540
0000497773230920130702016868279664
0000497783230920130702013366872569
0000497793230920130703019025923308
0000497803230920130703012425256085
0000497813230920130703012837573622
0000497823230920130705012434408240
0000497833230920130705012804171568
0000497843230920130705013345527560
0000497853230920130705012837505627
0000497863230920130707012595990588
0000497873230920130708013027499601
0000497883230920130709010313440740
0000497893230920130710010318320689
0000497903230920130710012944519621
0000497913230920130710012371447554
0000497923230920130711012708247605
0000497933230920130712012456823348
0000497943230920130712010813776292
0000497953230920130716013346657565
0000497963230920130718013155622600
0000497973230920130721013153104467
0000497983230920130721013401041583
0000497993230920130721021060015201
0000498003230920130722012765965562
0000498013230920130723013287770569
0000498023230920130725011619085695
0000498033230920130725011390382901
0000498043230920130726012477246218
0000498053230920130731021060015201
0000498063230920130732016203863522
0000498073230920130735012537586842
0000498083230920130735012507605539
0000498093230920130742013384428543
0000498103230920130807012608653628
0000498113230920130808019033786039
0000498123230920130809012386855181
0000498133230920130810012150916527
0000498143230920130822011722716058
0000498153230920130854012739447541
0000498163230920130905010110224296
0000498173230920130921012670737562
0000498183230920130944012004930936
0000498193230920130959013343284601
0000498203230920131254011722716058
0000498213230920131743012004930936
0000498223230920131826012386855181
0000498233230920131834016270519420
0000498243230920131837012537454741
0000498253230920131842013726012809
0000498263230920131845012670737562
0000498273230920131846012552915800
0000498283230920131851012739447541
0000498293230920131851013084786584
0000498303230920131855013025578628
0000498313230920131858013153387302
0000498323230920131859013074487568
0000498333230920131900013343284601
0000498343230920131903013262997608
0000498353230920131904012709577544
0000498363230920131904012930566584
0000498373230920131905019033786039
0000498383230920131905013384428543
0000498393230920131911013121615628
0000498403230920131913012477172982
0000498413230920131914012598219629
0000498423230920131918010324626298
0000498433230920131922016203863522
0000498443230920131952014844122270
0000498453230920132005013153104467
0000498463230920132005012608653628
0000498473230920132014012496829282
0000498483240920130514012496829282
0000498493240920130604012646483297
0000498503240920130627012456823348
0000498513240920130631013121615628
0000498523240920130638013112078585
0000498533240920130638012478709718
0000498543240920130645012456772298
0000498553240920130647010110224296
0000498563240920130650012319737253
0000498573240920130652012062693674
0000498583240920130654012902859602
0000498593240920130655012210252778
0000498603240920130655012944519621
0000498613240920130655012349959181
0000498623240920130655010314867713
0000498633240920130659017056506729
0000498643240920130659012891763566
0000498653240920130700013025578628
0000498663240920130700012477172982
0000498673240920130701012552915800
0000498683240920130701012147108814
0000498693240920130701012858636585
0000498703240920130702013194415564
0000498713240920130702012666158588
0000498723240920130702012837505627
0000498733240920130702013262997608
0000498743240920130705018087440736
0000498753240920130706010313440740
0000498763240920130706012425256085
0000498773240920130709012873551609
0000498783240920130712013084786584
0000498793240920130713012283096148
0000498803240920130713012595990588
0000498813240920130713012150916527
0000498823240920130714012420704934
0000498833240920130715012700736585
0000498843240920130715010326418420
0000498853240920130715019025472497
0000498863240920130715019025472497
0000498873240920130716018054868788
0000498883240920130716012672783561
0000498893240920130718019024306550
0000498903240920130719013170028587
0000498913240920130720016209910573
0000498923240920130720014844122270
0000498933240920130720013144033609
0000498943240920130720012434379364
0000498953240920130723013211004547
0000498963240920130723013155622600
0000498973240920130726012804171568
0000498983240920130726016270519420
0000498993240920130738015783929275
0000499003240920130743012728154564
0000499013240920130747012395856373
0000499023240920130749019046880284
0000499033240920130750012537454741
0000499043240920130758012608653628
0000499053240920130758012386855181
0000499063240920130807012243383839
0000499073240920130810012728154564
0000499083240920130815012507644070
0000499093240920130822013015254676
0000499103240920130827012739447541
0000499113240920130857012670737562
0000499193240920131250010777518071
0000507233240920131714012150916527
0000507243240920131732012608653628
0000507253240920131733012670737562
0000507273240920131805012739447541
0000507283240920131821016587828540
0000507293240920131831019013900464
0000507303240920131835010813776292
0000507313240920131837013366872569
0000507323240920131840010318320689
0000507333240920131846012434408240
0000507343240920131847015783929275
0000507353240920131848015783929275
0000507363240920131848012386855181
0000507373240920131848012456772298
0000507383240920131849013194415564
0000507393240920131853012456823348
0000507403240920131855010314867713
0000507413240920131856012210252778
0000507423240920131900012349959181
0000507433240920131900012420704934
0000507443240920131900012708247605
0000507453240920131901012386726764
0000507463240920131902013153210607
0000507473240920131903012283096148
0000507483240920131903010631084573
0000507493240920131907017056506729
0000507503240920131910012319737253
0000507513240920132017012514463361
0000507523240920132031013360614770
0000507533250920130624013153210607
0000507543250920130625012395856373
0000507553250920130631010324626298
0000507563250920130634012062693674
0000507573250920130638013074487568
0000507583250920130638012519459656
0000507593250920130644012866609745
0000507603250920130648012930566584
0000507613250920130649020421048306
0000507623250920130650019013900464
0000507633250920130652012709577544
0000507643250920130654012992912567
0000507653250920130654013006134620
0000507663250920130655013360614770
0000507673250920130655012598219629
0000507683250920130655012386726764
0000507693250920130657012732485294
0000507703250920130657012621502581
0000507713250920130658012357601584
0000507723250920130658010777518071
0000507733250920130659012386726764
0000507743250920130659012804171568
0000507753250920130659012592635604
0000507763250920130700012873551609
0000507773250920130700019046880284
0000507783250920130700012386607420
0000507793250920130701013534757776
0000507803250920130702012381218833
0000507813250920130703010318320689
0000507823250920130704013333892587
0000507833250920130704012509551479
0000507843250920130707013112078585
0000507853250920130709010110285686
0000507863250920130710010813776292
0000507873250920130710012478709718
0000507883250920130710012150916527
0000507893250920130713012666158588
0000507903250920130714012210252778
0000507913250920130716013015254676
0000507923250920130716013232273563
0000507933250920130716012147108814
0000507943250920130722012260223216
0000507953250920130723012708247605
0000507963250920130726013051332568
0000507973250920130727015783929275
0000507983250920130728013366872569
0000507993250920130728012434408240
0000508003250920130729012944519621
0000508013250920130729012420704934
0000508023250920130734016587828540
0000508033250920130742012902859602
0000508043250920130748013345527560
0000508053250920130810012507644070
0000508063250920130814019025472497
0000508073250920130846012608653628
0000508083250920130853012283096148
0000508093250920130912012670737562
0000508103250920131112013321610603
0000508113250920131151011722716058
0000508123250920131240021060015201
0000508133250920131511012828524541
0000508143250920131640011722716058
0000508153250920131714012150916527
0000508163250920131812012386855181
0000508173250920131820010110285686
0000508183250920131844012552915800
0000508193250920131846012670737562
0000508203250920131848012537454741
0000508213250920131856013084786584
0000508223250920131856016270519420
0000508233250920131857013025578628
0000508243250920131858012477172982
0000508253250920131900012930566584
0000508263250920131900013312124564
0000508273250920131900012357601584
0000508283250920131901012598219629
0000508293250920131903012283096148
0000508303250920131903013074487568
0000508313250920131903013153210607
0000508323250920131904012709577544
0000508333250920131907012420704934
0000508343250920131908013262997608
0000508353250920131910013121615628
0000508363250920131914012621502581
0000508373250920131915010324626298
0000508383250920131921012514463361
0000508393250920131922012837573622
0000508403250920131923012210252778
0000508413250920131932013006134620
0000508423250920131938013345527560
0000508433250920132021012608653628
0000508443260920130606012646806568
0000508453260920130607012467120491
0000508463260920130608012319737253
0000508473260920130629013121615628
0000508483260920130637012646483297
0000508493260920130642012879575542
0000508503260920130642019013889398
0000508513260920130645013215730560
0000508523260920130646012477172982
0000508533260920130646016203863522
0000508543260920130647012456823348
0000508553260920130647012507605539
0000508563260920130650013153210607
0000508573260920130650013084786584
0000508583260920130651012552915800
0000508593260920130651013006134620
0000508603260920130654012349959181
0000508613260920130657012866609745
0000508623260920130657012425256085
0000508633260920130659016861599647
0000508643260920130700012519459656
0000508653260920130701012858636585
0000508663260920130701019025923308
0000508673260920130703012509551479
0000508683260920130704012349959181
0000508693260920130704013262997608
0000508703260920130705013262997608
0000508713260920130705013025578628
0000508723260920130706010314867713
0000508733260920130707016270519420
0000508743260920130707012260223216
0000508753260920130707012748967625
0000508763260920130707013131425546
0000508773260920130707012613267560
0000508783260920130708012828524541
0000508793260920130710013051332568
0000508803260920130716020421048306
0000508813260920130717012992912567
0000508823260920130717013333892587
0000508833260920130717013321610603
0000508843260920130717010313440740
0000508853260920130718012837573622
0000508863260920130720010631084573
0000508873260920130720012150916527
0000508883260920130721012381218833
0000508893260920130723013194415564
0000508903260920130728013534757776
0000508913260920130729012386607420
0000508923260920130740012537454741
0000508933260920130741012437791118
0000508943260920130744012466946566
0000508953260920130806013343284601
0000508963260920130819012456731192
0000508973260920130849013290933562
0000508983260920130901016868279664
0000508993260920130902012739447541
0000509003260920130931012608653628
0000509013260920131521010815119507
0000509023260920131707012150916527
0000509033260920131757012386855181
0000509043260920131801012608653628
0000509053260920131808012739447541
0000509063260920131833013366872569
0000509073260920131836012708247605
0000509083260920131838010318320689
0000509093260920131848019013900464
0000509103260920131848019013900464
0000509113260920131849012456823348
0000509123260920131850012858636585
0000509133260920131851010813776292
0000509143260920131856016587828540
0000509153260920131856013006134620
0000509163260920131859013360614770
0000509173260920131900016203863522
0000509183260920131900012349959181
0000509193260920131900013290933562
0000509203260920131903010314867713
0000509213260920131904012319737253
0000509223260920131907012371447554
0000509233260920131907012944519621
0000509243260920131908012434408240
0000509253260920131910013194415564
0000509263260920131912010313440740
0000509273260920131917016056925650
0000509283260920131918012507605539
0000509293260920131919013343284601
0000509303260920131923012425256085
0000509313260920131928013349813622
0000509323270920130553016056925650
0000509333270920130623012478709718
0000509343270920130628010324626298
0000509353270920130629012813849091
0000509363270920130634012449872231
0000509373270920130644012467120491
0000509383270920130647012930566584
0000509393270920130648019013900464
0000509403270920130653017005003371
0000509413270920130654012425256085
0000509423270920130656012598219629
0000509433270920130656013131637624
0000509443270920130657012439169406
0000509453270920130657016203863522
0000509463270920130657012357601584
0000509473270920130657019013889398
0000509483270920130658017044178748
0000509493270920130659013074487568
0000509503270920130659010318320689
0000509513270920130659013333892587
0000509523270920130659013761081773
0000509533270920130700012633725629
0000509543270920130700012709577544
0000509553270920130701012789003604
0000509563270920130701012944519621
0000509573270920130702013222379628
0000509583270920130705016861599647
0000509593270920130705010813776292
0000509603270920130709012129012282
0000509613270920130709013155622600
0000509623270920130712013215730560
0000509633270920130714011970643336
0000509643270920130714013366872569
0000509653270920130714012437791118
0000509663270920130715012613267560
0000509673270920130715013131425546
0000509683270920130715013360614770
0000509693270920130715021060015201
0000509703270920130715019033931071
0000509713270920130716012708247605
0000509723270920130716010815119507
0000509733270920130717016587828540
0000509743270920130718012466946566
0000509753270920130718017019759333
0000509763270920130718012748967625
0000509773270920130719012646483297
0000509783270920130720012371447554
0000509793270920130722016868279664
0000509803270920130724012434408240
0000509813270920130726013534757776
0000509823270920130735012646806568
0000509833270920130736014084176520
0000509843270920130736019025923308
0000509853270920130737012150916527
0000509863270920130739012490932707
0000509873270920130743017019690724
0000509883270920130758012386855181
