0000633513240120141826010813776292
0000633523240120141829012456823348
0000633533240120141839013366872569
0000633543240120141842012992912567
0000633553240120141848010318320689
0000633563240120141849013360614770
0000633573240120141849012434408240
0000633583240120141849012319737253
0000633593240120141856010314867713
0000633603240120141856013050460600
0000633613240120141857012858636585
0000633623240120141859012349959181
0000633633240120141901016203863522
0000633643240120141901020766270895
0000633653240120141901013084786584
0000633663240120141902014084176520
0000633673240120141906012129012282
0000633683240120141922017019759333
0000633693240120141937012490932707
0000633703240120141938012490932707
0000633713240120141952016587828540
0000633723240120141959013262997608
0000633733240120142001017019690724
0000633743240120142002013194415564
0000633753240120142004019033786039
0000633763250120140622010324626298
0000633773250120140629013084786584
0000633783250120140635012828524541
0000633793250120140644017005003371
0000633803250120140647012657781626
0000633813250120140648010814004021
0000633823250120140648013074487568
0000633833250120140649012313261044
0000633843250120140651012456823348
0000633853250120140652013401041583
0000633863250120140652013401041583
0000633873250120140654012992912567
0000633883250120140655012439169406
0000633893250120140656012778020561
0000633903250120140656013022098560
0000633913250120140657019033786039
0000633923250120140658019033786039
0000633933250120140658012709577544
0000633943250120140659012598219629
0000633953250120140700012434408240
0000633963250120140701012449872231
0000633973250120140701011578161210
0000633983250120140703013131637624
0000633993250120140703017044178748
0000634003250120140704019046560107
0000634013250120140704013360614770
0000634023250120140705012425256085
0000634033250120140705012147108814
0000634043250120140706012789003604
0000634053250120140706013761081773
0000634063250120140706012633725629
0000634073250120140709016587828540
0000634083250120140712016861599647
0000634093250120140714012613267560
0000634103250120140715012301197869
0000634113250120140717012260223216
0000634123250120140718012420704934
0000634133250120140726013015254676
0000634143250120140728013131425546
0000634153250120140729013366872569
0000634163250120140730010318320689
0000634173250120140730012507605539
0000634183250120140730013215730560
0000634193250120140730016868279664
0000634203250120140733012467120491
0000634213250120140735012466946566
0000634223250120140735010813776292
0000634233250120140754013222379628
0000634243250120140758021060277850
0000634253250120141828012537454741
0000634263250120141849013121615628
0000634273250120141849012477172982
0000634283250120141855012420704934
0000634293250120141859012552915800
0000634303250120141901012828524541
0000634313250120141902010324626298
0000634323250120141910016270519420
0000634333250120141911012613267560
0000634343250120141912019033786039
0000634353250120141913012598219629
0000634363250120141916013074487568
0000634373250120141920013025578628
0000634383250120141924012319737253
0000634393260120140630012319737253
0000634403260120140634012879575542
0000634413260120140637013121615628
0000634423260120140645017005003371
0000634433260120140653020766270895
0000634443260120140655012837573622
0000634453260120140655012944519621
0000634463260120140656012537586842
0000634473260120140658013761081773
0000634483260120140700012349959181
0000634493260120140700012613267560
0000634503260120140700012613267560
0000634513260120140700016270519420
0000634523260120140701012552915800
0000634533260120140701013345527560
0000634543260120140702012477246218
0000634553260120140704013287770569
0000634563260120140705013022098560
0000634573260120140705013035980542
0000634583260120140706012778020561
0000634593260120140707013153210607
0000634603260120140707013025578628
0000634613260120140708012709577544
0000634623260120140709013401041583
0000634633260120140709012490446292
0000634643260120140710012147108814
0000634653260120140710012260223216
0000634663260120140711012477172982
0000634673260120140712013262997608
0000634683260120140713012371447554
0000634693260120140715012858636585
0000634703260120140716013328784542
0000634713260120140716012765965562
0000634723260120140717010314867713
0000634733260120140717017044178748
0000634743260120140718013346657565
0000634753260120140719010814004021
0000634763260120140720013333892587
0000634773260120140720013153387302
0000634783260120140721014791971279
0000634793260120140722012439169406
0000634803260120140723012633725629
0000634813260120140726019046560107
0000634823260120140729013222379628
0000634833260120140733021060277850
0000634843260120140735013027499601
0000634853260120140737012313261044
0000634863260120140746012420704934
0000634873260120140746012386726764
0000634883260120140753012537454741
0000634893260120140817011578161210
0000634903260120140829017019690724
0000634913260120140829019025923308
0000634923260120141704013329036582
0000634933260120141827013366872569
0000634943260120141833016270519420
0000634953260120141834012456823348
0000634963260120141840010813776292
0000634973260120141853012319737253
0000634983260120141854012858636585
0000634993260120141859012434408240
0000635003260120141900013360614770
0000635013260120141902014844122270
0000635023260120141902010314867713
0000635033260120141903012349959181
0000635043260120141903020766270895
0000635053260120141906012420704934
0000635063260120141915012386726764
0000635073260120141933013262997608
0000635083260120141934013262997608
0000635093260120142101014416862276
0000635103260120142120017019690724
0000635113260120142153013346657565
0000635123270120140601014844122270
0000635133270120140619010324626298
0000635143270120140639010326418420
0000635153270120140645012313763813
0000635163270120140652016203863522
0000635173270120140652014791971279
0000635183270120140653013074487568
0000635193270120140653012598219629
0000635203270120140654018087440736
0000635213270120140655012709577544
0000635223270120140655012456823348
0000635233270120140656012386607420
0000635243270120140656012700736585
0000635253270120140656013170028587
0000635263270120140659012728154564
0000635273270120140700012357601584
0000635283270120140701013360614770
0000635293270120140702016270519420
0000635303270120140702012537586842
0000635313270120140703020765234895
0000635323270120140704013333892587
0000635333270120140704012371447554
0000635343270120140708014416862276
0000635353270120140709012837505627
0000635363270120140709012477246218
0000635373270120140710018054868788
0000635383270120140711010813776292
0000635393270120140712012765965562
0000635403270120140713012837573622
0000635413270120140713019033786039
0000635423270120140714013035980542
0000635433270120140714012425256085
0000635443270120140717013366872569
0000635453270120140720012490446292
0000635463270120140721012879575542
0000635473270120140721012944519621
0000635483270120140723012434408240
0000635493270120140723012739447541
0000635503270120140723013232273563
0000635513270120140727013343284601
0000635523270120140728013287770569
0000635533270120140736012595990588
0000635543270120140737013027499601
0000635553270120140738013329036582
0000635563270120140738012150916527
0000635573270120140738012004930936
0000635583270120140740013262997608
0000635593270120140813013345527560
0000635603270120140815013194415564
