0000357163310720131448012805882549
0000357173310720131705012150916527
0000357183310720131839012313763813
0000357193310720131840012739447541
0000357203310720131843010324626298
0000357213310720131846013084786584
0000357223310720131850013025578628
0000357233310720131852012598219629
0000357243310720131854012552915800
0000357253310720131900012514463361
0000357263310720131901010110285686
0000357273310720131901010110285686
0000357283310720131901012537454741
0000357293310720131902012420704934
0000357303310720131902012434379364
0000357313310720131903012319737253
0000357323310720131904012386726764
0000357333310720131904019046560107
0000357343310720131904012260223216
0000357353310720131905013262997608
0000357363310720131908013121615628
0000357373310720131909016270519420
0000357383310720131910012477172982
0000357393310720131918012328100750
0000357403310720131919012709577544
0000357413310720131925012283096148
0000357423310720131927012780309565
0000357433310720131927013153104467
0000357443310720131927013074487568
0000357453310720131929012608653628
0000357463310720132256013170028587
0000357473010820130552013006134620
0000357483010820130627013112078585
0000357493010820130638013121615628
0000357503010820130639012319737253
0000357513010820130640012902859602
0000357523010820130644013016465581
0000357533010820130645010314867713
0000357543010820130650012478709718
0000357553010820130650013327806623
0000357563010820130652012858636585
0000357573010820130653012349959181
0000357583010820130653013022469569
0000357593010820130655013025578628
0000357603010820130655012780309565
0000357613010820130656019013889398
0000357623010820130659010814004021
0000357633010820130659013313461580
0000357643010820130700012477172982
0000357653010820130700012552915800
0000357663010820130700012837573622
0000357673010820130702013262997608
0000357683010820130702012873551609
0000357693010820130704012425256085
0000357703010820130706010313440740
0000357713010820130706018087440736
0000357723010820130707012837505627
0000357733010820130708012147108814
0000357743010820130708016270519420
0000357753010820130709016203863522
0000357763010820130709012509551479
0000357773010820130711012395856373
0000357783010820130713012243383839
0000357793010820130713012301197869
0000357803010820130714013211004547
0000357813010820130717012434379364
0000357823010820130717012608653628
0000357833010820130717013153210607
0000357843010820130718010631084573
0000357853010820130721012672783561
0000357863010820130727012666158588
0000357873010820130727013155622600
0000357883010820130728016209910573
0000357893010820130728010326418420
0000357903010820130730019025923308
0000357913010820130732010777518071
0000357923010820130733012313763813
0000357933010820130734013084786584
0000357943010820130736013144033609
0000357953010820130736019025472497
0000357963010820130739012150916527
0000357973010820130753012739447541
0000357983010820130757013343284601
0000357993010820130800012386855181
0000358003010820130805012905269563
0000358013010820130806012728154564
0000358023010820130806013290933562
0000358033010820130809012537454741
0000358043010820130814013232273563
0000358053010820130822013153104467
0000358063010820130823017015352069
0000358073010820130830013329036582
0000362203010820130929011722716058
0000362213010820130949012670737562
0000366343010820131007013194415564
0000366353010820131021017040273738
0000366363010820131109010815119507
0000370493010820131318012456731192
0000370503010820131656011722716058
0000370513010820131716012150916527
0000370523010820131825012670737562
0000370533010820131825013329036582
0000370543010820131828013366872569
0000370553010820131834012708247605
0000370563010820131834012456823348
0000370573010820131835010318320689
0000370583010820131835012386855181
0000370593010820131839013313461580
0000370603010820131840013015254676
0000370613010820131841012804171568
0000370623010820131844010813776292
0000370633010820131847012313261044
0000370643010820131850012434408240
0000370653010820131851012858636585
0000370663010820131852013016465581
0000370673010820131853013022469569
0000370683010820131854012349959181
0000370693010820131854013360614770
0000370703010820131855012319737253
0000370713010820131900010314867713
0000370723010820131900016203863522
0000370733010820131901013343284601
0000370743010820131903016587828540
0000370753010820131903012395856373
0000370763010820131913012608653628
0000370773010820131914013153104467
0000370783010820131915016056925650
0000370793010820131955012739447541
0000370803010820132025012514463361
0000370813010820132038019036418472
0000370823020820130531019036418472
0000370833020820130557013006134620
0000370843020820130624012449872231
0000370853020820130625012666158588
0000370863020820130625010324626298
0000370873020820130632012866609745
0000370883020820130640012992912567
0000370893020820130647012454253560
0000370903020820130650010631084573
0000370913020820130651012129012282
0000370923020820130651010777518071
0000370933020820130652013131637624
0000370943020820130652013074487568
0000370953020820130653012519459656
0000370963020820130654013360614770
0000370973020820130654012598219629
0000370983020820130656019013889398
0000370993020820130700012789003604
0000371003020820130700012873551609
0000371013020820130700017040273738
0000371023020820130700010318320689
0000371033020820130700013312124564
0000371043020820130700013112078585
0000371053020820130700012381218833
0000371063020820130702012709577544
0000371073020820130702012328100750
0000371083020820130703012837505627
0000371093020820130703012420704934
0000371103020820130704013534757776
0000371113020820130704012434408240
0000371123020820130704010814004021
0000371133020820130705012434379364
0000371143020820130706012260223216
0000371153020820130707012456823348
0000371163020820130708012478709718
0000371173020820130708012708247605
0000371183020820130709012490932707
0000371193020820130710012621502581
0000371203020820130713010815119507
0000371213020820130713012804171568
0000371223020820130714012386607420
0000371233020820130714013051332568
0000371243020820130716012147108814
0000371253020820130717016587828540
0000371263020820130717013366872569
0000371273020820130718014084176520
0000371283020820130720012828524541
0000371293020820130720017019759333
0000371303020820130722012357601584
0000371313020820130727012313261044
0000371323020820130729010813776292
0000371333020820130733013153210607
0000371343020820130740019025472497
0000371353020820130741012150916527
0000371363020820130747019025923308
0000371373020820130750013153104467
0000371383020820130755017019690724
0000371393020820130800012739447541
0000371403020820130841011722716058
0000371413020820130901012608653628
0000377693020820131113019033931071
0000377723020820131126012430510164
0000377753020820131128020421048306
0000377763020820131230011722716058
0000383983020820131711012150916527
0000383993020820131728012739447541
0000384003020820131733012386855181
0000384013020820131734012670737562
0000384023020820131816013084786584
0000384033020820131841012552915800
0000384043020820131842013262997608
0000384053020820131845014084176520
0000384063020820131852019033931071
0000384073020820131854013025578628
0000384083020820131855014384290272
0000384093020820131856012129012282
0000384103020820131903012420704934
0000384113020820131903016270519420
0000384123020820131904012598219629
0000384133020820131904012780309565
0000384143020820131904012328100750
0000384153020820131905012477172982
0000384163020820131905012490932707
0000384173020820131908013121615628
0000384183020820131909017019759333
0000384193020820131911010324626298
0000384203020820131911012537454741
0000384213020820131913012709577544
0000384223020820131915012357601584
0000384233020820131918017011313425
0000384243020820131939013074487568
0000384253020820131947012592635604
0000384263020820131952017019690724
0000384273020820131952013153104467
0000384283020820132002017011313425
0000384293020820132251013121615628
0000384303030820130609012467120491
0000384313030820130617013726012809
0000384323030820130618013084786584
0000384333030820130639012646483297
0000384343030820130640012477172982
0000384353030820130644012709577544
0000384363030820130647012507605539
0000384373030820130647012646806568
0000384383030820130650013016465581
0000384393030820130652010314867713
0000384403030820130653012292626227
0000384413030820130654012552915800
0000384423030820130657012349959181
0000384433030820130657013215730560
0000384443030820130659012992912567
0000384453030820130700012420704934
0000384463030820130700013262997608
0000384473030820130700012778020561
0000384483030820130701016270519420
0000384493030820130701012789003604
0000384503030820130701013131637624
0000384513030820130702013333892587
0000384523030820130702012780309565
0000384533030820130704012301197869
0000384543030820130705016861599647
0000384553030820130706012449872231
0000384563030820130707012621502581
0000384573030820130708013022469569
0000384583030820130709013022098560
0000384593030820130709012858636585
0000384603030820130710012613267560
0000384613030820130710013131425546
0000384623030820130714012434379364
0000384633030820130714011578161210
0000384643030820130714012866609745
0000384653030820130715012381218833
0000384663030820130716013025578628
0000384673030820130718013534757776
0000384683030820130719012828524541
0000384693030820130719012519459656
0000384703030820130720019025923308
0000384713030820130720012466946566
0000384723030820130720012386607420
0000384733030820130722012454253560
0000384743030820130725012437791118
0000384753030820130726012430510164
0000384763030820130726020421048306
0000384773030820130733012592635604
0000384783030820130734014384290272
0000384793030820130737013051332568
0000384803030820130743013194415564
0000384813030820130756013290933562
0000384823030820130845021060277850
0000384833030820131815016587828540
0000384843030820131828010318320689
0000384853030820131830016203863522
0000384863030820131831013194415564
0000384873030820131834012456823348
0000384883030820131844013366872569
0000384893030820131846013366872569
0000384903030820131849012349959181
0000384913030820131849012420704934
0000384923030820131849010314867713
0000384933030820131852013016465581
0000384943030820131854010813776292
0000384953030820131855012434408240
0000384963030820131856013022469569
0000384973030820131907012709577544
0000384983030820131911012858636585
0000384993030820131930012708247605
0000385003030820132026014384290272
0000385013040820130600012467120491
0000385023040820130624012319737253
0000385033040820130624012319737253
0000385043040820130634012646483297
0000385053040820130638012664090544
0000385063040820130639013074487568
0000385073040820130640010324626298
0000385083040820130646018054868788
0000385093040820130647012210252778
0000385103040820130648012813849091
0000385113040820130649021060015201
0000385123040820130649012313261044
0000385133040820130649012837573622
0000385143040820130649013761081773
0000385153040820130650013345527560
0000385163040820130652012260223216
0000385173040820130657012537586842
0000385183040820130700012708247605
0000385193040820130700013333892587
0000385203040820130703012147108814
0000385213040820130703012598219629
0000385223040820130704012328100750
0000385233040820130704012357601584
0000385243040820130704013366872569
0000385253040820130704013215730560
0000385263040820130705012456823348
0000385273040820130705012292626227
0000385283040820130707010813776292
0000385293040820130708011578161210
0000385303040820130709021060277850
0000385313040820130709019025923308
0000385323040820130711013328784542
0000385333040820130712012437791118
0000385343040820130714013131425546
0000385353040820130714012613267560
0000385363040820130714012466946566
0000385373040820130714016861599647
0000385383040820130715012646806568
0000385393040820130715010318320689
0000385403040820130717012778020561
0000385413040820130719013726012809
0000385423040820130719013022098560
0000385433040820130719012507605539
0000385443040820130719012301197869
0000385453040820130720012434408240
0000385463040820130727012386726764
0000385473040820130732013290933562
0000385483040820130738013222379628
0000385493040820130741013349813622
0000385503040820130829012283096148
0000385513040820130845014416862276
0000385523040820131140019046560107
0000385533040820131425012765965562
0000385543040820131836013153210607
0000385553040820131841012477172982
0000385563040820131848013025578628
0000385573040820131850016270519420
0000385583040820131853012537454741
0000385593040820131856012386726764
0000385603040820131857012828524541
0000385613040820131859012552915800
0000385623040820131900013074487568
0000385633040820131901012395856373
0000385643040820131902013121615628
0000385653040820131903013262997608
0000385663040820131904012210252778
0000385673040820131905017005003371
0000385683040820131905016203863522
0000385693040820131905012633725629
0000385703040820131906012357601584
0000385713040820131906012319737253
0000385723040820131907012328100750
0000385733040820131907012147108814
0000385743040820131909012283096148
0000385753040820131909012283096148
0000385763040820131911010324626298
0000385773040820131917012598219629
0000385783040820131921011660532315
0000385793040820131928016893540265
0000385803040820131932011619085695
0000385813040820131941012313261044
0000385823040820132031011970643336
0000385833050820130607013035980542
0000385843050820130625020193026753
0000385853050820130648012700736585
0000385863050820130648013170028587
0000385873050820130649012552915800
0000385883050820130649010314867713
0000385893050820130651012260223216
0000385903050820130653012858636585
0000385913050820130654012425256085
0000385923050820130655013022469569
0000385933050820130657013287770569
0000385943050820130659012395856373
0000385953050820130659013329036582
0000385963050820130659014791971279
0000385973050820130700012765965562
0000385983050820130701013345527560
0000385993050820130703013025578628
0000386003050820130703013262997608
0000386013050820130704012837505627
0000386023050820130704012477246218
0000386033050820130704013194415564
0000386043050820130704013222379628
0000386053050820130705013121615628
0000386063050820130705016270519420
0000386073050820130706012381218833
0000386083050820130706013346657565
0000386093050820130707021060015201
0000386103050820130707016203863522
0000386113050820130707012349959181
0000386123050820130707012595990588
0000386133050820130709012477172982
0000386143050820130709012837573622
0000386153050820130709013153210607
0000386163050820130710017005003371
0000386173050820130712013016465581
0000386183050820130713012319737253
0000386193050820130713012129012282
0000386203050820130713012664090544
0000386213050820130714013761081773
0000386223050820130716012633725629
0000386233050820130718012969445621
0000386243050820130721012150916527
0000386253050820130722018054868788
0000386263050820130722012813849091
0000386273050820130723012666158588
0000386283050820130727012537454741
0000386293050820130732012537586842
0000386303050820130739012439169406
0000386313050820130739019046560107
0000386323050820130740011970643336
0000386333050820130740013343284601
0000386343050820130740019033786039
0000386353050820130742013027499601
0000386363050820130743010313440740
0000386373050820130749013153104467
0000386383050820130752014416862276
0000386393050820130802012386855181
0000386403050820130829011722716058
0000386413050820130926012608653628
0000386423050820130944012004930936
0000386433050820131011012496829282
0000390583050820131204011722716058
0000390593050820131205011722716058
0000392673050820131251012439169406
0000392683050820131733012004930936
0000392693050820131748012386855181
0000392703050820131802012670737562
0000392713050820131833010318320689
0000392723050820131835012708247605
0000392733050820131843012456823348
0000392743050820131844015783929275
0000392753050820131844010813776292
0000392763050820131850013366872569
0000392773050820131851012425256085
0000392783050820131852012425256085
0000392793050820131852013084786584
0000392803050820131853012858636585
0000392813050820131855012879575542
0000392823050820131856012371447554
0000392833050820131856013016465581
0000392843050820131858013022469569
0000392853050820131859012129012282
0000392863050820131900012319737253
0000392873050820131900013366872569
0000392883050820131903013360614770
0000392893050820131903012608653628
0000392903050820131904012490446292
0000392913050820131904013153104467
0000392923050820131904016203863522
0000392933050820131905012349959181
0000392943050820131905013312124564
0000392953050820131907010314867713
0000392963050820131907013170028587
0000392973050820131911016587828540
0000392983050820131912019033786039
0000392993050820131920012434408240
0000393003050820131923013194415564
0000393013050820131924013343284601
0000393023050820132010012804171568
0000393033050820132013014844122270
0000393043060820130523012496829282
0000393053060820130621012969445621
0000393063060820130625010324626298
0000393073060820130625013726012809
0000393083060820130630013360614770
0000393093060820130640012944519621
0000393103060820130640012456772298
0000393113060820130646012598219629
0000393123060820130649013170028587
0000393133060820130649012062693674
0000393143060820130651013074487568
0000393153060820130652015783929275
0000393163060820130652015783929275
0000393173060820130655012672783561
0000393183060820130655012700736585
0000393193060820130657018087440736
0000393203060820130657016209910573
0000393213060820130658012709577544
0000393223060820130658013302245563
0000393233060820130659012328100750
0000393243060820130659012708247605
0000393253060820130700013084786584
0000393263060820130700013155622600
0000393273060820130700012357601584
0000393283060820130700011390382901
0000393293060820130701013211004547
0000393303060820130702012425256085
0000393313060820130705012837505627
0000393323060820130706014844122270
0000393333060820130707012386607420
0000393343060820130708013366872569
0000393353060820130708013015254676
0000393363060820130709012434408240
0000393373060820130710012595990588
0000393383060820130710016587828540
0000393393060820130711012804171568
0000393403060820130711010318320689
0000393413060820130711010813776292
0000393423060820130713013401041583
0000393433060820130713012456823348
0000393443060820130714013144033609
0000393453060820130715016877092610
0000393463060820130715012420704934
0000393473060820130717012371447554
0000393483060820130717013232273563
0000393493060820130719013027499601
0000393503060820130720013287770569
0000393513060820130721012490446292
0000393523060820130721013346657565
0000393533060820130726012150916527
0000393543060820130726012283096148
0000393553060820130728012381218833
0000393563060820130729012879575542
0000393573060820130734012477246218
0000393583060820130739012507644070
0000393593060820130739012507644070
0000393603060820130757013153104467
0000393613060820130808012608653628
0000393623060820130810011722716058
0000393633060820130846012739447541
0000393643060820130852012670737562
0000393653060820131207011722716058
0000393663060820131714012150916527
0000393673060820131724012386855181
0000393683060820131739012739447541
0000393693060820131750012670737562
0000393703060820131824012537454741
0000393713060820131830012552915800
0000393723060820131832012879575542
0000393733060820131837013302245563
0000393743060820131851012456772298
0000393753060820131851019013900464
0000393763060820131855013025578628
0000393773060820131856012598219629
0000393783060820131901015783929275
0000393793060820131901012283096148
0000393803060820131902013262997608
0000393813060820131903012420704934
0000393823060820131905014384290272
0000393833060820131906012328100750
0000393843060820131907012477172982
0000393853060820131910010324626298
0000393863060820131911012709577544
0000393873060820131912016270519420
0000393883060820131912012425256085
0000393893060820131913021060015201
0000393903060820131914012780309565
0000393913060820131918010631084573
0000393923060820131924013121615628
0000393933060820131924012386726764
0000393943060820131927012608653628
0000393953060820131928018087440736
0000393963060820131945012357601584
0000393973060820132032012514463361
0000393983070820130612012319737253
0000393993070820130635012313763813
0000394003070820130636012902859602
0000394013070820130637010314867713
0000394023070820130638013112078585
0000394033070820130646012062693674
0000394043070820130648013016465581
0000394053070820130648012732485294
0000394063070820130648010631084573
0000394073070820130651012147108814
0000394083070820130651012858636585
0000394093070820130652012780309565
0000394103070820130652012349959181
0000394113070820130652012349959181
0000394123070820130657013006134620
0000394133070820130657013333892587
0000394143070820130658013025578628
0000394153070820130659012386726764
0000394163070820130659021060015201
0000394173070820130700013194415564
0000394183070820130700013022469569
0000394193070820130702013262997608
0000394203070820130703012509551479
0000394213070820130703013327806623
0000394223070820130703019013900464
0000394233070820130704012537454741
0000394243070820130704012552915800
0000394253070820130705012873551609
0000394263070820130705012477172982
0000394273070820130707012879575542
0000394283070820130713016270519420
0000394293070820130713012944519621
0000394303070820130714010110285686
0000394313070820130714012666158588
0000394323070820130714012592635604
0000394333070820130715013401041583
0000394343070820130718013170028587
0000394353070820130718016877092610
0000394363070820130719013121615628
0000394373070820130719013015254676
0000394383070820130720011390382901
0000394393070820130720013144033609
0000394403070820130720012386726764
0000394413070820130721012420704934
0000394423070820130721013726012809
0000394433070820130722016209910573
0000394443070820130722010777518071
0000394453070820130723019025923308
0000394463070820130725012243383839
0000394473070820130726012386607420
0000394483070820130733012395856373
0000394493070820130733019025472497
0000394503070820130735012150916527
0000394513070820130736014384290272
0000394523070820130737012891763566
0000394533070820130738012514463361
0000394543070820130738012514463361
0000394553070820130738013155622600
0000394563070820130741012507644070
0000394573070820130802012283096148
0000394583070820130806013153104467
0000394593070820130826012739447541
0000394603070820130837012386855181
0000394613070820130848012608653628
0000394623070820130910012670737562
0000394633070820130944011722716058
0000394643070820131220011722716058
0000396723070820131701013016465581
0000396733070820131734012386855181
0000396743070820131735012150916527
0000396753070820131747012739447541
0000396763070820131805012670737562
0000396773070820131823012608653628
0000396783070820131830012313261044
0000396793070820131830013366872569
0000396803070820131833012837573622
0000396813070820131838012456823348
0000396823070820131839010318320689
0000396833070820131840012708247605
0000396843070820131852013333892587
0000396853070820131853013022469569
0000396863070820131854012349959181
0000396873070820131855012858636585
0000396883070820131856010314867713
0000396893070820131856012804171568
0000396903070820131857012386726764
0000396913070820131900012319737253
0000396923070820131900013006134620
0000396933070820131900016587828540
0000396943070820131900012434408240
0000396953070820131901012319737253
0000396963070820131901013084786584
0000396973070820131902010110285686
0000396983070820131904012420704934
0000396993070820131919013153210607
0000397003070820131930013194415564
0000397013070820131934012592635604
0000397023070820131956013360614770
0000397033070820131957012283096148
0000397043080820130632010324626298
0000397053080820130633012430510164
0000397063080820130634012805882549
0000397073080820130643012519459656
0000397083080820130645012992912567
0000397093080820130645012866609745
0000397103080820130646012243383839
0000397113080820130649013074487568
0000397123080820130651020421048306
0000397133080820130651013006134620
0000397143080820130654018054868788
0000397153080820130656012598219629
0000397163080820130658019013889398
0000397173080820130658012328100750
0000397183080820130659012210252778
0000397193080820130700012319737253
0000397203080820130700012709577544
0000397213080820130701012828524541
0000397223080820130701012357601584
0000397233080820130702012313261044
0000397243080820130703013051332568
0000397253080820130705010318320689
0000397263080820130705010777518071
0000397273080820130705012147108814
0000397283080820130706012708247605
0000397293080820130706013360614770
0000397303080820130706012621502581
0000397313080820130706012873551609
0000397323080820130707012837505627
0000397333080820130707012381218833
0000397343080820130708016203863522
0000397353080820130709012456823348
0000397363080820130709016587828540
0000397373080820130710012313763813
0000397383080820130712012592635604
0000397393080820130712013366872569
0000397403080820130713012732485294
0000397413080820130714012454253560
0000397423080820130717013084786584
0000397433080820130717012804171568
0000397443080820130718012150916527
0000397453080820130719010631084573
0000397463080820130722013112078585
0000397473080820130723019025923308
0000397483080820130723012434408240
0000397493080820130728012509551479
0000397503080820130741013153210607
0000397513080820130757013343284601
0000397523080820130758013153104467
0000397533080820130809017015352069
0000397543080820130811012260223216
0000397553080820130814013290933562
0000397563080820130821012670737562
0000397573080820130821012666158588
0000397583080820130821012386855181
0000397593080820130831012608653628
0000397603080820130908012739447541
0000399683080820130951012905269563
0000405903080820131029017040273738
0000410053080820131051010815119507
0000410063080820131105010313440740
0000410073080820131711012150916527
0000410083080820131738012670737562
0000410093080820131757012739447541
0000410103080820131844012537454741
0000410113080820131845019013900464
0000410123080820131850013262997608
0000410133080820131851012552915800
0000410143080820131855013006134620
0000410153080820131856012780309565
0000410163080820131857013025578628
0000410173080820131858013153210607
0000410183080820131859012477172982
0000410193080820131900012598219629
0000410203080820131901012805882549
0000410213080820131901013343284601
0000410223080820131902016203863522
0000410233080820131903013534757776
0000410243080820131906016270519420
0000410253080820131907012434379364
0000410263080820131908010324626298
0000410273080820131912012328100750
0000410283080820131912012709577544
0000410293080820131914012592635604
0000410303080820131923012210252778
0000410313080820131925016056925650
0000410323080820132001013121615628
0000410333080820132050019036418472
0000410343090820130453019036418472
0000410353090820130551012646806568
0000410363090820130605012467120491
0000410373090820130635012646483297
0000410383090820130640016203863522
0000410393090820130642012664090544
0000410403090820130646010314867713
0000410413090820130648010631084573
0000410423090820130649012728154564
0000410433090820130650012519459656
0000410443090820130650012866609745
0000410453090820130652013131637624
0000410463090820130652012449872231
0000410473090820130652013215730560
0000410483090820130653013016465581
0000410493090820130653012858636585
0000410503090820130655012381218833
0000410513090820130655012789003604
0000410523090820130657012828524541
0000410533090820130658012507605539
0000410543090820130658016861599647
0000410553090820130658019025923308
0000410563090820130659012780309565
0000410573090820130700012552915800
0000410583090820130700012349959181
0000410593090820130701019013889398
0000410603090820130701013290933562
0000410613090820130703016868279664
0000410623090820130703012621502581
0000410633090820130703012430510164
0000410643090820130704020421048306
0000410653090820130704013022469569
0000410663090820130705013194415564
0000410673090820130705018054868788
0000410683090820130706012129012282
0000410693090820130708012477172982
0000410703090820130709019013900464
0000410713090820130710013025578628
0000410723090820130710013262997608
0000410733090820130710013051332568
0000410743090820130710016270519420
0000410753090820130710013131425546
0000410763090820130711012613267560
0000410773090820130712012466946566
0000410783090820130714019033931071
0000410793090820130714013534757776
0000410803090820130715012434379364
0000410813090820130717010815119507
0000410823090820130719012319737253
0000410833090820130722012992912567
0000410843090820130722012150916527
0000410853090820130722017019759333
0000410863090820130723012437791118
0000410873090820130729014084176520
0000410883090820130729013153210607
0000410893090820130731012292626227
0000410903090820130733017040273738
0000410913090820130753017019690724
0000410923090820130755013121615628
0000410933090820130801012537454741
0000410943090820130808013153104467
0000410953090820130839011722716058
0000410963090820130908012739447541
0000410973090820131245011722716058
0000410983090820131713012150916527
0000410993090820131717012739447541
0000411003090820131805012708247605
0000411013090820131819012456823348
0000411023090820131829013366872569
0000411033090820131842013084786584
0000411043090820131845010318320689
0000411053090820131847014084176520
0000411063090820131847014084176520
0000411073090820131852010813776292
0000411083090820131852013016465581
0000411093090820131854013360614770
0000411103090820131854012434408240
0000411113090820131855014384290272
0000411123090820131859012129012282
0000411133090820131859012349959181
0000411143090820131900012858636585
0000411153090820131900012319737253
0000411163090820131900013022469569
0000411173090820131901010314867713
0000411183090820131901019033931071
0000411193090820131906017019759333
0000411203090820131907013153104467
0000411213090820131916016203863522
0000411223090820131921016587828540
0000411233090820131925017019690724
0000411243090820131926013194415564
0000411253100820130627013084786584
0000411263100820130628012813849091
0000411273100820130630017005003371
0000411283100820130634012664090544
0000411293100820130636010324626298
0000411303100820130642012313763813
0000411313100820130646012709577544
0000411323100820130648012439169406
0000411333100820130649021060015201
0000411343100820130649012456823348
0000411353100820130650010814004021
0000411363100820130652013401041583
0000411373100820130653012328100750
0000411383100820130654017044178748
0000411393100820130655012467120491
0000411403100820130655012467120491
0000411413100820130656012805882549
0000411423100820130657012313261044
0000411433100820130657013761081773
0000411443100820130700012789003604
0000411453100820130700012789003604
0000411463100820130700010318320689
0000411473100820130700010318320689
0000411483100820130701013360614770
0000411493100820130701012633725629
0000411503100820130702013333892587
0000411513100820130702012646483297
0000411523100820130703012301197869
0000411533100820130703013131637624
0000411543100820130704012466946566
0000411553100820130705010813776292
0000411563100820130706012449872231
0000411573100820130706012728154564
0000411583100820130707012765965562
0000411593100820130708011970643336
0000411603100820130709013022098560
0000411613100820130711012434408240
0000411623100820130713012292626227
0000411633100820130713012613267560
0000411643100820130713013131425546
0000411653100820130713013215730560
0000411663100820130714012437791118
0000411673100820130715013366872569
0000411683100820130717012646806568
0000411693100820130722016861599647
0000411703100820130723012708247605
0000411713100820130726016868279664
0000411723100820130729012357601584
0000411733100820130731016587828540
0000411743100820130731016587828540
0000411753100820130732012507605539
0000411763100820130733013313461580
0000411773100820130734011578161210
0000411783100820130812013290933562
0000411793100820131637010814004021
0000411803100820131845019046560107
0000411813100820131851013025578628
0000411823100820131854012313763813
0000411833100820131857016270519420
0000411843100820131858013262997608
0000411853100820131859012805882549
0000411863100820131900012780309565
0000411873100820131901012709577544
0000411883100820131903010318320689
0000411893100820131903010324626298
0000411903100820131903012552915800
0000411913100820131904012328100750
0000411923100820131906012357601584
0000411933100820131908016587828540
0000411943100820131932012319737253
0000411953100820132020012537454741
0000411963110820130611012708247605
0000411973110820130629012879575542
0000411983110820130629014791971279
0000411993110820130643012944519621
0000412003110820130643017005003371
0000412013110820130649012456772298
0000412023110820130649013287770569
0000412033110820130651012552915800
0000412043110820130652012780309565
0000412053110820130653021060015201
0000412063110820130654012477246218
0000412073110820130655012349959181
0000412083110820130658013022469569
0000412093110820130700013262997608
0000412103110820130700013025578628
0000412113110820130700013290933562
0000412123110820130700019046560107
0000412133110820130700019046560107
0000412143110820130700011970643336
0000412153110820130700012765965562
0000412163110820130701012537586842
0000412173110820130701012301197869
0000412183110820130704012633725629
0000412193110820130706012319737253
0000412203110820130706012319737253
0000412213110820130707013022098560
0000412223110820130708012813849091
0000412233110820130709013761081773
0000412243110820130709013346657565
0000412253110820130710016270519420
0000412263110820130710013401041583
0000412273110820130710013345527560
0000412283110820130711017044178748
0000412293110820130711012386726764
0000412303110820130714013329036582
0000412313110820130715013153210607
0000412323110820130715014384290272
0000412333110820130715011578161210
0000412343110820130715012858636585
0000412353110820130716010314867713
0000412363110820130718013333892587
0000412373110820130728013194415564
0000412383110820130731012371447554
0000412393110820130739017019690724
0000412403110820130740012439169406
0000412413110820130742013313461580
0000412423110820130746012313261044
0000412433110820130746013027499601
0000412443110820130747013349813622
0000412453110820130753012969445621
0000412463110820130840012283096148
0000412473110820130918014416862276
0000412483110820131141019046560107
0000412493110820131633012778020561
0000412503110820131823010318320689
0000412513110820131830012456823348
0000412523110820131840013366872569
0000412533110820131848012837573622
0000412543110820131852012434408240
0000412553110820131855010813776292
0000412563110820131857013360614770
0000412573110820131900012349959181
0000412583110820131901012456772298
0000412593110820131901012708247605
0000412603110820131902012708247605
0000412613110820131902012319737253
0000412623110820131903010314867713
0000412633110820131905013022469569
0000412643110820131906012386726764
0000412653110820131912012858636585
0000412663110820131912012283096148
0000412673110820131912012283096148
0000412683110820131927017019690724
0000412693110820131929017019690724
0000412703110820131930011619085695
0000412713110820131930011660532315
0000412723110820131931021060015201
0000412733110820131954013194415564
0000412743110820131954013194415564
0000412753110820132042016893540265
0000412763120820130559010324626298
0000412773120820130602011970643336
0000412783120820130626010326418420
0000412793120820130632013153210607
0000412803120820130648016203863522
0000412813120820130648018054868788
0000412823120820130650012598219629
0000412833120820130652018087440736
0000412843120820130652012700736585
0000412853120820130652012709577544
0000412863120820130652013170028587
0000412873120820130653012313763813
0000412883120820130653012129012282
0000412893120820130657012357601584
0000412903120820130657013360614770
0000412913120820130658013074487568
0000412923120820130658012805882549
0000412933120820130659012672783561
0000412943120820130700012778020561
0000412953120820130700012371447554
0000412963120820130701012969445621
0000412973120820130703012837573622
0000412983120820130704012425256085
0000412993120820130705012456823348
0000413003120820130706010318320689
0000413013120820130707012595990588
0000413023120820130711020193026753
0000413033120820130712012837505627
0000413043120820130712010813776292
0000413053120820130712013366872569
0000413063120820130713012434408240
0000413073120820130713012708247605
0000413083120820130714013232273563
0000413093120820130715012728154564
0000413103120820130717012386607420
0000413113120820130718013027499601
0000413123120820130726012944519621
0000413133120820130727012150916527
0000413143120820130729013346657565
0000413153120820130731012477246218
0000413163120820130732013287770569
0000413173120820130739012004930936
0000413183120820130740013144033609
0000413193120820130742013345527560
0000413203120820130744014416862276
0000413213120820130751012386855181
0000413223120820130753013343284601
0000413233120820130755019033786039
0000413243120820130757013153104467
0000413253120820130758013155622600
0000413263120820130759012537586842
0000413273120820130806021060015201
0000413283120820130817010313440740
0000413293120820130818011722716058
0000413303120820130845012608653628
0000413313120820130859012670737562
0000413323120820130903010110224296
0000413333120820130922012739447541
0000413343120820130931012496829282
0000413353120820131327013329036582
0000413363120820131659012004930936
0000415443120820131718012150916527
0000415453120820131804012537454741
0000415463120820131807012129012282
0000415473120820131816012386855181
0000415483120820131818012670737562
0000415493120820131826013074487568
0000415503120820131839012739447541
0000415513120820131845013084786584
0000415523120820131852012552915800
0000415533120820131857013262997608
0000415543120820131857012780309565
0000415553120820131859013025578628
0000415563120820131901012357601584
0000415573120820131901012598219629
0000415583120820131902012328100750
0000415593120820131902016203863522
0000415603120820131903012477172982
0000415613120820131904012805882549
0000415623120820131907016270519420
0000415633120820131911012944519621
0000415643120820131913012395856373
0000415653120820131913012709577544
0000415663120820131914010324626298
0000415673120820131914019033786039
0000415683120820131918013121615628
0000415693120820131920013343284601
0000415703120820131921012386607420
0000415713120820131934014844122270
0000415723120820131935015783929275
0000415733120820131940013144033609
0000415743120820132026012425256085
0000415753130820130519012496829282
0000415763130820130624012319737253
0000415773130820130630013121615628
0000415783130820130634013112078585
0000415793130820130635013327806623
0000415803130820130635012478709718
0000415813130820130640010314867713
0000415823130820130643012456772298
0000415833130820130646010110224296
0000415843130820130647014844122270
0000415853130820130648012147108814
0000415863130820130649013016465581
0000415873130820130650012062693674
0000415883130820130652013302245563
0000415893130820130652012902859602
0000415903130820130652019046880284
0000415913130820130653012349959181
0000415923130820130653012283096148
0000415933130820130658012672783561
0000415943130820130659012780309565
0000415953130820130700012700736585
0000415963130820130700013084786584
0000415973130820130701012552915800
0000415983130820130702012858636585
0000415993130820130702013025578628
0000416003130820130703011970643336
0000416013130820130703012477172982
0000416023130820130704019025472497
0000416033130820130705018054868788
0000416043130820130706012666158588
0000416053130820130707016270519420
0000416063130820130708013262997608
0000416073130820130709010313440740
0000416083130820130709012837505627
0000416093130820130709012891763566
0000416103130820130711018087440736
0000416113130820130714013015254676
0000416123130820130714012873551609
0000416133130820130715012592635604
0000416143130820130716013155622600
0000416153130820130717013194415564
0000416163130820130720013211004547
0000416173130820130721010777518071
0000416183130820130722015783929275
0000416193130820130723015783929275
0000416203130820130729012944519621
0000416213130820130731012150916527
0000416223130820130735012595990588
0000416233130820130737012313763813
0000416243130820130740013170028587
0000416253130820130741012804171568
0000416263130820130745012507644070
0000416273130820130752012243383839
0000416283130820130756013153104467
0000416293130820130757013153104467
0000416303130820130758013153104467
0000416313130820130804012728154564
0000416323130820130821012386855181
0000416333130820130845016877092610
0000416343130820130857012608653628
0000416353130820130858019024306550
0000416363130820130911012739447541
0000416373130820130913012670737562
0000416403130820130956017056506729
0000416413130820130957012537454741
0000416423130820131723012150916527
0000416433130820131728012739447541
0000416443130820131822012456823348
0000416453130820131827012608653628
0000416463130820131833013726012809
0000416473130820131834013366872569
0000416483130820131847012434408240
0000416493130820131847012456772298
0000416503130820131848012837573622
0000416513130820131851012708247605
0000416523130820131851010813776292
0000416533130820131851010318320689
0000416543130820131855010631084573
0000416553130820131855012319737253
0000416563130820131857012349959181
0000416573130820131857017056506729
0000416583130820131858013153210607
0000416593130820131858013016465581
0000416603130820131900012858636585
0000416613130820131900010314867713
0000416623130820131901015783929275
0000416633130820131901012283096148
0000416643130820131904013360614770
0000416653130820131909014384290272
0000416663130820131920012386726764
0000416673130820131930016587828540
0000416683130820131940013194415564
0000416693130820131941012592635604
0000416703130820132031012514463361
0000416733130820132057011424881948
0000416743140820130605010324626298
0000416753140820130633020421048306
0000416763140820130637012519459656
0000416773140820130639012430510164
0000416783140820130645012866609745
0000416793140820130645012666158588
0000416803140820130645012902859602
0000416813140820130646012434379364
0000416823140820130646012319737253
0000416833140820130646012062693674
0000416843140820130650012598219629
0000416853140820130652012805882549
0000416863140820130652012709577544
0000416873140820130654012837573622
0000416883140820130654012992912567
0000416893140820130655016868279664
0000416903140820130657012328100750
0000416913140820130657012732485294
0000416923140820130657010777518071
0000416933140820130658012381218833
0000416943140820130658012621502581
0000416953140820130658010318320689
0000416963140820130658013360614770
0000416973140820130658013051332568
0000416983140820130700014384290272
0000416993140820130701013312124564
0000417003140820130702012386726764
0000417013140820130702012789003604
0000417023140820130702013006134620
0000417033140820130703013534757776
0000417043140820130705013074487568
0000417053140820130705012434408240
0000417063140820130708012456823348
0000417073140820130711013366872569
0000417083140820130712012386726764
0000417093140820130712012514463361
0000417103140820130713012514463361
0000417113140820130713010110285686
0000417123140820130714013112078585
0000417133140820130715016203863522
0000417143140820130716013327806623
0000417153140820130717012804171568
0000417163140820130717012873551609
0000417173140820130720012386607420
0000417183140820130720012150916527
0000417193140820130722010631084573
0000417203140820130724012456731192
0000417213140820130724012478709718
0000417223140820130725010813776292
0000417233140820130726013153210607
0000417243140820130726012708247605
0000417253140820130727016587828540
0000417263140820130727019024306550
0000417273140820130727013321610603
0000417283140820130727012243383839
0000417293140820130728019025472497
0000417303140820130729012828524541
0000417313140820130731012507644070
0000417323140820130734012260223216
0000417333140820130737012891763566
0000417343140820130737012283096148
0000417353140820130742013015254676
0000417363140820130742013726012809
0000417373140820130750013153104467
0000417383140820130751016877092610
0000417393140820130752012147108814
0000417403140820130818012386855181
0000417413140820130819012608653628
0000417423140820130838012739447541
0000425723140820131208011722716058
0000425753140820131215020313925369
0000425763140820131631011722716058
0000425773140820131732012150916527
0000425783140820131734012386855181
0000425793140820131801012537454741
0000425803140820131828012481461608
0000425813140820131834013084786584
0000425823140820131837012739447541
0000425833140820131838012552915800
0000425843140820131854013025578628
0000425853140820131854012598219629
0000425863140820131857012837573622
0000425873140820131857013006134620
0000425883140820131857013262997608
0000425893140820131858012780309565
0000425903140820131859012210252778
0000425913140820131900012283096148
0000425923140820131903012805882549
0000425933140820131903012319737253
0000425943140820131905016203863522
0000425953140820131905012709577544
0000425963140820131905012328100750
0000425973140820131905010110285686
0000425983140820131906012386726764
0000425993140820131908010324626298
0000426003140820131914016270519420
0000426013140820131916012477172982
0000426023140820131926013121615628
0000426033140820131927013312124564
0000426043140820132001012608653628
0000426053150820130610012467120491
0000426063150820130618012646806568
0000426073150820130626012646483297
0000426083150820130632012664090544
0000426093150820130637012319737253
0000426103150820130639013016465581
0000426113150820130642019013889398
0000426123150820130648010314867713
0000426133150820130652012780309565
0000426143150820130652016203863522
0000426153150820130652013022469569
0000426163150820130652013215730560
0000426173150820130655016868279664
0000426183150820130656012507605539
0000426193150820130657016861599647
0000426203150820130657016868279664
0000426213150820130657012292626227
0000426223150820130658012519459656
0000426233150820130659012621502581
0000426243150820130700012837573622
0000426253150820130700012552915800
0000426263150820130701012430510164
0000426273150820130701020421048306
0000426283150820130702013006134620
0000426293150820130702016270519420
0000426303150820130702012858636585
0000426313150820130702012349959181
0000426323150820130703012386607420
0000426333150820130703013321610603
0000426343150820130704013025578628
0000426353150820130704012210252778
0000426363150820130705012748967625
0000426373150820130705012425256085
0000426383150820130706013131425546
0000426393150820130706012613267560
0000426403150820130711013051332568
0000426413150820130711013262997608
0000426423150820130714012992912567
0000426433150820130716010313440740
0000426443150820130719012434379364
0000426453150820130720012260223216
0000426463150820130720012481461608
0000426473150820130720012477172982
0000426483150820130721019025923308
0000426493150820130724012789003604
0000426503150820130724013084786584
0000426513150820130725012866609745
0000426523150820130725012150916527
0000426533150820130728013534757776
0000426543150820130729012732485294
0000426553150820130729012732485294
0000426563150820130732010631084573
0000426573150820130735013194415564
0000426583150820130738012381218833
0000426593150820130743012537454741
0000426603150820130744013121615628
0000426613150820130744012608653628
0000426623150820130756012828524541
0000426633150820130804013290933562
0000426643150820130807013343284601
0000426653150820130810012437791118
0000426663150820130811011722716058
0000426673150820130822012386855181
0000426683150820130822013153104467
0000426693150820130849012739447541
0000426703150820130901012670737562
0000426713150820130908017040273738
0000426723150820131011012905269563
0000426733150820131042010815119507
0000426743150820131246011722716058
0000428823150820131722012150916527
0000428833150820131723012739447541
0000428843150820131734012386855181
0000428853150820131805012670737562
0000428863150820131808012608653628
0000428873150820131809013153104467
0000428883150820131824010318320689
0000428893150820131843013366872569
0000428903150820131845010813776292
0000428913150820131847012456823348
0000428923150820131849013360614770
0000428933150820131852012434408240
0000428943150820131857012708247605
0000428953150820131900013016465581
0000428963150820131901010314867713
0000428973150820131903013022469569
0000428983150820131903012319737253
0000428993150820131903012858636585
0000429003150820131903016203863522
0000429013150820131904012349959181
0000429023150820131906013343284601
0000429033150820131908016587828540
0000429043150820131913012592635604
0000429053150820131923013153210607
0000429063150820131925013726012809
0000429073150820131932013194415564
0000429083150820131937016868279664
0000429093150820131948012425256085
0000429103150820132044012514463361
0000429113150820132052019036418472
0000429123150820132120016056925650
0000429133160820130434019036418472
0000429143160820130619012646483297
0000429153160820130622010318320689
0000429163160820130624010324626298
0000429173160820130629012449872231
0000429183160820130637012813849091
0000429193160820130642019046560107
0000429203160820130642013170028587
0000429213160820130645012598219629
0000429223160820130647012866609745
0000429233160820130648012129012282
0000429243160820130648012439169406
0000429253160820130649017044178748
0000429263160820130650012313261044
0000429273160820130652012490932707
0000429283160820130653010631084573
0000429293160820130654013131637624
0000429303160820130655012357601584
0000429313160820130656012328100750
0000429323160820130657019013889398
0000429333160820130657010814004021
0000429343160820130658010814004021
0000429353160820130658021060015201
0000429363160820130659021060015201
0000429373160820130659021060015201
0000429383160820130659013211004547
0000429393160820130700013215730560
0000429403160820130700013290933562
0000429413160820130702012509551479
0000429423160820130702012664090544
0000429433160820130702013360614770
0000429443160820130703011390382901
0000429453160820130703010813776292
0000429463160820130704013074487568
0000429473160820130705016587828540
0000429483160820130706012514463361
0000429493160820130706012434408240
0000429503160820130707012437791118
0000429513160820130708012633725629
0000429523160820130708013761081773
0000429533160820130709013726012809
0000429543160820130709019033931071
0000429553160820130709010815119507
0000429563160820130710016861599647
0000429573160820130710016861599647
0000429583160820130711016861599647
0000429593160820130711012646806568
0000429603160820130715012456823348
0000429613160820130717012613267560
0000429623160820130717013366872569
0000429633160820130717013131425546
0000429643160820130722012507605539
0000429653160820130722012292626227
0000429663160820130723012150916527
0000429673160820130724017019759333
0000429683160820130725012709577544
0000429693160820130726014084176520
0000429703160820130732013153210607
0000429713160820130734012592635604
0000429723160820130748012708247605
0000429733160820130751017019690724
0000429743160820130758017005003371
0000429753160820130759011722716058
0000429763160820130818013153104467
0000429773160820130831012386855181
0000429783160820130856012670737562
0000429793160820131108013222379628
0000429803160820131247011722716058
0000429813160820131536012608653628
0000429823160820131536012739447541
0000429833160820131729012739447541
0000429843160820131804012386855181
0000429853160820131810013084786584
0000429863160820131813012670737562
0000429873160820131827013074487568
0000429883160820131828012537454741
0000429893160820131848014084176520
0000429903160820131848012129012282
0000429913160820131850012598219629
0000429923160820131851013333892587
0000429933160820131852013211004547
0000429943160820131855013015254676
0000429953160820131855014384290272
0000429963160820131855011424881948
0000429973160820131856012780309565
0000429983160820131856012552915800
0000429993160820131859012477172982
0000430003160820131859013262997608
0000430013160820131901013170028587
0000430023160820131902013025578628
0000430033160820131903019033931071
0000430043160820131903012328100750
0000430053160820131904012490932707
0000430063160820131907016270519420
0000430073160820131910017019759333
0000430083160820131916012709577544
0000430093160820131917010324626298
0000430103160820131949012608653628
0000430113160820131956013153104467
0000430123170820130615013084786584
0000430133170820130623012319737253
0000430143170820130626012477246218
0000430153170820130642013016465581
0000430163170820130644012537586842
0000430173170820130650012313763813
0000430183170820130653012778020561
0000430193170820130655013022469569
0000430203170820130657012210252778
0000430213170820130657012552915800
0000430223170820130657012780309565
0000430233170820130657013287770569
0000430243170820130658012349959181
0000430253170820130658010314867713
0000430263170820130659010814004021
0000430273170820130659012420704934
0000430283170820130700011424881948
0000430293170820130700012633725629
0000430303170820130700012490446292
0000430313170820130701013333892587
0000430323170820130701010110285686
0000430333170820130704012509551479
0000430343170820130705016270519420
0000430353170820130705013262997608
0000430363170820130705012477172982
0000430373170820130708012866609745
0000430383170820130709013025578628
0000430393170820130709013035980542
0000430403170820130709012313261044
0000430413170820130709013015254676
0000430423170820130709013222379628
0000430433170820130710012858636585
0000430443170820130711016868279664
0000430453170820130711013022098560
0000430463170820130712013761081773
0000430473170820130712017005003371
0000430483170820130714013131637624
0000430493170820130715019046560107
0000430503170820130715011390382901
0000430513170820130716012813849091
0000430523170820130717021060015201
0000430533170820130717021060015201
0000430543170820130718012969445621
0000430553170820130719013194415564
0000430563170820130720012439169406
0000430573170820130720013346657565
0000430583170820130720012371447554
0000430593170820130721012449872231
0000430603170820130721017044178748
0000430613170820130727013153210607
0000430623170820130805011578161210
0000430633170820130818021060277850
0000430643170820130830019033786039
0000430653170820130920013290933562
0000430663170820130951013027499601
0000430673170820131817013329036582
0000430683170820131834010318320689
0000430693170820131835010110285686
0000430703170820131840012858636585
0000430713170820131841013366872569
0000430723170820131842012992912567
0000430733170820131848012301197869
0000430743170820131849013360614770
0000430753170820131851016587828540
0000430763170820131857013194415564
0000430773170820131857010813776292
0000430783170820131858021060015201
0000430793170820131900013035980542
0000430803170820131901012434408240
0000430813170820131901014791971279
0000430823170820131904012420704934
0000430833170820131905013027499601
0000430843170820131905012319737253
0000430853170820131906010314867713
0000430863170820131907013022469569
0000430873170820131907012349959181
0000430883170820131914012537586842
0000430893170820131930012780309565
0000430903180820130626010324626298
0000430913180820130633012969445621
0000430923180820130641012454253560
0000430933180820130647012598219629
0000430943180820130650012357601584
0000430953180820130652012456772298
0000430963180820130652013170028587
0000430973180820130653012728154564
0000430983180820130653014384290272
0000430993180820130654012672783561
0000431003180820130655016209910573
0000431013180820130655013360614770
0000431023180820130657013346657565
0000431033180820130659013401041583
0000431043180820130700018054868788
0000431053180820130700012509551479
0000431063180820130700012709577544
0000431073180820130702010326418420
0000431083180820130703016861599647
0000431093180820130703013155622600
0000431103180820130706012490446292
0000431113180820130707013016465581
0000431123180820130707016587828540
0000431133180820130709013366872569
0000431143180820130711010813776292
0000431153180820130711012944519621
0000431163180820130712012858636585
0000431173180820130713012386726764
0000431183180820130713016868279664
0000431193180820130713012434408240
0000431203180820130715013022098560
0000431213180820130716016203863522
0000431223180820130716016868279664
0000431233180820130717012210252778
0000431243180820130718013153210607
0000431253180820130718012778020561
0000431263180820130721012371447554
0000431273180820130722013345527560
0000431283180820130722010318320689
0000431293180820130723013328784542
0000431303180820130724012992912567
0000431313180820130726013211004547
0000431323180820130727011578161210
0000431333180820130728012477246218
0000431343180820130738013144033609
0000431353180820130747013349813622
0000431363180820130759017019690724
0000431373180820130807011390382901
0000431383180820130808012328100750
0000431393180820130819012780309565
0000431403180820130919014416862276
0000431413180820131838012858636585
0000431423180820131840013262997608
0000431433180820131850012837573622
0000431443180820131850012537586842
0000431453180820131852012552915800
0000431463180820131854013015254676
0000431473180820131854013121615628
0000431483180820131855012456772298
0000431493180820131856013025578628
0000431503180820131857012357601584
0000431513180820131858021060015201
0000431523180820131859012598219629
0000431533180820131900016203863522
0000431543180820131907012386726764
0000431553180820131907013170028587
0000431563180820131908013232273563
0000431573180820131909012709577544
0000431583180820131911012477172982
0000431593180820131911010324626298
0000431603180820131915016868279664
0000431613180820131916012765965562
0000431623180820131917012301197869
0000431633180820131920012509551479
0000431643180820131936011619085695
0000431653180820131936011660532315
0000431663180820131942016270519420
0000431673180820131943017019690724
0000431683180820131950012780309565
0000431693180820131958012608653628
0000431703180820132002012328100750
0000431713180820132314012608653628
0000431723190820130626013112078585
0000431733190820130630013121615628
0000431743190820130637013360614770
0000431753190820130641012319737253
0000431763190820130651013016465581
0000431773190820130654012147108814
0000431783190820130655012700736585
0000431793190820130656013022469569
0000431803190820130657012805882549
0000431813190820130658012552915800
0000431823190820130700012780309565
0000431833190820130702013211004547
0000431843190820130702012828524541
0000431853190820130703012349959181
0000431863190820130703012837573622
0000431873190820130703010314867713
0000431883190820130706010326418420
0000431893190820130707012837505627
0000431903190820130707016270519420
0000431913190820130707012477172982
0000431923190820130708013025578628
0000431933190820130708013232273563
0000431943190820130710012873551609
0000431953190820130711018054868788
0000431963190820130711016209910573
0000431973190820130711019025472497
0000431983190820130712012595990588
0000431993190820130713011390382901
0000432003190820130714012666158588
0000432013190820130715012592635604
0000432023190820130717012129012282
0000432033190820130718013144033609
0000432043190820130721013345527560
0000432053190820130721012395856373
0000432063190820130722012150916527
0000432073190820130722012728154564
0000432083190820130724010777518071
0000432093190820130725013401041583
0000432103190820130726012454253560
0000432113190820130726016861599647
0000432123190820130726013194415564
0000432133190820130727013015254676
0000432143190820130729012765965562
0000432153190820130733014416862276
0000432163190820130734012478709718
0000432173190820130734012891763566
0000432183190820130736013155622600
0000432193190820130739012944519621
0000432203190820130740012004930936
0000432213190820130740010313440740
0000432223190820130749012537586842
0000432233190820130754013153104467
0000432243190820130754012902859602
0000432253190820130802012670737562
0000432263190820130806012608653628
0000432273190820130808013343284601
0000432283190820130822012537454741
0000432293190820130830012386855181
0000432303190820130834011722716058
0000432313190820130835019033786039
0000432323190820130836019024306550
0000432333190820130836012804171568
0000432343190820130853012739447541
0000432353190820130904010110224296
0000434473190820131004013384428543
0000436603190820131253013153387302
0000436613190820131254011722716058
0000436623190820131315012670737562
0000436633190820131709012150916527
0000436643190820131710012004930936
0000436653190820131800012386855181
0000436663190820131811012739447541
0000436673190820131834016587828540
0000436683190820131842012708247605
0000436693190820131842010318320689
0000436703190820131848012434408240
0000436713190820131848013366872569
0000436723190820131849010813776292
0000436733190820131856021060015201
0000436743190820131857013084786584
0000436753190820131900013022469569
0000436763190820131901013153210607
0000436773190820131901012349959181
0000436783190820131902012805882549
0000436793190820131902012319737253
0000436803190820131904013016465581
0000436813190820131908010314867713
0000436823190820131916013194415564
0000436833190820131920013343284601
0000436843190820131923012780309565
0000436853190820131923013153387302
0000436863190820131927019033786039
0000436873190820131927013384428543
0000436883190820131941012592635604
0000436893190820131949014844122270
0000436903190820132005015783929275
0000436913190820132029012496829282
0000436923200820130509012496829282
0000436933200820130618013153210607
0000436943200820130624012666158588
0000436953200820130626010324626298
0000436963200820130636012992912567
0000436973200820130639012430510164
0000436983200820130641012519459656
0000436993200820130645020421048306
0000437003200820130646012456772298
0000437013200820130648012434379364
0000437023200820130650019046880284
0000437033200820130651012381218833
0000437043200820130652012454253560
0000437053200820130652012357601584
0000437063200820130653012598219629
0000437073200820130653012328100750
0000437083200820130657013360614770
0000437093200820130658012313261044
0000437103200820130658010777518071
0000437113200820130658010777518071
0000437123200820130659013074487568
0000437133200820130659013074487568
0000437143200820130659012709577544
0000437153200820130700012621502581
0000437163200820130701016203863522
0000437173200820130701012700736585
0000437183200820130702012062693674
0000437193200820130703012260223216
0000437203200820130703013051332568
0000437213200820130704013534757776
0000437223200820130705010318320689
0000437233200820130705013084786584
0000437243200820130707012866609745
0000437253200820130708010313440740
0000437263200820130708012592635604
0000437273200820130709010110224296
0000437283200820130710010813776292
0000437293200820130711012595990588
0000437303200820130711012395856373
0000437313200820130712012780309565
0000437323200820130712012804171568
0000437333200820130714021060015201
0000437343200820130715012828524541
0000437353200820130715012837505627
0000437363200820130718016877092610
0000437373200820130718012873551609
0000437383200820130718013366872569
0000437393200820130719012150916527
0000437403200820130721012434408240
0000437413200820130721013015254676
0000437423200820130721016587828540
0000437433200820130726014844122270
0000437443200820130726012708247605
0000437453200820130727013302245563
0000437463200820130728017056506729
0000437473200820130732019025472497
0000437483200820130736012147108814
0000437493200820130738013153104467
0000437503200820130747012902859602
0000437513200820130747012243383839
0000437523200820130750012283096148
0000437533200820130755012386855181
0000437543200820130758012507644070
0000437553200820130841012670737562
0000437563200820130852012608653628
0000437573200820130852012739447541
0000441763200820130950015783929275
0000441773200820130950015783929275
0000441783200820131057011722716058
0000441793200820131453011722716058
0000441803200820131725012150916527
0000441813200820131747012537454741
0000441823200820131754012386855181
0000441833200820131756012670737562
0000441843200820131809013074487568
0000441853200820131817012739447541
0000441863200820131843012456772298
0000441873200820131843013262997608
0000441883200820131847012552915800
0000441893200820131850012837573622
0000441903200820131853012313261044
0000441913200820131854010631084573
0000441923200820131855012357601584
0000441933200820131858013025578628
0000441943200820131902012598219629
0000441953200820131905012328100750
0000441963200820131906013312124564
0000441973200820131906011424881948
0000441983200820131907012477172982
0000441993200820131910016270519420
0000442003200820131910016203863522
0000442013200820131911012804171568
0000442023200820131912012608653628
0000442033200820131914012709577544
0000442043200820131916013121615628
0000442053200820131917015783929275
0000442063200820131917019033786039
0000442073200820131917019033786039
0000442083200820131917012283096148
0000442093200820131917012283096148
0000442103200820131917010324626298
0000442113200820131920012386726764
0000442123200820131920013153210607
0000442133200820131921012592635604
0000442143200820132019012514463361
0000442153210820130617012664090544
0000442163210820130628013153210607
0000442173210820130634012467120491
0000442183210820130635012646806568
0000442193210820130635012646483297
0000442203210820130636012319737253
0000442213210820130642016868279664
0000442223210820130642013016465581
0000442233210820130642010314867713
0000442243210820130644012837573622
0000442253210820130646012062693674
0000442263210820130648012858636585
0000442273210820130648013215730560
0000442283210820130652012507605539
0000442293210820130652012866609745
0000442303210820130656012519459656
0000442313210820130656012386726764
0000442323210820130700013025578628
0000442333210820130700012381218833
0000442343210820130700012420704934
0000442353210820130700013022469569
0000442363210820130701012509551479
0000442373210820130702012552915800
0000442383210820130702012386726764
0000442393210820130703012477172982
0000442403210820130704012425256085
0000442413210820130704012349959181
0000442423210820130704016270519420
0000442433210820130705013262997608
0000442443210820130707011424881948
0000442453210820130707012243383839
0000442463210820130709013121615628
0000442473210820130709012992912567
0000442483210820130710013131425546
0000442493210820130710012613267560
0000442503210820130710019025923308
0000442513210820130711012621502581
0000442523210820130713012292626227
0000442533210820130714012466946566
0000442543210820130714012804171568
0000442553210820130717010110285686
0000442563210820130717012514463361
0000442573210820130717012514463361
0000442583210820130718013194415564
0000442593210820130718013051332568
0000442603210820130720013006134620
0000442613210820130723012748967625
0000442623210820130724013534757776
0000442633210820130728012437791118
0000442643210820130731016877092610
0000442653210820130735013312124564
0000442663210820130756012386855181
