0000588073291120131717013194415564
0000588083291120131720012371447554
0000588093291120131738012670737562
0000588103291120131746012608653628
0000588113291120131819013360614770
0000588123291120131824012708247605
0000588133291120131824012420704934
0000588143291120131825013366872569
0000588153291120131830011424881948
0000588163291120131843013084786584
0000588173291120131847010813776292
0000588183291120131850012858636585
0000588193291120131850012456823348
0000588203291120131854019033931071
0000588213291120131854016587828540
0000588223291120131855013153210607
0000588233291120131856012434408240
0000588243291120131856010318320689
0000588253291120131859012349959181
0000588263291120131900012490932707
0000588273291120131901019046560107
0000588283291120131903014084176520
0000588293291120131903016861599647
0000588303291120131904010314867713
0000588313291120131909012319737253
0000588323291120131916012386607420
0000588333291120131916012210252778
0000588343291120131916017019759333
0000588353291120131921013144033609
0000588363291120131930012613267560
0000588373291120131944012804171568
0000588383291120132005017019690724
0000588393291120132011012739447541
0000588403301120130551012371447554
0000588413301120130614013327806623
0000588423301120130618012866609745
0000588433301120130622012992912567
0000588443301120130628010324626298
0000588453301120130634013084786584
0000588463301120130638012519459656
0000588473301120130643013074487568
0000588483301120130646012930566584
0000588493301120130648020421048306
0000588503301120130648012621502581
0000588513301120130655012598219629
0000588523301120130656012301197869
0000588533301120130657016203863522
0000588543301120130658013022098560
0000588553301120130659012789003604
0000588563301120130659013333892587
0000588573301120130659012778020561
0000588583301120130700010813776292
0000588593301120130700012708247605
0000588603301120130700012613267560
0000588613301120130701013360614770
0000588623301120130701012357601584
0000588633301120130702012395856373
0000588643301120130703013312124564
0000588653301120130704012449872231
0000588663301120130705012873551609
0000588673301120130707013131637624
0000588683301120130708016861599647
0000588693301120130709012709577544
0000588703301120130709021060015201
0000588713301120130710013366872569
0000588723301120130710012381218833
0000588733301120130712013534757776
0000588743301120130712012260223216
0000588753301120130713010318320689
0000588763301120130716012454253560
0000588773301120130718012902859602
0000588783301120130719019025472497
0000588793301120130722013328784542
0000588803301120130722012243383839
0000588813301120130725013153210607
0000588823301120130729012147108814
0000588833301120130732012386726764
0000588843301120130735013015254676
0000588853301120130738016587828540
0000588863301120130745013027499601
0000588873301120130750011578161210
0000588883301120130751019024306550
0000588893301120130754013290933562
0000588903301120130757012434408240
0000588913301120131830013170028587
0000588923301120131840016270519420
0000588933301120131840012552915800
0000588943301120131841013262997608
0000588953301120131849013333892587
0000588963301120131851012313261044
0000588973301120131856012537454741
0000588983301120131857012930566584
0000588993301120131859012866609745
0000589003301120131900012477172982
0000589013301120131900012357601584
0000589023301120131901016203863522
0000589033301120131905012434379364
0000589043301120131906013025578628
0000589053301120131907012386726764
0000589063301120131908013121615628
0000589073301120131912012598219629
0000589083301120131916010324626298
0000589093301120131917013074487568
0000589103301120131917012709577544
0000589113301120131919013726012809
0000589123301120131922013329036582
0000589133301120131923013027499601
0000589143301120131937012381218833
0000589153301120131940021060277850
0000589163011220130617021060277850
0000589173011220130618012319737253
0000589183011220130632012456823348
0000589193011220130633012646806568
0000589203011220130642013215730560
0000589213011220130645012456772298
0000589223011220130651012879575542
0000589233011220130652012507605539
0000589243011220130653016868279664
0000589253011220130654012349959181
0000589263011220130700013022098560
0000589273011220130701013290933562
0000589283011220130701012477172982
0000589293011220130701012552915800
0000589303011220130702012454253560
0000589313011220130704012765965562
0000589323011220130704016270519420
0000589333011220130705012260223216
0000589343011220130705013025578628
0000589353011220130705012434379364
0000589363011220130705012292626227
0000589373011220130706012313261044
0000589383011220130706020421048306
0000589393011220130707013262997608
0000589403011220130707021060015201
0000589413011220130709012837505627
0000589423011220130709013153210607
0000589433011220130710012621502581
0000589443011220130712012519459656
0000589453011220130714013131425546
0000589463011220130714012613267560
0000589473011220130714013121615628
0000589483011220130717012301197869
0000589493011220130719010314867713
0000589503011220130719012646483297
0000589513011220130724017019690724
0000589523011220130724012778020561
0000589533011220130725012466946566
0000589543011220130725012537454741
0000589553011220130725013170028587
0000589563011220130730013534757776
0000589573011220130740019025923308
0000589583011220130750013329036582
0000589593011220130750012992912567
0000589603011220130800012386726764
0000589613011220130802013345527560
0000589623011220130803011578161210
0000589633011220130806019033786039
0000589643011220130838012858636585
0000589653011220131137013349813622
0000589663011220131825016587828540
0000589673011220131830012837573622
0000589683011220131836012434408240
0000589693011220131838010813776292
0000589703011220131841013366872569
0000589713011220131848010318320689
0000589723011220131851012858636585
0000589733011220131855012456772298
0000589743011220131857012319737253
0000589753011220131900016861599647
0000589763011220131901010314867713
0000589773011220131901012349959181
0000589783011220131903012386726764
0000589793011220131911013360614770
0000589803011220131914013328784542
0000589813011220131920011619085695
0000589823011220131932013153210607
0000589833011220132002017019690724
0000589843011220132004019033786039
0000589853011220132046014416862276
0000589863021220130633010324626298
0000589873021220130641013726012809
0000589883021220130642012992912567
0000589893021220130643013074487568
0000589903021220130644017044178748
0000589913021220130645012595990588
0000589923021220130646014416862276
0000589933021220130649012537586842
0000589943021220130649012930566584
0000589953021220130651019046560107
0000589963021220130653012456823348
0000589973021220130653012709577544
0000589983021220130654012598219629
0000589993021220130655012439169406
0000590003021220130658012700736585
0000590013021220130659012633725629
0000590023021220130700010814004021
0000590033021220130700013761081773
0000590043021220130700013366872569
0000590053021220130700010813776292
0000590063021220130701012646806568
0000590073021220130701013346657565
0000590083021220130702013360614770
0000590093021220130704013333892587
0000590103021220130704012765965562
0000590113021220130705012292626227
0000590123021220130705010318320689
0000590133021220130707011619085695
0000590143021220130708016203863522
0000590153021220130711012613267560
0000590163021220130713013131425546
0000590173021220130715013345527560
0000590183021220130715016861599647
0000590193021220130716012728154564
0000590203021220130716012879575542
0000590213021220130722012507605539
0000590223021220130722013215730560
0000590233021220130722012466946566
0000590243021220130724013153387302
0000590253021220130727012434408240
0000590263021220130728013222379628
0000590273021220130729012837573622
0000590283021220130730012150916527
0000590293021220130733012592635604
0000590303021220130734012004930936
0000590313021220130734016868279664
0000590323021220130735012646483297
0000590333021220130747011970643336
0000590343021220130750010313440740
0000590353021220130755019025923308
0000590363021220130756016587828540
0000590373021220130802012905269563
0000590383021220130806013343284601
0000590393021220130843012608653628
0000590403021220130855013194415564
0000590413021220130910010110224296
0000590423021220130923012739447541
0000590433021220130927017005003371
0000590443021220130932012357601584
0000590453021220130957012670737562
0000590463021220131700012150916527
0000590473021220131707012004930936
0000590483021220131743012357601584
0000590493021220131811013194415564
0000590503021220131816012537454741
0000590513021220131818012670737562
0000590523021220131818012477172982
0000590533021220131823012552915800
0000590543021220131837013262997608
0000590553021220131841013074487568
0000590563021220131848012930566584
0000590573021220131851016270519420
0000590583021220131854013084786584
0000590593021220131859012608653628
0000590603021220131900013312124564
0000590613021220131900013153387302
0000590623021220131901012905269563
0000590633021220131902013121615628
0000590643021220131905016203863522
0000590653021220131905012598219629
0000590663021220131909013343284601
0000590673021220131910013025578628
0000590683021220131912010324626298
0000590693021220131914012709577544
0000590703021220131929012739447541
0000590713021220131930012592635604
0000590723021220131950014844122270
0000590733021220132043014416862276
0000590743031220130551012319737253
0000590753031220130618012477246218
0000590763031220130624012837573622
0000590773031220130629014416862276
0000590783031220130636012062693674
0000590793031220130639012456823348
0000590803031220130641012879575542
0000590813031220130641013050460600
0000590823031220130644013025578628
0000590833031220130644010314867713
0000590843031220130644013329036582
0000590853031220130646012349959181
0000590863031220130646013121615628
0000590873031220130651012944519621
0000590883031220130659012552915800
0000590893031220130659014791971279
0000590903031220130659012490446292
0000590913031220130700013287770569
0000590923031220130700013051332568
0000590933031220130700012595990588
0000590943031220130700012477172982
0000590953031220130701012210252778
0000590963031220130701012858636585
0000590973031220130702012420704934
0000590983031220130703013761081773
0000590993031220130703013084786584
0000591003031220130705012633725629
0000591013031220130705012537586842
0000591023031220130706014844122270
0000591033031220130706016270519420
0000591043031220130707011970643336
0000591053031220130707013401041583
0000591063031220130708010814004021
0000591073031220130709010110224296
0000591083031220130709010313440740
0000591093031220130710017005003371
0000591103031220130711013262997608
0000591113031220130713012700736585
0000591123031220130716012371447554
0000591133031220130721019046560107
0000591143031220130721012992912567
0000591153031220130722017044178748
0000591163031220130725016877092610
0000591173031220130728012150916527
0000591183031220130728013312124564
0000591193031220130732012969445621
0000591203031220130732013333892587
0000591213031220130733012004930936
0000591223031220130734012439169406
0000591233031220130736013222379628
0000591243031220130737012728154564
0000591253031220130740013346657565
0000591263031220130742019025923308
0000591273031220130744013027499601
0000591283031220130814012507644070
0000591293031220130819013194415564
0000591303031220130822015783929275
0000591313031220130914012670737562
0000591323031220130931012739447541
0000591333031220131700012150916527
0000591343031220131729012670737562
0000591353031220131809013035980542
0000591363031220131812016587828540
0000591373031220131821013360614770
0000591383031220131827012420704934
0000591393031220131833013366872569
0000591403031220131844010813776292
0000591413031220131846020421048306
0000591423031220131849012004930936
0000591433031220131851010318320689
0000591443031220131856012434408240
0000591453031220131859013015254676
0000591463031220131859012319737253
0000591473031220131900012349959181
0000591483031220131900019013900464
0000591493031220131901013051332568
0000591503031220131902012858636585
0000591513031220131902010314867713
0000591523031220131904012608653628
0000591533031220131904012739447541
0000591543031220131904012456823348
0000591553031220131905012837573622
0000591563031220131906013153210607
0000591573031220131908012381218833
0000591583031220131909013194415564
0000591593031220131914012477246218
0000591603031220131924012708247605
0000591613031220132019010824705987
0000591623031220132123019046880284
0000591633041220130616012319737253
0000591643041220130628010324626298
0000591653041220130629012313763813
0000591663041220130633018054868788
0000591673041220130637012062693674
0000591683041220130644012992912567
0000591693041220130644013144033609
0000591703041220130645012930566584
0000591713041220130646012969445621
0000591723041220130648013170028587
0000591733041220130652012672783561
0000591743041220130653012709577544
0000591753041220130656018087440736
0000591763041220130657012509551479
0000591773041220130657013006134620
0000591783041220130657012598219629
0000591793041220130658013313461580
0000591803041220130659010326418420
0000591813041220130659013155622600
0000591823041220130700013211004547
0000591833041220130701013074487568
0000591843041220130701013360614770
0000591853041220130701012507644070
0000591863041220130702010813776292
0000591873041220130702012425256085
0000591883041220130702012732485294
0000591893041220130706014791971279
0000591903041220130708012708247605
0000591913041220130708016587828540
0000591923041220130709020421048306
0000591933041220130709013050460600
0000591943041220130710012420704934
0000591953041220130711013366872569
0000591963041220130712010318320689
0000591973041220130713012210252778
0000591983041220130715012381218833
0000591993041220130719019013900464
0000592003041220130719010110285686
0000592013041220130721013027499601
0000592023041220130723013329036582
0000592033041220130724012879575542
0000592043041220130729013345527560
0000592053041220130734012386726764
0000592063041220130737013232273563
0000592073041220130738012728154564
0000592083041220130745019046880284
0000592093041220130745012150916527
0000592103041220130751019025923308
0000592113041220130754013401041583
0000592123041220130840012646483297
0000592133041220130915012670737562
0000592143041220131541013194415564
0000592153041220131713013194415564
0000592163041220131825012670737562
0000592173041220131834012537454741
0000592183041220131835012837573622
0000592193041220131837011424881948
0000592203041220131839016270519420
0000592213041220131850013084786584
0000592223041220131859012386726764
0000592233041220131900013262997608
0000592243041220131901013121615628
0000592253041220131903013345527560
0000592263041220131904012598219629
0000592273041220131904013025578628
0000592283041220131905010110285686
0000592293041220131907013006134620
0000592303041220131912012552915800
0000592313041220131913012319737253
0000592323041220131913012709577544
0000592333041220131914013313461580
0000592343041220131914011390382901
0000592353041220131917012420704934
0000592363041220131919012477172982
0000592373041220131920012930566584
0000592383041220131933013074487568
0000592393041220131936010324626298
0000592403051220130626012319737253
0000592413051220130633013327806623
0000592423051220130633012456823348
0000592433051220130638012902859602
0000592443051220130645013025578628
0000592453051220130650013112078585
0000592463051220130650012349959181
0000592473051220130652013121615628
0000592483051220130657019024306550
0000592493051220130657012147108814
0000592503051220130657016203863522
0000592513051220130658012858636585
0000592523051220130659010314867713
0000592533051220130700012477172982
0000592543051220130700019013889398
0000592553051220130700012804171568
0000592563051220130701012552915800
0000592573051220130703012666158588
0000592583051220130704012873551609
0000592593051220130706013015254676
0000592603051220130707016270519420
0000592613051220130707013006134620
0000592623051220130711012395856373
0000592633051220130712013155622600
0000592643051220130714012509551479
0000592653051220130715013084786584
0000592663051220130715012608653628
0000592673051220130715012837573622
0000592683051220130716012537454741
0000592693051220130717012672783561
0000592703051220130719018087440736
0000592713051220130721018054868788
0000592723051220130721010631084573
0000592733051220130724012748967625
0000592743051220130724013262997608
0000592753051220130726016861599647
0000592763051220130729013211004547
0000592773051220130729019025472497
0000592783051220130730012992912567
0000592793051220130730012243383839
0000592803051220130733010313440740
0000592813051220130733012425256085
0000592823051220130736012728154564
0000592833051220130752012646483297
0000592843051220130757012732485294
0000592853051220130804012150916527
0000592863051220130804013343284601
0000592873051220130821012905269563
0000592883051220130821013194415564
0000592893051220130831013290933562
0000592903051220130903012670737562
0000592913051220130917012739447541
0000592923051220130958010326418420
0000592933051220130959012313763813
0000592943051220130959013170028587
0000592953051220131108010815119507
0000592963051220131416011722716058
0000592973051220131555011722716058
0000592983051220131700012150916527
0000592993051220131722012670737562
0000593003051220131834013360614770
0000593013051220131837013366872569
0000593023051220131838012386607420
0000593033051220131840016056925650
0000593043051220131843016203863522
0000593053051220131847010813776292
0000593063051220131847019013900464
0000593073051220131849010318320689
0000593083051220131849012608653628
0000593093051220131853012708247605
0000593103051220131854012434408240
0000593113051220131855012905269563
0000593123051220131856012349959181
0000593133051220131900012858636585
0000593143051220131901012456823348
0000593153051220131903013006134620
0000593163051220131905010314867713
0000593173051220131907013153210607
0000593183051220131908013343284601
0000593193051220131909016861599647
0000593203051220131910012319737253
0000593213051220131911013290933562
0000593223051220131927016587828540
0000593233051220131929013144033609
0000593243051220132028013194415564
0000593253061220130049019036418472
0000593263061220130447019036418472
0000593273061220130524016056925650
0000593283061220130630010324626298
0000593293061220130635012519459656
0000593303061220130644012992912567
0000593313061220130648012930566584
0000593323061220130649012357601584
0000593333061220130651012621502581
0000593343061220130654013313461580
0000593353061220130655020421048306
0000593363061220130655012598219629
0000593373061220130658012449872231
0000593383061220130658013360614770
0000593393061220130659013131637624
0000593403061220130700012313261044
0000593413061220130700012709577544
0000593423061220130701010318320689
0000593433061220130701013074487568
0000593443061220130702010813776292
0000593453061220130703021060015201
0000593463061220130706012708247605
0000593473061220130707012381218833
0000593483061220130708019013889398
0000593493061220130708012147108814
0000593503061220130708012789003604
0000593513061220130709012748967625
0000593523061220130709012129012282
0000593533061220130715012739447541
0000593543061220130717013366872569
0000593553061220130718017019759333
0000593563061220130722016587828540
0000593573061220130723012260223216
0000593583061220130726012866609745
0000593593061220130726012592635604
0000593603061220130726019025472497
0000593613061220130727013015254676
0000593623061220130727012243383839
0000593633061220130728019013900464
0000593643061220130733012434408240
0000593653061220130734012828524541
0000593663061220130736014084176520
0000593673061220130737010815119507
0000593683061220130740012150916527
0000593693061220130741013534757776
0000593703061220130807017019690724
0000593713061220130814012490932707
0000593723061220130827013194415564
0000593733061220130828013327806623
0000593743061220130828012395856373
0000593753061220130828012804171568
0000593763061220130828012873551609
0000593773061220130829019024306550
0000593783061220130829012902859602
0000593793061220130858013153210607
0000593803061220130914012608653628
0000593813061220131006012670737562
0000593823061220131343016203863522
0000593833061220131720012150916527
0000593843061220131800012537454741
0000593853061220131811013360614770
0000593863061220131820016203863522
0000593873061220131825013084786584
0000593883061220131832011424881948
0000593893061220131835013262997608
0000593903061220131842012608653628
0000593913061220131845014084176520
0000593923061220131846012552915800
0000593933061220131857016270519420
0000593943061220131857012930566584
0000593953061220131858012357601584
0000593963061220131900012930566584
0000593973061220131900012490932707
0000593983061220131905012129012282
0000593993061220131906012598219629
0000594003061220131909012709577544
0000594013061220131909012434379364
0000594023061220131911012592635604
0000594033061220131912010324626298
0000594043061220131915013025578628
0000594053061220131915013074487568
0000594063061220131918017019759333
0000594073061220131929012739447541
0000594083061220131932012386607420
0000594093061220132001013153387302
0000594103071220130606012467120491
0000594113071220130619012646806568
0000594123071220130634013084786584
0000594133071220130636012708247605
0000594143071220130653013022098560
0000594153071220130654012425256085
0000594163071220130656012552915800
0000594173071220130658012349959181
0000594183071220130658012778020561
0000594193071220130659012507605539
0000594203071220130700016868279664
0000594213071220130700012930566584
0000594223071220130700012449872231
0000594233071220130701016270519420
0000594243071220130701013215730560
0000594253071220130701012519459656
0000594263071220130701013131637624
0000594273071220130702013360614770
0000594283071220130702012828524541
0000594293071220130703012789003604
0000594303071220130703012789003604
0000594313071220130704012301197869
0000594323071220130705021060277850
0000594333071220130706012381218833
0000594343071220130707013025578628
0000594353071220130708021060015201
0000594363071220130709013131425546
0000594373071220130709012613267560
0000594383071220130709020421048306
0000594393071220130710019025923308
0000594403071220130713011424881948
0000594413071220130713011578161210
0000594423071220130713012537454741
0000594433071220130715013051332568
0000594443071220130715012866609745
0000594453071220130716012319737253
0000594463071220130717012621502581
0000594473071220130718012420704934
0000594483071220130720012260223216
0000594493071220130723013313461580
0000594503071220130724012292626227
0000594513071220130724012434379364
0000594523071220130729013262997608
0000594533071220130735013534757776
0000594543071220130746012466946566
0000594553071220130755010314867713
0000594563071220130808019033786039
0000594573071220130824012992912567
0000594583071220130825013726012809
0000594593071220131836013366872569
0000594603071220131837010813776292
0000594613071220131840013360614770
0000594623071220131842010318320689
0000594633071220131854012434408240
0000594643071220131900012708247605
0000594653071220131900012708247605
0000594663071220131900010314867713
0000594673071220131901012420704934
0000594683071220131905012319737253
0000594693071220131908013290933562
0000594703071220132053016587828540
0000594713081220130620010324626298
0000594723081220130630013360614770
0000594733081220130635012992912567
0000594743081220130642012813849091
0000594753081220130645020421048306
0000594763081220130647017005003371
0000594773081220130649012828524541
0000594783081220130653010814004021
0000594793081220130653012537586842
0000594803081220130655012598219629
0000594813081220130655013155622600
0000594823081220130655013401041583
0000594833081220130656016203863522
0000594843081220130656012456772298
0000594853081220130656021060277850
0000594863081220130656012357601584
0000594873081220130700013290933562
0000594883081220130701013074487568
0000594893081220130701013761081773
0000594903081220130701012633725629
0000594913081220130703013222379628
0000594923081220130703012930566584
0000594933081220130704017044178748
0000594943081220130704012425256085
0000594953081220130705012778020561
0000594963081220130705010813776292
0000594973081220130707013022098560
0000594983081220130710012613267560
0000594993081220130710013131425546
0000595003081220130710012467120491
0000595013081220130711012765965562
0000595023081220130713016587828540
0000595033081220130714012708247605
0000595043081220130716012260223216
0000595053081220130716011578161210
0000595063081220130719010318320689
0000595073081220130719013366872569
0000595083081220130720019033786039
0000595093081220130725012147108814
0000595103081220130726013215730560
0000595113081220130728012386726764
0000595123081220130731012646806568
0000595133081220130732013328784542
0000595143081220130732012434408240
0000595153081220130735012507605539
0000595163081220130749017019690724
0000595173081220130750016868279664
0000595183081220130759019025923308
0000595193081220130804013726012809
0000595203081220130847012283096148
0000595213081220131132013345527560
0000595223081220131845013262997608
0000595233081220131850012552915800
0000595243081220131853016270519420
0000595253081220131853012477172982
0000595263081220131854012456772298
0000595273081220131857019013900464
0000595283081220131857012537454741
0000595293081220131859012930566584
0000595303081220131900016203863522
0000595313081220131903012313261044
0000595323081220131904013121615628
0000595333081220131905012357601584
0000595343081220131908010324626298
0000595353081220131908012386726764
0000595363081220131908012598219629
0000595373081220131913012283096148
0000595383081220131927013025578628
0000595393081220132034014416862276
0000595403091220130637013329036582
0000595413091220130638013050460600
0000595423091220130639012944519621
0000595433091220130640010314867713
0000595443091220130642012477246218
0000595453091220130643011390382901
0000595463091220130644016868279664
0000595473091220130645013121615628
0000595483091220130648012420704934
0000595493091220130651012456823348
0000595503091220130653013025578628
0000595513091220130654012349959181
0000595523091220130656019025923308
0000595533091220130657012260223216
0000595543091220130700017005003371
0000595553091220130701012700736585
0000595563091220130701019013900464
0000595573091220130702010814004021
0000595583091220130702012371447554
0000595593091220130702012537454741
0000595603091220130707012858636585
0000595613091220130707012858636585
0000595623091220130708012552915800
0000595633091220130708012477172982
0000595643091220130708013346657565
0000595653091220130708012837505627
0000595663091220130708012319737253
0000595673091220130708012613267560
0000595683091220130708012595990588
0000595693091220130709013155622600
0000595703091220130710012813849091
0000595713091220130710013287770569
0000595723091220130710013035980542
0000595733091220130713012313261044
0000595743091220130715012633725629
0000595753091220130715013761081773
0000595763091220130717012434379364
0000595773091220130717013262997608
0000595783091220130717012537586842
0000595793091220130718012828524541
0000595803091220130718013401041583
0000595813091220130718012992912567
0000595823091220130718012969445621
0000595833091220130719013222379628
0000595843091220130723012147108814
0000595853091220130726017044178748
0000595863091220130728012765965562
0000595873091220130732010313440740
0000595883091220130734012592635604
0000595893091220130737013153387302
0000595903091220130739013027499601
0000595913091220130749013345527560
0000595923091220130751012004930936
0000595933091220130809013343284601
0000595943091220130821013194415564
0000595953091220130821012150916527
0000595963091220130853010110224296
0000595973091220130905011722716058
0000596013091220130919020766270895
0000596023091220130937012670737562
0000596033091220130937012739447541
0000596073091220131113012491290520
0000596083091220131130011722716058
0000596153091220131500012858636585
0000596163091220131705012150916527
0000596173091220131706012004930936
0000596183091220131729012608653628
0000596193091220131800013194415564
0000596203091220131829013084786584
0000596213091220131830016587828540
0000596223091220131831013366872569
0000596233091220131831012708247605
0000596243091220131837010318320689
0000596253091220131840012434379364
0000596263091220131847012434408240
0000596273091220131855010314867713
0000596283091220131858013153387302
0000596293091220131900012456823348
0000596303091220131900012349959181
0000596313091220131900013726012809
0000596323091220131900013153210607
0000596333091220131901013343284601
0000596343091220131901012319737253
0000596353091220131901012319737253
0000596363091220131906012613267560
0000596373091220131907013121615628
0000596383091220131913012490446292
0000596393091220131914012420704934
0000596403091220131920013050460600
0000596413091220131921013329036582
0000596423091220131950012739447541
0000596433101220130044012496829282
0000596443101220130600012371447554
0000596453101220130627010326418420
0000596463101220130629010324626298
0000596473101220130631013006134620
0000596483101220130633013121615628
0000596493101220130636013144033609
0000596503101220130650013170028587
0000596513101220130651012930566584
0000596523101220130651012709577544
0000596533101220130653012598219629
0000596543101220130655013329036582
0000596553101220130656013155622600
0000596563101220130657012062693674
0000596573101220130658012672783561
0000596583101220130658013074487568
0000596593101220130700018087440736
0000596603101220130703012313763813
0000596613101220130704013084786584
0000596623101220130704012425256085
0000596633101220130705013211004547
0000596643101220130708012386607420
0000596653101220130709016203863522
0000596663101220130710012595990588
0000596673101220130711012357601584
0000596683101220130711010313440740
0000596693101220130713019025472497
0000596703101220130714012944519621
0000596713101220130714012477246218
0000596723101220130715012434408240
0000596733101220130715013232273563
0000596743101220130716016587828540
0000596753101220130717014416862276
0000596763101220130718012700736585
0000596773101220130720010318320689
0000596783101220130726013153210607
0000596793101220130727012150916527
0000596803101220130727013346657565
0000596813101220130729012490446292
0000596823101220130730012708247605
0000596833101220130732013027499601
0000596843101220130732013287770569
0000596853101220130733010110224296
0000596863101220130734019046880284
0000596873101220130736019025923308
0000596883101220130743012004930936
0000596893101220130747012319737253
0000596903101220130751012592635604
0000596913101220130754013726012809
0000596923101220130805016877092610
0000596933101220130821016868279664
0000596943101220130822015783929275
0000596953101220130832012283096148
0000596963101220130906013194415564
0000596973101220131213012670737562
0000596983101220131405012732485294
0000596993101220131701012150916527
0000597003101220131707013194415564
0000597013101220131710012608653628
0000597023101220131712012670737562
0000597053101220131748020765234895
0000597063101220131813012552915800
0000597073101220131839016270519420
0000597083101220131847012004930936
0000597093101220131848012537454741
0000597103101220131849012837573622
0000597113101220131853012357601584
0000597123101220131856018054868788
0000597133101220131859012930566584
0000597143101220131901016203863522
0000597153101220131902012598219629
0000597163101220131909013121615628
0000597173101220131909012283096148
0000597183101220131915010324626298
0000597193101220131916012709577544
0000597203101220131916012709577544
0000597213101220131918013006134620
0000597223101220131930012732485294
0000597233101220131933012477172982
0000597243101220132044012537586842
0000597253111220130642013121615628
0000597263111220130647012456772298
0000597273111220130657012349959181
0000597283111220130703012902859602
0000597293111220130704012509551479
0000597303111220130705018087440736
0000597313111220130706013262997608
0000597323111220130714013144033609
0000597333111220130718012873551609
0000597343111220130721012804171568
0000597353111220130750012147108814
0000597363111220130754012732485294
0000597373111220130754013170028587
0000597383111220130754012313763813
0000597393111220130755013155622600
0000597403111220130756013211004547
0000597413111220130759012537454741
0000597423111220130803012672783561
0000597433111220130805012709577544
0000597443111220130806012837573622
0000597453111220130829019025472497
0000597463111220130832015783929275
0000597473111220130832016877092610
0000597483111220130846012395856373
0000597493111220130848012537586842
0000597503111220130850013327806623
0000597513111220130856013194415564
0000597523111220130858018054868788
0000597533111220130904012552915800
0000597543111220130910010314867713
0000597553111220130913012739447541
0000597563111220130919012507644070
0000597573111220130919013211004547
0000597583111220130919012477172982
0000597593111220130952013015254676
0000597603111220131015012858636585
0000597613111220131029013345527560
0000597623111220131057012666158588
0000597633111220131102010326418420
0000597643111220131105012386726764
0000597653111220131113012243383839
0000597663111220131117012425256085
0000597673111220131127013211004547
0000597683111220131129013112078585
0000597693111220131130013155622600
0000597703111220131131013232273563
0000597713111220131245020765234895
0000597723111220131249012728154564
0000597733111220131355019024306550
0000597763111220131434013141216893
0000597773111220131703012670737562
0000597783111220131720012992912567
0000597793111220131738012386607420
0000597803111220131753012739447541
0000597813111220131817012456823348
0000597823111220131828012858636585
0000597833111220131831013366872569
0000597843111220131833020766270895
0000597853111220131836012434408240
0000597863111220131843013360614770
0000597873111220131845010813776292
0000597883111220131846013084786584
0000597893111220131900013345527560
0000597903111220131901015783929275
0000597913111220131902012386726764
0000597923111220131906010314867713
0000597933111220131914012319737253
0000597943111220131917013262997608
0000597953111220131919016587828540
0000597963111220131957011424881948
0000597993111220132021019037587170
0000598003111220132027013194415564
0000598013121220130602013327806623
0000598023121220130624012866609745
0000598033121220130627010324626298
0000598043121220130644012454253560
0000598053121220130645012930566584
0000598063121220130647012519459656
0000598073121220130649012313261044
0000598083121220130650012828524541
0000598093121220130652012598219629
0000598103121220130652013006134620
0000598113121220130652019013889398
0000598123121220130656021060015201
0000598133121220130657013360614770
0000598143121220130700013313461580
0000598153121220130700013074487568
0000598163121220130702012456772298
0000598173121220130703018054868788
0000598183121220130703012709577544
0000598193121220130704012873551609
0000598203121220130704010813776292
0000598213121220130705012456823348
0000598223121220130705013015254676
0000598233121220130705012509551479
0000598243121220130706012349959181
0000598253121220130706013366872569
0000598263121220130709012381218833
0000598273121220130710012621502581
0000598283121220130710010313440740
0000598293121220130711012748967625
0000598303121220130714012150916527
0000598313121220130716019024306550
0000598323121220130719013112078585
0000598333121220130719016203863522
0000598343121220130719016587828540
0000598353121220130721013534757776
0000598363121220130722012386607420
0000598373121220130725010631084573
0000598383121220130727013141216893
0000598393121220130729013084786584
0000598403121220130733012902859602
0000598413121220130736012434408240
0000598423121220130739012666158588
0000598433121220130741012804171568
0000598443121220130741012728154564
0000598453121220130742012260223216
0000598463121220130743012395856373
0000598473121220130744012147108814
0000598483121220130746012992912567
0000598493121220130812013194415564
0000598503121220130823019033786039
0000598513121220130823013343284601
0000598523121220130829012732485294
0000598533121220130854012608653628
0000598543121220130901012357601584
0000598553121220130937013290933562
0000598563121220130957011722716058
0000598623121220131700012150916527
0000598663121220131713012617905561
0000598673121220131722013194415564
0000598683121220131830019046560107
0000598693121220131831013074487568
0000598703121220131833010318320689
0000598713121220131839019013900464
0000598723121220131839012552915800
0000598733121220131839012944519621
0000598743121220131842012598219629
0000598753121220131842013262997608
0000598763121220131846013006134620
0000598773121220131851012708247605
0000598783121220131855012537454741
0000598793121220131900016203863522
0000598803121220131902012592635604
0000598813121220131904013290933562
0000598823121220131904012709577544
0000598833121220131905013312124564
0000598843121220131905013121615628
0000598853121220131907012477172982
0000598863121220131912013343284601
0000598873121220131912012357601584
0000598883121220131915010324626298
0000598893121220131915012313261044
0000598903121220131917019033786039
0000598913121220131923013051332568
0000598923121220131936016056925650
0000598933121220131942018054868788
0000598943121220132052019036418472
0000598953121220132055010313440740
0000598963131220130407019036418472
0000598973131220130603012319737253
0000598983131220130608012467120491
0000598993131220130627012646806568
0000599003131220130635013121615628
0000599013131220130641013262997608
0000599023131220130645012349959181
0000599033131220130646013215730560
0000599043131220130646019025923308
0000599053131220130649012646483297
0000599063131220130650012507605539
0000599073131220130652010318320689
0000599083131220130652012552915800
0000599093131220130654019013889398
0000599103131220130654012866609745
0000599113131220130654010314867713
0000599123131220130656016861599647
0000599133131220130659012292626227
0000599143131220130700012477172982
0000599153131220130700012129012282
0000599163131220130701012519459656
0000599173131220130701012449872231
0000599183131220130702013262997608
0000599193131220130703012381218833
0000599203131220130704013312124564
0000599213131220130704012425256085
0000599223131220130705012944519621
0000599233131220130707013131637624
0000599243131220130709012621502581
0000599253131220130710016868279664
0000599263131220130710013131425546
0000599273131220130710012613267560
0000599283131220130711012858636585
0000599293131220130711012748967625
0000599303131220130712020766270895
0000599313131220130715012708247605
0000599323131220130717016203863522
0000599333131220130717013534757776
0000599343131220130718012454253560
0000599353131220130719012537454741
0000599363131220130720012592635604
0000599373131220130720012617905561
0000599383131220130724019046560107
0000599393131220130724013313461580
0000599403131220130725014084176520
0000599413131220130725021060015201
0000599423131220130730017019759333
0000599433131220130743012466946566
0000599443131220130743012789003604
0000599453131220130744019013900464
0000599463131220130800012150916527
0000599473131220130806017019690724
0000599483131220130807012386607420
0000599493131220130851012608653628
0000599503131220130927012670737562
0000599513131220131059012739447541
0000599523131220131613013194415564
0000599533131220131700012150916527
0000599543131220131831013366872569
0000599553131220131833012456823348
0000599563131220131834012608653628
0000599573131220131835012670737562
0000599583131220131836012739447541
0000599593131220131837010813776292
0000599603131220131842010318320689
0000599613131220131847011424881948
0000599623131220131853013084786584
0000599633131220131853013360614770
0000599643131220131855012434408240
0000599653131220131900012858636585
0000599683131220131905012390167219
0000599693131220131906020766270895
0000599703131220131906010314867713
0000599713131220131907012349959181
0000599723131220131910016203863522
0000599733131220131910012129012282
0000599743131220131911013262997608
0000599753131220131916012319737253
0000599763131220131919020421048306
0000599773131220131922016861599647
0000599783131220131930017019759333
0000599793131220131957013153387302
0000599803131220132042017019690724
0000599813131220132147013194415564
0000599823141220130618012319737253
0000599833141220130618010324626298
0000599843141220130628012813849091
0000599853141220130629011970643336
0000599863141220130630013084786584
0000599873141220130638012992912567
0000599883141220130642013022098560
0000599893141220130643012828524541
0000599903141220130645012537586842
0000599913141220130648012456823348
0000599923141220130648019046560107
0000599933141220130649013170028587
0000599943141220130650012439169406
0000599953141220130652012709577544
0000599963141220130653012598219629
0000599973141220130653017044178748
0000599983141220130655010814004021
0000599993141220130656013222379628
0000600003141220130656013360614770
0000600013141220130701012449872231
0000600023141220130701012420704934
0000600033141220130702012613267560
0000600043141220130702013131425546
0000600053141220130703013761081773
0000600063141220130703012633725629
0000600073141220130703013131637624
0000600083141220130703010813776292
0000600093141220130708013366872569
0000600103141220130708012467120491
0000600113141220130710012778020561
0000600123141220130710012930566584
0000600133141220130710012425256085
0000600143141220130710012789003604
0000600153141220130711012466946566
0000600163141220130712012390167219
0000600173141220130713013215730560
0000600183141220130714020421048306
0000600193141220130715020421048306
0000600203141220130729013153387302
0000600213141220130733017005003371
0000600223141220130734012646806568
0000600233141220130734011578161210
0000600243141220130748012434408240
0000600253141220130756012646483297
0000600263141220130757012646483297
0000600273141220130757012507605539
0000600283141220130757016868279664
0000600293141220130803012292626227
0000600303141220130829010318320689
0000600313141220130916013290933562
0000600323141220131844012708247605
0000600333141220131844013112078585
0000600343141220131847012477172982
0000600353141220131849012552915800
0000600363141220131849012552915800
0000600373141220131850012313261044
0000600383141220131851012537454741
0000600393141220131851013262997608
0000600403141220131900012709577544
0000600413141220131901012420704934
0000600423141220131905012598219629
0000600433141220131907012598219629
0000600443141220131909013121615628
0000600453141220131912010324626298
0000600463141220131913012319737253
0000600473141220131918012930566584
0000600483141220131922020421048306
0000600493141220131923012301197869
0000600503141220131924021060277850
0000600513141220131924013074487568
0000600523141220131940012537586842
0000600533151220130631010318320689
0000600543151220130645013121615628
0000600553151220130647012319737253
0000600563151220130648012879575542
0000600573151220130651013050460600
0000600583151220130652012837573622
0000600593151220130654013329036582
0000600603151220130655010814004021
0000600613151220130656014791971279
0000600623151220130656013346657565
0000600633151220130657012778020561
0000600643151220130657012537454741
0000600653151220130658013287770569
0000600663151220130658012944519621
0000600673151220130659012477246218
0000600683151220130700013290933562
0000600693151220130700012552915800
0000600703151220130701020766270895
0000600713151220130701012552915800
0000600723151220130702012420704934
0000600733151220130702013312124564
0000600743151220130705018054868788
0000600753151220130706012490446292
0000600763151220130706012490446292
0000600773151220130706012969445621
0000600783151220130707017005003371
0000600793151220130708021060277850
0000600803151220130709012992912567
0000600813151220130709013761081773
0000600823151220130709013345527560
0000600833151220130711012858636585
0000600843151220130711012765965562
0000600853151220130711011578161210
0000600863151220130714012813849091
0000600873151220130714012313261044
0000600883151220130715012477172982
0000600893151220130716012828524541
0000600903151220130717012371447554
0000600913151220130719013022098560
0000600923151220130721012598219629
0000600933151220130722013170028587
0000600943151220130723019046560107
0000600953151220130728017019690724
0000600963151220130728012633725629
0000600973151220130730012708247605
0000600983151220130731017044178748
0000600993151220130732011970643336
0000601003151220130734013027499601
0000601013151220130740012386726764
0000601023151220130740012439169406
0000601033151220130744019025923308
0000601043151220130746013222379628
0000601053151220130801013328784542
0000601063151220130834012283096148
0000601073151220130850010314867713
0000601083151220131805012456823348
0000601093151220131819016587828540
0000601103151220131825012992912567
0000601113151220131834013360614770
0000601123151220131836013366872569
0000601133151220131838010813776292
0000601143151220131848012537586842
0000601153151220131851013312124564
0000601163151220131851012858636585
0000601173151220131856012434408240
0000601183151220131900010318320689
0000601193151220131900010318320689
0000601203151220131901012420704934
0000601213151220131901013262997608
0000601223151220131903012301197869
0000601233151220131904010314867713
0000601243151220131908012319737253
0000601253151220131909020766270895
0000601263151220131928012283096148
0000601273151220132111014416862276
0000601283151220132142011619085695
0000601293161220130541014416862276
0000601303161220130639010324626298
0000601313161220130644010326418420
0000601323161220130649012672783561
0000601333161220130649012930566584
0000601343161220130650012700736585
0000601353161220130651018087440736
0000601363161220130652020765234895
0000601373161220130653012598219629
0000601383161220130655012456823348
0000601393161220130656012425256085
0000601403161220130656013170028587
0000601413161220130657012313763813
0000601423161220130658013360614770
0000601433161220130659013074487568
0000601443161220130703013144033609
0000601453161220130704012992912567
0000601463161220130705011660532315
0000601473161220130705011619085695
0000601483161220130706010318320689
0000601493161220130707012386607420
0000601503161220130707013211004547
0000601513161220130709012837573622
0000601523161220130710010813776292
0000601533161220130711013346657565
0000601543161220130711012537586842
0000601553161220130711012837505627
0000601563161220130712012969445621
0000601573161220130713013366872569
0000601583161220130714013345527560
0000601593161220130715012709577544
0000601603161220130715012371447554
0000601613161220130716012595990588
0000601623161220130718012765965562
0000601633161220130719012477246218
0000601643161220130719013035980542
0000601653161220130721013232273563
0000601663161220130722012434408240
0000601673161220130722016203863522
0000601683161220130722012944519621
0000601693161220130730018054868788
0000601703161220130731013027499601
0000601713161220130732011970643336
0000601723161220130733013287770569
0000601733161220130736010313440740
0000601743161220130737013153387302
0000601753161220130738012004930936
0000601763161220130739012150916527
0000601773161220130742012879575542
0000601783161220130744012490446292
0000601793161220130744019025923308
0000601803161220130748016587828540
0000601813161220130804012728154564
0000601823161220130841013343284601
0000601833161220130841019033786039
0000601843161220130858012608653628
0000601853161220130859012646483297
0000601863161220130917010110224296
0000601873161220130928012739447541
0000601883161220130931012670737562
0000601893161220130937012357601584
0000601903161220131009013194415564
0000601913161220131338011722716058
0000601923161220131642012004930936
0000601933161220131653012608653628
0000601943161220131653012670737562
0000601953161220131702012150916527
0000601963161220131709012739447541
0000601973161220131831012477172982
0000601983161220131835012552915800
0000601993161220131841016270519420
0000602003161220131841012537454741
0000602013161220131844012708247605
0000602023161220131844012672783561
0000602033161220131844012944519621
0000602043161220131847013084786584
0000602053161220131848012357601584
0000602063161220131851012930566584
0000602073161220131901016203863522
0000602083161220131903010324626298
0000602093161220131904012598219629
0000602103161220131904013153387302
0000602113161220131909012709577544
0000602123161220131909013121615628
0000602133161220131911013074487568
0000602143161220131912013194415564
0000602153161220131914013025578628
0000602163161220131916019033786039
0000602173161220131918013343284601
0000602183161220131924012592635604
0000602193161220131930012386607420
0000602203161220131936014844122270
0000602213171220130630012837505627
0000602223171220130643013262997608
0000602233171220130643012062693674
0000602243171220130644012319737253
0000602253171220130644012902859602
0000602263171220130645012420704934
0000602273171220130651010318320689
0000602283171220130655010314867713
0000602293171220130659019013900464
0000602303171220130659012552915800
0000602313171220130659013141216893
0000602323171220130700012477172982
0000602333171220130700012858636585
0000602343171220130703013333892587
0000602353171220130704020766270895
0000602363171220130706016270519420
0000602373171220130706013025578628
0000602383171220130706011970643336
0000602393171220130706019025472497
0000602403171220130707018087440736
0000602413171220130707012147108814
0000602423171220130711013121615628
0000602433171220130711013153210607
0000602443171220130712012708247605
0000602453171220130712010110224296
0000602463171220130713012595990588
0000602473171220130713012260223216
0000602483171220130715012150916527
0000602493171220130717013170028587
0000602503171220130718010326418420
0000602513171220130720012537454741
0000602523171220130720013112078585
0000602533171220130722012395856373
0000602543171220130728013144033609
0000602553171220130728019046880284
0000602563171220130731013232273563
0000602573171220130731013015254676
0000602583171220130732016877092610
0000602593171220130733012313763813
0000602603171220130734012592635604
0000602613171220130734012425256085
0000602623171220130742012507644070
0000602633171220130744012243383839
0000602643171220130744012728154564
0000602653171220130746020765234895
0000602663171220130756012004930936
0000602673171220130808012646483297
0000602683171220130817019024306550
0000602693171220130826013194415564
0000602703171220130829015783929275
0000602713171220130858012283096148
0000602723171220130928012739447541
0000602733171220131025012670737562
0000602763171220131126013262997608
0000602773171220131701012150916527
0000602783171220131714012004930936
0000602793171220131718012608653628
0000602803171220131801012371447554
0000602813171220131803010318320689
0000602823171220131803010318320689
0000602833171220131808012739447541
0000602843171220131820013194415564
0000602853171220131827012456823348
0000602863171220131828012434408240
0000602873171220131838010813776292
0000602883171220131845012313261044
0000602893171220131848013366872569
0000602903171220131854012858636585
0000602913171220131856016587828540
0000602923171220131859012319737253
0000602933171220131900013333892587
0000602943171220131901012873551609
0000602953171220131903012944519621
0000602963171220131909013006134620
0000602973171220131909019013900464
0000602983171220131910012283096148
0000602993171220131911012395856373
0000603003171220131923013262997608
0000603013171220131923020766270895
0000603023171220131943012420704934
0000603033171220131944012420704934
0000603043171220132113012666158588
0000603053171220132214012371447554
0000603063181220130612010324626298
0000603073181220130615012992912567
0000603083181220130636012804171568
0000603093181220130637012666158588
0000603103181220130640012420704934
0000603113181220130641012456772298
0000603123181220130643012062693674
0000603133181220130644012866609745
0000603143181220130650012454253560
0000603153181220130652012598219629
0000603163181220130654012456823348
0000603173181220130654020421048306
0000603183181220130656013313461580
0000603193181220130656012621502581
0000603203181220130659012709577544
0000603213181220130659012709577544
0000603223181220130659013074487568
0000603233181220130700012434379364
0000603243181220130700012509551479
0000603253181220130700021060015201
0000603263181220130701019046880284
0000603273181220130703012386726764
0000603283181220130703013312124564
0000603293181220130704012930566584
0000603303181220130704012732485294
0000603313181220130707012617905561
0000603323181220130710013366872569
0000603333181220130710012873551609
0000603343181220130713012313261044
0000603353181220130713013141216893
0000603363181220130714016587828540
0000603373181220130714013112078585
0000603383181220130717010110285686
0000603393181220130718010813776292
0000603403181220130718010318320689
0000603413181220130718013050460600
0000603423181220130722013121615628
0000603433181220130726012260223216
0000603443181220130727012902859602
0000603453181220130727012357601584
0000603463181220130729013153210607
0000603473181220130734013534757776
0000603483181220130736016877092610
0000603493181220130736013006134620
0000603503181220130741012434408240
0000603513181220130744012150916527
0000603523181220130755012507644070
0000603533181220130817013194415564
0000603553181220130932019037587170
0000603563181220130941012739447541
0000603653181220131157013375398548
0000603683181220131200020193270344
0000603693181220131657012150916527
0000603703181220131740013194415564
0000603713181220131741012739447541
0000603723181220131816012608653628
0000603733181220131827012386726764
0000603743181220131836013726012809
0000603753181220131840012708247605
0000603763181220131850013375398548
0000603773181220131852012313261044
0000603783181220131853010110285686
0000603793181220131854012537454741
0000603803181220131854012552915800
0000603813181220131859016270519420
0000603823181220131900013025578628
0000603833181220131901013084786584
0000603843181220131902012828524541
0000603853181220131902020421048306
0000603863181220131911012930566584
0000603873181220131912012357601584
0000603883181220131913012709577544
0000603893181220131914010324626298
0000603903181220131926012477172982
0000603913181220131931013074487568
0000603923181220131934020193270344
0000603933181220131945012598219629
0000603943181220131946013121615628
0000603953181220131947013121615628
0000603963181220132031011424881948
0000603973191220130456019037587170
0000603983191220130554013726012809
0000603993191220130612012467120491
0000604003191220130627012319737253
0000604013191220130635013360614770
0000604023191220130636012646806568
0000604033191220130637013215730560
0000604043191220130640012507605539
0000604053191220130648019013900464
0000604063191220130649012425256085
0000604073191220130649019025923308
0000604083191220130649013084786584
0000604093191220130651012598219629
0000604103191220130651013262997608
0000604113191220130652020766270895
0000604123191220130653016861599647
0000604133191220130655019013889398
0000604143191220130655013025578628
0000604153191220130656016270519420
0000604163191220130700012621502581
0000604173191220130700013121615628
0000604183191220130701012456772298
0000604193191220130703012434379364
0000604203191220130703012552915800
0000604213191220130705012509551479
0000604223191220130705010313440740
0000604233191220130706012313261044
0000604243191220130707012477172982
0000604253191220130707012748967625
0000604263191220130708020193026753
0000604273191220130709012537454741
0000604283191220130710012866609745
0000604293191220130710012617905561
0000604303191220130711016868279664
0000604313191220130712012858636585
0000604323191220130713012390167219
0000604333191220130713012381218833
0000604343191220130715021060015201
0000604353191220130717012708247605
0000604363191220130718013313461580
0000604373191220130725012292626227
0000604383191220130727012613267560
0000604393191220130727013131425546
0000604403191220130729013534757776
0000604413191220130731012804171568
0000604423191220130733012732485294
0000604433191220130734012454253560
0000604443191220130735012150916527
0000604453191220130736012466946566
0000604463191220130741010631084573
0000604473191220130744010314867713
0000604483191220130801012992912567
0000604493191220130808013194415564
0000604503191220130851013343284601
0000604513191220130933013290933562
0000604523191220131137010815119507
0000604533191220131314012608653628
0000604543191220131700012150916527
0000604553191220131723013194415564
0000604563191220131749012837573622
0000604573191220131824012456823348
0000604583191220131826013366872569
0000604593191220131840012434408240
0000604603191220131841010813776292
0000604613191220131855010318320689
0000604623191220131856012858636585
0000604633191220131901019013900464
0000604643191220131901010314867713
0000604653191220131901016587828540
0000604663191220131903012319737253
0000604673191220131906012598219629
0000604683191220131906020766270895
0000604693191220131908013262997608
0000604703191220131915013343284601
0000604713191220131932016056925650
0000604723201220130535016056925650
0000604733201220130624012319737253
0000604743201220130638010324626298
0000604753201220130640012519459656
0000604763201220130641012992912567
0000604773201220130641012866609745
0000604783201220130642012449872231
0000604793201220130642012837573622
0000604803201220130643012349959181
0000604813201220130652013360614770
0000604823201220130653017005003371
0000604833201220130654012709577544
0000604843201220130654012789003604
0000604853201220130655013761081773
0000604863201220130655017044178748
0000604873201220130655012930566584
0000604883201220130657012439169406
0000604893201220130658019013889398
0000604903201220130659012129012282
0000604913201220130659012456823348
0000604923201220130700012613267560
0000604933201220130700019046560107
0000604943201220130701011970643336
0000604953201220130701010318320689
0000604963201220130701012420704934
0000604973201220130701010813776292
0000604983201220130701013366872569
0000604993201220130702010814004021
0000605003201220130704013131637624
0000605013201220130708020421048306
0000605023201220130709012390167219
0000605033201220130709016861599647
0000605043201220130710012425256085
0000605053201220130710012813849091
0000605063201220130713012633725629
0000605073201220130713013074487568
0000605083201220130714013215730560
0000605093201220130715013131425546
0000605103201220130715013290933562
0000605113201220130716012466946566
0000605123201220130716013222379628
0000605133201220130719012381218833
0000605143201220130719012467120491
0000605153201220130730012646806568
0000605163201220130730019025923308
0000605173201220130730012434408240
0000605183201220130731014084176520
0000605193201220130733012150916527
0000605203201220130734017019759333
0000605213201220130741016868279664
0000605223201220130753012292626227
0000605233201220130755012150916527
0000605243201220130759012490932707
0000605253201220130849013194415564
0000605263201220130852012828524541
0000605273201220130858012739447541
0000605283201220130903012608653628
0000605293201220131052017019690724
0000605303201220131617013194415564
0000605313201220131752012739447541
0000605323201220131808012608653628
0000605333201220131820011424881948
0000605343201220131839013084786584
0000605353201220131839012456823348
0000605363201220131841014084176520
0000605373201220131843012150916527
0000605383201220131845012552915800
0000605393201220131847013025578628
0000605403201220131857012129012282
0000605413201220131900016270519420
0000605423201220131901020421048306
0000605433201220131902012420704934
0000605443201220131902012349959181
0000605453201220131903012709577544
0000605463201220131904012930566584
0000605473201220131904012490932707
0000605483201220131905012319737253
0000605493201220131905012319737253
0000605503201220131910012477172982
0000605513201220131912017019759333
0000605523201220131922012728154564
0000605533201220131938013360614770
0000605543201220131949013153387302
0000605553201220131954012537454741
0000605563201220132004013074487568
0000605573201220132042017019690724
0000605583211220130616013726012809
0000605593211220130626013084786584
0000605603211220130629012477246218
0000605613211220130636012319737253
0000605623211220130639012879575542
0000605633211220130641013360614770
0000605643211220130649012552915800
0000605653211220130650010314867713
0000605663211220130651020766270895
0000605673211220130654011970643336
0000605683211220130656010814004021
0000605693211220130657013050460600
0000605703211220130658012301197869
0000605713211220130700012477172982
0000605723211220130700013022098560
0000605733211220130700017005003371
0000605743211220130700013262997608
0000605753211220130703012519459656
0000605763211220130704016270519420
0000605773211220130705013131637624
0000605783211220130706013346657565
0000605793211220130706021060277850
0000605803211220130706013153210607
0000605813211220130708019025923308
0000605823211220130709011578161210
0000605833211220130709013761081773
0000605843211220130714013025578628
0000605853211220130715011424881948
0000605863211220130716017044178748
0000605873211220130716016203863522
0000605883211220130716012349959181
0000605893211220130716012944519621
0000605903211220130716013329036582
0000605913211220130716012866609745
0000605923211220130719012449872231
0000605933211220130720012992912567
0000605943211220130722013222379628
0000605953211220130722012789003604
0000605963211220130722013287770569
0000605973211220130723012633725629
0000605983211220130727012828524541
0000605993211220130727012813849091
0000606003211220130727019046560107
0000606013211220130729012439169406
0000606023211220130730012371447554
0000606033211220130735012778020561
0000606043211220130735012728154564
0000606053211220130800012858636585
0000606063211220130802019033786039
0000606073211220130806012592635604
0000606083211220131006013290933562
0000606093211220131342013027499601
0000606103211220131819013366872569
0000606113211220131830013360614770
0000606123211220131843016203863522
0000606133211220131851016587828540
0000606143211220131900012434408240
0000606153211220131900010813776292
0000606163211220131903013262997608
0000606173211220131905010314867713
0000606183211220131907012319737253
0000606193211220131910019033786039
0000606203211220131911012425256085
0000606213211220131918012490446292
0000606223211220131922012858636585
0000606233211220131922012858636585
0000606243211220132236012349959181
0000606253221220130633012858636585
0000606263221220130638010324626298
0000606273221220130646012992912567
0000606283221220130648012837573622
0000606293221220130651013170028587
0000606303221220130653012930566584
0000606313221220130654010326418420
0000606323221220130655012319737253
0000606333221220130655018087440736
0000606343221220130655018054868788
0000606353221220130655012537586842
0000606363221220130656013074487568
0000606373221220130659013360614770
0000606383221220130659020765234895
0000606393221220130700012425256085
0000606403221220130700012425256085
0000606413221220130700013290933562
0000606423221220130702012728154564
0000606433221220130704012709577544
0000606443221220130705013050460600
0000606453221220130706010318320689
0000606463221220130708011578161210
0000606473221220130711013366872569
0000606483221220130714010813776292
0000606493221220130716016203863522
0000606503221220130718012243383839
0000606513221220130719012371447554
0000606523221220130720013211004547
0000606533221220130721013345527560
0000606543221220130721012879575542
0000606553221220130721013346657565
0000606563221220130721021060277850
0000606573221220130721012386726764
0000606583221220130722013022098560
0000606593221220130723013153210607
0000606603221220130724012349959181
0000606613221220130726012434408240
0000606623221220130726012778020561
0000606633221220130728013287770569
0000606643221220130729012765965562
0000606653221220130731013232273563
0000606663221220130735013153387302
0000606673221220130738013726012809
0000606683221220130738012301197869
0000606693221220130744013329036582
0000606703221220130744013027499601
0000606713221220130747012477246218
0000606723221220130748012490446292
0000606733221220130752011970643336
0000606743221220130754013343284601
0000606753221220130756017019690724
0000606763221220130836012283096148
0000606773221220131424012804171568
0000606783221220131808012804171568
0000606793221220131848012552915800
0000606803221220131851012454253560
0000606813221220131853016270519420
0000606823221220131858021060015201
0000606833221220131858012313763813
0000606843221220131858013025578628
0000606853221220131858012537454741
0000606863221220131902012319737253
0000606873221220131904013074487568
0000606883221220131907012930566584
0000606893221220131908012425256085
0000606903221220131909010324626298
0000606913221220131910010318320689
0000606923221220131916018087440736
0000606933221220131916013343284601
0000606943221220131920012283096148
0000606953221220131921012386726764
0000606963221220131922012477172982
0000606973221220131936019033786039
0000606983221220131937011619085695
0000606993221220131946017019690724
0000607003221220132009014416862276
0000607013231220130551012243383839
0000607023231220130557014416862276
0000607033231220130624013327806623
0000607043231220130639013025578628
0000607053231220130644012902859602
0000607063231220130646010314867713
0000607073231220130648013262997608
0000607083231220130649012147108814
0000607093231220130655013232273563
0000607103231220130655012349959181
0000607113231220130657013050460600
0000607123231220130659012804171568
0000607133231220130659013141216893
0000607143231220130700016203863522
0000607153231220130700012700736585
0000607163231220130701013112078585
0000607173231220130702013153387302
0000607183231220130702020766270895
0000607193231220130703012837573622
0000607203231220130704016270519420
0000607213231220130704012837505627
0000607223231220130707013333892587
0000607233231220130708019024306550
0000607243231220130708012873551609
0000607253231220130708012552915800
0000607263231220130708012595990588
0000607273231220130709011390382901
0000607283231220130709012477172982
0000607293231220130711013345527560
0000607303231220130713012709577544
0000607313231220130713011970643336
0000607323231220130715012728154564
0000607333231220130715010313440740
0000607343231220130716013287770569
0000607353231220130716013170028587
0000607363231220130716012454253560
0000607373231220130716012395856373
0000607383231220130717013211004547
0000607393231220130718010326418420
0000607403231220130720019025472497
0000607413231220130724012319737253
0000607423231220130727012992912567
0000607433231220130728012420704934
0000607443231220130728012150916527
0000607453231220130728012313763813
0000607463231220130730012765965562
0000607473231220130730020765234895
0000607483231220130731019033786039
0000607493231220130733018054868788
0000607503231220130734012004930936
0000607513231220130739012537586842
0000607523231220130752011722716058
0000607533231220130753019033786039
0000607543231220130811013194415564
0000607553231220130817012666158588
0000607563231220130823012858636585
0000607573231220130826013343284601
0000607583231220130909010110224296
0000607593231220130926012739447541
0000607603231220131054012670737562
0000607613231220131213013194415564
0000607623231220131656012004930936
0000607633231220131705012150916527
0000607643231220131749012670737562
0000607653231220131750012608653628
0000607663231220131757012739447541
0000607673231220131822012456823348
0000607683231220131829013084786584
0000607693231220131838013232273563
0000607703231220131839013366872569
0000607713231220131848010813776292
0000607723231220131852012858636585
0000607733231220131852013015254676
0000607743231220131853010318320689
0000607753231220131853013360614770
0000607763231220131901012434408240
0000607773231220131902012349959181
0000607783231220131903013287770569
0000607793231220131903013050460600
0000607803231220131903020766270895
0000607813231220131904010314867713
0000607823231220131904013262997608
0000607833231220131906013153210607
0000607843231220131907013343284601
0000607853231220131907019033786039
0000607863231220131910012420704934
0000607873231220131926012319737253
0000607883231220131929013346657565
0000607893231220131931012147108814
0000607903231220131942014844122270
0000607913231220132051014416862276
0000607923241220130534012496829282
0000607933241220130555013360614770
0000607943241220130600013327806623
0000607953241220130619010324626298
0000607963241220130637012992912567
0000607973241220130638012519459656
0000607983241220130645012357601584
0000607993241220130646012598219629
0000608003241220130649013022098560
0000608013241220130650020421048306
0000608023241220130653012454253560
0000608033241220130654012621502581
0000608043241220130654013313461580
0000608053241220130654012456823348
0000608063241220130654013084786584
0000608073241220130655012866609745
0000608083241220130655012617905561
0000608093241220130658012709577544
0000608103241220130659010110224296
0000608113241220130700012828524541
0000608123241220130701013074487568
0000608133241220130702012434379364
0000608143241220130703012381218833
0000608153241220130706013232273563
0000608163241220130707010318320689
0000608173241220130707012700736585
0000608183241220130707012434408240
0000608193241220130708012804171568
0000608203241220130708019024306550
0000608213241220130708012666158588
0000608223241220130708012837505627
0000608233241220130708013015254676
0000608243241220130708019025472497
0000608253241220130709014844122270
0000608263241220130709012595990588
0000608273241220130709010813776292
0000608283241220130709021060015201
0000608293241220130710012147108814
0000608303241220130710013346657565
0000608313241220130710012930566584
0000608323241220130710010313440740
0000608333241220130710013366872569
0000608343241220130711012873551609
0000608353241220130713013141216893
0000608363241220130713011390382901
0000608373241220130713016203863522
0000608383241220130721012395856373
0000608393241220130722016587828540
0000608403241220130722013153210607
0000608413241220130723013153210607
0000608423241220130723013153210607
0000608433241220130724012150916527
0000608443241220130724016877092610
0000608453241220130737013534757776
0000608463241220130738012260223216
0000608473241220130745012004930936
0000608483241220130745012386726764
0000608493241220130755019046880284
0000608503241220130815012507644070
0000608513241220130820015783929275
0000608523241220130837012283096148
0000608533241220130844012608653628
0000608543241220130853013194415564
0000608553241220131558012608653628
0000608563241220131601010324626298
0000608573241220131615012739447541
0000608583241220131806018054868788
0000608593241220131832012434379364
0000608603241220131834012477172982
0000608613241220131848013025578628
0000608623241220131851019013900464
0000608633241220131852013074487568
0000608643241220131857012537454741
0000608653241220131858013313461580
0000608663241220131859016203863522
0000608673241220131859021060015201
0000608683241220131900012357601584
0000608693241220131900016270519420
0000608703241220131900012283096148
0000608713241220131900012709577544
0000608723241220131904013262997608
0000608733241220131904012004930936
0000608743241220131905012598219629
0000608753241220131908012930566584
0000608763241220131924013121615628
0000608773251220130617012319737253
0000608783251220130628013726012809
0000608793251220130633012467120491
0000608803251220130638012646806568
0000608813251220130644012456772298
0000608823251220130653013262997608
0000608833251220130653013215730560
0000608843251220130657013121615628
0000608853251220130658013401041583
0000608863251220130658020766270895
0000608873251220130659012598219629
0000608883251220130700012477172982
0000608893251220130700012732485294
0000608903251220130700012509551479
0000608913251220130700012292626227
0000608923251220130703013262997608
0000608933251220130705020421048306
0000608943251220130706015783929275
0000608953251220130707019013900464
0000608963251220130707012621502581
0000608973251220130708013025578628
0000608983251220130709016861599647
0000608993251220130710019046880284
0000609003251220130710016270519420
0000609013251220130711012420704934
0000609023251220130714010110285686
0000609033251220130714013131425546
0000609043251220130715012613267560
0000609053251220130715018054868788
0000609063251220130718012646483297
0000609073251220130721012386726764
0000609083251220130723012866609745
0000609093251220130723012147108814
0000609103251220130724012390167219
0000609113251220130724012425256085
0000609123251220130725012454253560
0000609133251220130727012260223216
0000609143251220130727012617905561
0000609153251220130727012507644070
0000609163251220130728012537454741
0000609173251220130728013534757776
0000609183251220130729019025923308
0000609193251220130729012519459656
0000609203251220130730012381218833
0000609213251220130732016868279664
0000609223251220130733020193270344
0000609233251220130743012466946566
0000609243251220130748013375398548
0000609253251220130751016877092610
0000609263251220130752013345527560
0000609273251220130752012992912567
0000609283251220130809012858636585
0000609293251220130834019037587170
0000609303251220130947010314867713
0000609313251220131815012837573622
0000609323251220131819013366872569
0000609333251220131825012456823348
0000609343251220131845013084786584
0000609353251220131845010813776292
0000609363251220131846013360614770
0000609373251220131847010318320689
0000609383251220131851012434408240
0000609393251220131854013375398548
0000609403251220131854011424881948
0000609413251220131855020766270895
0000609423251220131855012858636585
0000609433251220131856012456772298
0000609443251220131858012598219629
0000609453251220131858012386726764
0000609463251220131900013345527560
0000609473251220131900012319737253
0000609483251220131900013262997608
0000609493251220131900012420704934
0000609503251220131901010110285686
0000609513251220131904010314867713
0000609523251220131904020193270344
0000609533251220131907013329036582
0000609543251220131929016587828540
0000609553261220130614019037587170
0000609563261220130619010324626298
0000609573261220130635012319737253
0000609583261220130637012902859602
0000609593261220130638012992912567
0000609603261220130646011970643336
0000609613261220130647013360614770
0000609623261220130648019013889398
0000609633261220130650010313440740
0000609643261220130652012709577544
0000609653261220130653010814004021
0000609663261220130653012748967625
0000609673261220130653012439169406
0000609683261220130654012598219629
0000609693261220130655012456823348
0000609703261220130656013074487568
0000609713261220130657017005003371
0000609723261220130657012930566584
0000609733261220130658019046560107
0000609743261220130659013761081773
0000609753261220130700012633725629
0000609763261220130701012509551479
0000609773261220130701012613267560
0000609783261220130701013131425546
0000609793261220130701012828524541
0000609803261220130701012813849091
0000609813261220130704013006134620
0000609823261220130704013366872569
0000609833261220130705012467120491
0000609843261220130707010813776292
0000609853261220130708012732485294
0000609863261220130708016587828540
0000609873261220130708016861599647
0000609883261220130709010318320689
0000609893261220130710012390167219
0000609903261220130713012507605539
0000609913261220130715013401041583
0000609923261220130717017044178748
0000609933261220130722013222379628
0000609943261220130724012434408240
0000609953261220130725012425256085
0000609963261220130726012466946566
0000609973261220130727013232273563
0000609983261220130727019025923308
0000609993261220130728013726012809
0000610003261220130739012646483297
0000610013261220130739016868279664
0000610023261220130739012292626227
0000610033261220130739012646806568
0000610043261220130740013215730560
0000610053261220130741016203863522
0000610063261220130746012150916527
0000610073261220130747010631084573
0000610083261220130803013084786584
0000610093261220130809013343284601
0000610103261220130813012905269563
0000610113261220130854013194415564
0000610123261220130857013290933562
0000610133261220131009012670737562
0000610143261220131744013194415564
0000610153261220131803012150916527
0000610163261220131815012670737562
0000610173261220131815012608653628
0000610183261220131831012537454741
0000610193261220131833012552915800
0000610203261220131840012708247605
0000610213261220131841012313261044
0000610223261220131859013025578628
0000610233261220131859013074487568
0000610243261220131900012598219629
0000610253261220131900012905269563
0000610263261220131900012930566584
0000610273261220131901010313440740
0000610283261220131902012319737253
0000610293261220131905016203863522
0000610303261220131905016270519420
0000610313261220131906012477172982
0000610323261220131906010324626298
0000610333261220131906019013900464
0000610343261220131912013232273563
0000610353261220131917013006134620
0000610363261220131925013121615628
0000610373261220131941012728154564
0000610383261220131956016056925650
0000610393271220130535016056925650
0000610403271220130604012477172982
0000610413271220130629012477246218
0000610423271220130645012313763813
0000610433271220130647012449872231
0000610443271220130648012349959181
0000610453271220130649010314867713
0000610463271220130649012371447554
0000610473271220130651013287770569
0000610483271220130651012944519621
0000610493271220130651013050460600
0000610503271220130651012789003604
0000610513271220130651019013889398
0000610523271220130652013262997608
0000610533271220130655013025578628
0000610543271220130658012858636585
0000610553271220130658013121615628
0000610563271220130658013121615628
0000610573271220130659013131637624
0000610583271220130700013290933562
0000610593271220130700016868279664
0000610603271220130700012210252778
0000610613271220130701012552915800
0000610623271220130704012129012282
0000610633271220130704019025923308
0000610643271220130706017005003371
0000610653271220130707012537454741
0000610663271220130707012992912567
0000610673271220130708013312124564
0000610683271220130708016270519420
0000610693271220130710013761081773
0000610703271220130711012813849091
0000610713271220130711012507605539
0000610723271220130712020766270895
0000610733271220130713012490446292
0000610743271220130714012708247605
0000610753271220130714019013900464
0000610763271220130714012633725629
0000610773271220130715012313261044
0000610783271220130717010631084573
0000610793271220130723017044178748
0000610803271220130724019046560107
0000610813271220130726010814004021
0000610823271220130727014084176520
0000610833271220130728012319737253
0000610843271220130731013222379628
0000610853271220130731012150916527
0000610863271220130731012728154564
0000610873271220130734012439169406
0000610883271220130741017019690724
0000610893271220130744017019759333
0000610903271220130748014791971279
0000610913271220130801013346657565
0000610923271220130802013027499601
0000610933271220130814012490932707
0000610943271220130844013194415564
0000610953271220131001011722716058
0000610963271220131028012670737562
0000610973271220131502012879575542
0000610983271220131700012150916527
0000610993271220131718012608653628
0000611003271220131816012456823348
0000611013271220131818011424881948
0000611023271220131826010318320689
0000611033271220131833013366872569
0000611043271220131844010813776292
0000611053271220131846013084786584
0000611063271220131846014084176520
0000611073271220131847013360614770
0000611083271220131851013329036582
0000611093271220131858012858636585
0000611103271220131900012490932707
0000611113271220131901012434408240
0000611123271220131901016587828540
0000611133271220131903012349959181
0000611143271220131903020766270895
0000611153271220131904013121615628
0000611163271220131907010314867713
0000611173271220131909013153210607
0000611183271220131909013287770569
0000611193271220131910012319737253
0000611203271220131915013262997608
0000611213271220131926017019759333
0000611223271220131946012728154564
0000611233271220131948013194415564
0000611243271220131948013346657565
0000611253271220132008017019690724
0000611263271220132011013153387302
0000611273281220130621010324626298
0000611283281220130637012313763813
0000611293281220130641012507605539
0000611303281220130647012708247605
0000611313281220130649016270519420
0000611323281220130649012456823348
0000611333281220130650012930566584
0000611343281220130653014791971279
0000611353281220130656020765234895
0000611363281220130657013022098560
0000611373281220130657012357601584
0000611383281220130657012672783561
0000611393281220130659018087440736
0000611403281220130700012301197869
0000611413281220130700013366872569
0000611423281220130701010813776292
0000611433281220130702013333892587
0000611443281220130702011578161210
0000611453281220130703013074487568
0000611463281220130703011390382901
0000611473281220130703016203863522
0000611483281220130703012210252778
0000611493281220130703013360614770
0000611503281220130703012765965562
0000611513281220130705012789003604
0000611523281220130707012425256085
0000611533281220130708013084786584
0000611543281220130708010326418420
0000611553281220130711013131637624
0000611563281220130712019025923308
0000611573281220130712012728154564
0000611583281220130713013211004547
0000611593281220130713010318320689
0000611603281220130713012728154564
0000611613281220130717012969445621
0000611623281220130717016587828540
0000611633281220130718012381218833
0000611643281220130720012477246218
0000611653281220130720012371447554
0000611663281220130721012879575542
0000611673281220130722021060277850
0000611683281220130722012449872231
0000611693281220130723012490446292
0000611703281220130723012490446292
0000611713281220130726013144033609
0000611723281220130727013027499601
0000611733281220130727013153210607
0000611743281220130727013232273563
0000611753281220130729012944519621
0000611763281220130741012434408240
0000611773281220130755016868279664
0000611783281220130819019033786039
0000611793281220130916013290933562
0000611803281220131649013144033609
0000611813281220131830012537454741
0000611823281220131838012477172982
0000611833281220131844012552915800
0000611843281220131853012598219629
0000611853281220131853013262997608
0000611863281220131854012708247605
0000611873281220131854012930566584
0000611883281220131856012708247605
0000611893281220131901012420704934
0000611903281220131901021060015201
0000611913281220131903012357601584
0000611923281220131903016270519420
0000611933281220131905019033786039
0000611943281220131907019025923308
0000611953281220131908013329036582
0000611963281220131910016203863522
0000611973281220131912010324626298
0000611983281220131920013074487568
0000611993281220131923018087440736
0000612003291220130635012319737253
0000612013291220130646012313261044
0000612023291220130648011578161210
0000612033291220130651012837573622
0000612043291220130653012349959181
0000612053291220130654013262997608
0000612063291220130656021060277850
0000612073291220130658012804171568
0000612083291220130658012804171568
0000612093291220130659012666158588
0000612103291220130700013290933562
0000612113291220130700012477172982
0000612123291220130701012420704934
0000612133291220130702012420704934
0000612143291220130702020765234895
0000612153291220130704012778020561
0000612163291220130704012147108814
0000612173291220130706012873551609
0000612183291220130706012552915800
0000612193291220130707013232273563
0000612203291220130708013262997608
0000612213291220130708019024306550
0000612223291220130710011390382901
0000612233291220130712012537454741
0000612243291220130712012858636585
0000612253291220130713013141216893
0000612263291220130713013328784542
0000612273291220130715012837505627
0000612283291220130716012386726764
0000612293291220130716013153210607
0000612303291220130717012708247605
0000612313291220130717013211004547
0000612323291220130717012313763813
0000612333291220130718013153387302
0000612343291220130718010326418420
0000612353291220130719013333892587
0000612363291220130720010314867713
0000612373291220130723013022098560
0000612383291220130725020766270895
0000612393291220130725012395856373
0000612403291220130726012507605539
0000612413291220130727012243383839
0000612423291220130728012992912567
0000612433291220130729012765965562
0000612443291220130732016861599647
0000612453291220130732012425256085
0000612463291220130737013112078585
0000612473291220130744017019690724
0000612483291220130748012301197869
0000612493291220130748013345527560
0000612523291220130755013389873561
0000612533291220130759012728154564
0000612543291220130911012283096148
0000612553291220131801012456823348
0000612563291220131826012858636585
0000612573291220131827010318320689
0000612583291220131834013015254676
0000612593291220131835013360614770
0000612603291220131837019025923308
0000612613291220131842018054868788
0000612623291220131844016587828540
0000612633291220131845013366872569
0000612643291220131854012434408240
0000612653291220131859020766270895
0000612663291220131901019025472497
0000612673291220131903012386726764
0000612683291220131903010813776292
0000612693291220131905012319737253
0000612703291220131908010314867713
0000612713291220131909013389873561
0000612723291220131910012420704934
0000612733291220131916012283096148
0000612743291220131923013262997608
0000612753291220131925016861599647
0000612763291220131943013112078585
0000612773291220132108011619085695
0000612783291220132112014416862276
0000612793291220132202017019690724
0000612803291220132202017019690724
0000612813301220130558012243383839
0000612823301220130614013360614770
0000612833301220130617010324626298
0000612843301220130623012319737253
0000612853301220130632012992912567
0000612863301220130640012454253560
0000612873301220130644013401041583
0000612883301220130644012930566584
0000612893301220130645012537586842
0000612903301220130647012519459656
0000612913301220130648012386607420
0000612923301220130650012837505627
0000612933301220130652012828524541
0000612943301220130656012709577544
0000612953301220130657013534757776
0000612963301220130657016203863522
0000612973301220130658012456823348
0000612983301220130659012598219629
0000612993301220130659013074487568
0000613003301220130700012700736585
0000613013301220130700012804171568
0000613023301220130703010813776292
0000613033301220130703012617905561
0000613043301220130704012778020561
0000613053301220130704013366872569
0000613063301220130704013333892587
0000613073301220130705012313261044
0000613083301220130705021060015201
0000613093301220130705013312124564
0000613103301220130706010318320689
0000613113301220130707011619085695
0000613123301220130710012395856373
0000613133301220130710012434408240
0000613143301220130712012621502581
0000613153301220130712014416862276
0000613163301220130721013015254676
0000613173301220130721013141216893
0000613183301220130723019025472497
0000613193301220130723010313440740
0000613203301220130724016587828540
0000613213301220130725019024306550
0000613223301220130726012666158588
0000613233301220130727012595990588
0000613243301220130729012837573622
0000613253301220130730012873551609
0000613263301220130730012592635604
0000613273301220130732012004930936
0000613283301220130734012150916527
0000613293301220130739013313461580
0000613303301220130743013345527560
0000613313301220130743013153210607
0000613323301220130806010110224296
0000613333301220130859013194415564
0000613343301220131101012739447541
0000613353301220131106012670737562
0000613363301220131107012608653628
