0000357163310720131448012805882549
0000357173310720131705012150916527
0000357183310720131839012313763813
0000357193310720131840012739447541
0000357203310720131843010324626298
0000357213310720131846013084786584
0000357223310720131850013025578628
0000357233310720131852012598219629
0000357243310720131854012552915800
0000357253310720131900012514463361
0000357263310720131901010110285686
0000357273310720131901010110285686
0000357283310720131901012537454741
0000357293310720131902012420704934
0000357303310720131902012434379364
0000357313310720131903012319737253
0000357323310720131904012386726764
0000357333310720131904019046560107
0000357343310720131904012260223216
0000357353310720131905013262997608
0000357363310720131908013121615628
0000357373310720131909016270519420
0000357383310720131910012477172982
0000357393310720131918012328100750
0000357403310720131919012709577544
0000357413310720131925012283096148
0000357423310720131927012780309565
0000357433310720131927013153104467
0000357443310720131927013074487568
0000357453310720131929012608653628
0000357463310720132256013170028587
0000357473010820130552013006134620
0000357483010820130627013112078585
0000357493010820130638013121615628
0000357503010820130639012319737253
0000357513010820130640012902859602
0000357523010820130644013016465581
0000357533010820130645010314867713
0000357543010820130650012478709718
0000357553010820130650013327806623
0000357563010820130652012858636585
0000357573010820130653012349959181
0000357583010820130653013022469569
0000357593010820130655013025578628
0000357603010820130655012780309565
0000357613010820130656019013889398
0000357623010820130659010814004021
0000357633010820130659013313461580
0000357643010820130700012477172982
0000357653010820130700012552915800
0000357663010820130700012837573622
0000357673010820130702013262997608
0000357683010820130702012873551609
0000357693010820130704012425256085
0000357703010820130706010313440740
0000357713010820130706018087440736
0000357723010820130707012837505627
0000357733010820130708012147108814
0000357743010820130708016270519420
0000357753010820130709016203863522
0000357763010820130709012509551479
0000357773010820130711012395856373
0000357783010820130713012243383839
0000357793010820130713012301197869
0000357803010820130714013211004547
0000357813010820130717012434379364
0000357823010820130717012608653628
0000357833010820130717013153210607
0000357843010820130718010631084573
0000357853010820130721012672783561
0000357863010820130727012666158588
0000357873010820130727013155622600
0000357883010820130728016209910573
0000357893010820130728010326418420
0000357903010820130730019025923308
0000357913010820130732010777518071
0000357923010820130733012313763813
0000357933010820130734013084786584
0000357943010820130736013144033609
0000357953010820130736019025472497
0000357963010820130739012150916527
0000357973010820130753012739447541
0000357983010820130757013343284601
0000357993010820130800012386855181
0000358003010820130805012905269563
0000358013010820130806012728154564
0000358023010820130806013290933562
0000358033010820130809012537454741
0000358043010820130814013232273563
0000358053010820130822013153104467
0000358063010820130823017015352069
0000358073010820130830013329036582
0000362203010820130929011722716058
0000362213010820130949012670737562
0000366343010820131007013194415564
0000366353010820131021017040273738
0000366363010820131109010815119507
0000370493010820131318012456731192
0000370503010820131656011722716058
0000370513010820131716012150916527
0000370523010820131825012670737562
0000370533010820131825013329036582
0000370543010820131828013366872569
0000370553010820131834012708247605
0000370563010820131834012456823348
0000370573010820131835010318320689
0000370583010820131835012386855181
0000370593010820131839013313461580
0000370603010820131840013015254676
0000370613010820131841012804171568
0000370623010820131844010813776292
0000370633010820131847012313261044
0000370643010820131850012434408240
0000370653010820131851012858636585
0000370663010820131852013016465581
0000370673010820131853013022469569
0000370683010820131854012349959181
0000370693010820131854013360614770
0000370703010820131855012319737253
0000370713010820131900010314867713
0000370723010820131900016203863522
0000370733010820131901013343284601
0000370743010820131903016587828540
0000370753010820131903012395856373
0000370763010820131913012608653628
0000370773010820131914013153104467
0000370783010820131915016056925650
0000370793010820131955012739447541
0000370803010820132025012514463361
0000370813010820132038019036418472
0000370823020820130531019036418472
0000370833020820130557013006134620
0000370843020820130624012449872231
0000370853020820130625012666158588
0000370863020820130625010324626298
0000370873020820130632012866609745
0000370883020820130640012992912567
0000370893020820130647012454253560
0000370903020820130650010631084573
0000370913020820130651012129012282
0000370923020820130651010777518071
0000370933020820130652013131637624
0000370943020820130652013074487568
0000370953020820130653012519459656
0000370963020820130654013360614770
0000370973020820130654012598219629
0000370983020820130656019013889398
0000370993020820130700012789003604
0000371003020820130700012873551609
0000371013020820130700017040273738
0000371023020820130700010318320689
0000371033020820130700013312124564
0000371043020820130700013112078585
0000371053020820130700012381218833
0000371063020820130702012709577544
0000371073020820130702012328100750
0000371083020820130703012837505627
0000371093020820130703012420704934
0000371103020820130704013534757776
0000371113020820130704012434408240
0000371123020820130704010814004021
0000371133020820130705012434379364
0000371143020820130706012260223216
0000371153020820130707012456823348
0000371163020820130708012478709718
0000371173020820130708012708247605
0000371183020820130709012490932707
0000371193020820130710012621502581
0000371203020820130713010815119507
0000371213020820130713012804171568
0000371223020820130714012386607420
0000371233020820130714013051332568
0000371243020820130716012147108814
0000371253020820130717016587828540
0000371263020820130717013366872569
0000371273020820130718014084176520
0000371283020820130720012828524541
0000371293020820130720017019759333
0000371303020820130722012357601584
0000371313020820130727012313261044
0000371323020820130729010813776292
0000371333020820130733013153210607
0000371343020820130740019025472497
0000371353020820130741012150916527
0000371363020820130747019025923308
0000371373020820130750013153104467
0000371383020820130755017019690724
