0000613383301220131714013194415564
0000613393301220131721012670737562
0000613403301220131728012004930936
0000613413301220131800012708247605
0000613423301220131848012552915800
0000613433301220131849013084786584
0000613443301220131854013025578628
0000613453301220131854012477172982
0000613463301220131854013074487568
0000613473301220131856016270519420
0000613483301220131859012319737253
0000613493301220131900012592635604
0000613503301220131901012930566584
0000613513301220131903013121615628
0000613523301220131904012598219629
0000613533301220131908012537454741
0000613543301220131913012434379364
0000613553301220131913016203863522
0000613563301220131915010324626298
0000613573301220131916012902859602
0000613583301220131940018054868788
0000613593301220131944014844122270
0000613603301220131945013726012809
0000613613301220131950012728154564
0000613623301220132101014416862276
0000613633301220132108012608653628
0000613643311220130543012496829282
0000613653311220130559013726012809
0000613663311220130614014416862276
0000613673311220130628012646806568
0000613683311220130638012467120491
0000613693311220130642013215730560
0000613703311220130643012507605539
0000613713311220130646012319737253
0000613723311220130651013084786584
0000613733311220130656012537586842
0000613743311220130656012420704934
0000613753311220130658013313461580
0000613763311220130659012390167219
0000613773311220130659012552915800
0000613783311220130659013121615628
0000613793311220130700013262997608
0000613803311220130700013025578628
0000613813311220130700013035980542
0000613823311220130701016270519420
0000613833311220130701012621502581
0000613843311220130701016861599647
0000613853311220130702012292626227
0000613863311220130703013006134620
0000613873311220130703016868279664
0000613883311220130709012858636585
0000613893311220130709012349959181
0000613903311220130709010314867713
0000613913311220130709012519459656
0000613923311220130709012434379364
0000613933311220130709012477172982
0000613943311220130710012708247605
0000613953311220130710012700736585
0000613963311220130712020766270895
0000613973311220130713010110224296
0000613983311220130714017019690724
0000613993311220130716021060015201
0000614003311220130717010313440740
0000614013311220130718013153210607
0000614023311220130718012613267560
0000614033311220130718013131425546
0000614043311220130720012728154564
0000614053311220130720012617905561
0000614063311220130722019046880284
0000614073311220130725012537454741
0000614083311220130725012150916527
0000614093311220130726013401041583
0000614103311220130730013534757776
0000614113311220130733012595990588
0000614123311220130735011390382901
0000614133311220130740012992912567
0000614143311220130740012454253560
0000614153311220130745019025923308
0000614163311220130745012507644070
0000614173311220130810012608653628
0000614183311220130837012283096148
0000614193311220130854013194415564
0000614203311220130903015783929275
0000614213311220130919016877092610
0000614223311220130938011722716058
0000614233311220131038012670737562
0000614243311220131415012608653628
0000614253311220131415012670737562
0000614263311220131756012283096148
0000614273311220131825012147108814
0000614283311220131833012456823348
0000614293311220131846010318320689
0000614303311220131847016587828540
0000614313311220131849020766270895
0000614323311220131850013262997608
0000614333311220131850012858636585
0000614343311220131857013366872569
0000614353311220131859013360614770
0000614363311220131859012434408240
0000614373311220131859013035980542
0000614383311220131901019013900464
0000614393311220131904012349959181
0000614403311220131904012349959181
0000614413311220131909012420704934
0000614423311220131909012420704934
0000614433311220131910010314867713
0000614443311220131912012319737253
0000614453311220131912012319737253
0000614463311220131929013006134620
0000614473010120140630010324626298
0000614483010120140636012456772298
0000614493010120140638012992912567
0000614503010120140639012813849091
0000614513010120140645013222379628
0000614523010120140647017005003371
0000614533010120140648012930566584
0000614543010120140651012456823348
0000614553010120140653010318320689
0000614563010120140655010318320689
0000614573010120140655012657781626
0000614583010120140656017044178748
0000614593010120140656012147108814
0000614603010120140657012147108814
0000614613010120140701012509551479
0000614623010120140703012319737253
0000614633010120140704011970643336
0000614643010120140705012732485294
0000614653010120140709016203863522
0000614663010120140710013360614770
0000614673010120140710011390382901
0000614683010120140710012709577544
0000614693010120140710012866609745
0000614703010120140711013333892587
0000614713010120140713013366872569
0000614723010120140713019013900464
0000614733010120140714012646806568
0000614743010120140715012633725629
0000614753010120140715013211004547
0000614763010120140715012357601584
0000614773010120140715012613267560
0000614783010120140717012390167219
0000614793010120140717015783929275
0000614803010120140718012467120491
0000614813010120140718016587828540
0000614823010120140721013153210607
0000614833010120140725012507605539
0000614843010120140726010110285686
0000614853010120140726013131425546
0000614863010120140731016861599647
0000614873010120140731013074487568
0000614883010120140731010814004021
0000614893010120140736019025923308
0000614903010120140739012313261044
0000614913010120140741012292626227
0000614923010120140744019046880284
0000614933010120140749020193270344
0000614943010120140754016868279664
0000614953010120140759012386726764
0000614963010120140819013345527560
0000614973010120140822016877092610
0000614983010120140910019037587170
0000614993010120141758012708247605
0000615003010120141836013084786584
0000615013010120141838012477172982
0000615023010120141838013262997608
0000615033010120141851012552915800
0000615043010120141857013025578628
0000615053010120141857013761081773
0000615063010120141900013345527560
0000615073010120141900020193270344
0000615083010120141901013211004547
0000615093010120141903010110285686
0000615103010120141905011424881948
0000615113010120141905016203863522
0000615123010120141908016270519420
0000615133010120141908013074487568
0000615143010120141910010318320689
0000615153010120141912012357601584
0000615163010120141914019025923308
0000615173010120141917012386726764
0000615183010120141918013121615628
0000615193020120140611012456772298
0000615203020120140615013006134620
0000615213020120140624012319737253
0000615223020120140628012537454741
0000615233020120140639019025923308
0000615243020120140639017005003371
0000615253020120140646013025578628
0000615263020120140647012944519621
0000615273020120140647013121615628
0000615283020120140648012866609745
0000615293020120140650013035980542
0000615303020120140651019013889398
0000615313020120140652012552915800
0000615323020120140653012477172982
0000615333020120140655013329036582
0000615343020120140656019025923308
0000615353020120140659012477246218
0000615363020120140700016270519420
0000615373020120140701013084786584
0000615383020120140701012858636585
0000615393020120140702012349959181
0000615403020120140702010314867713
0000615413020120140702013050460600
0000615423020120140702011970643336
0000615433020120140702013287770569
0000615443020120140703012748967625
0000615453020120140704011390382901
0000615463020120140704012708247605
0000615473020120140705012708247605
0000615483020120140705012509551479
0000615493020120140709010313440740
0000615503020120140713010814004021
0000615513020120140714012657781626
0000615523020120140714013761081773
0000615533020120140714012633725629
0000615543020120140716012992912567
0000615553020120140717012313261044
0000615563020120140717013262997608
0000615573020120140720012813849091
0000615583020120140723012732485294
0000615593020120140726017044178748
0000615603020120140731012150916527
0000615613020120140732012371447554
0000615623020120140733013346657565
0000615633020120140739014791971279
0000615643020120140742013222379628
0000615653020120140749012210252778
0000615663020120140757012592635604
0000615673020120140811013343284601
0000615683020120140845012670737562
0000615693020120140855013290933562
0000615703020120140856013027499601
0000615713020120140934013194415564
0000615723020120140937012739447541
0000615733020120141121012608653628
0000615743020120141637012670737562
0000615753020120141702012150916527
0000615763020120141825012456823348
0000615773020120141833016587828540
0000615783020120141843013366872569
0000615793020120141844010318320689
0000615803020120141851012858636585
0000615813020120141851013360614770
0000615823020120141852012434408240
0000615833020120141859013153210607
0000615843020120141859013194415564
0000615853020120141900012905269563
0000615863020120141900012349959181
0000615873020120141901012708247605
0000615883020120141903019013900464
0000615893020120141903013343284601
0000615903020120141905013006134620
0000615913020120141906012319737253
0000615923020120141906012319737253
0000615933020120141906010314867713
0000615943020120141921016056925650
0000615953020120141929012608653628
0000615963020120142218012739447541
0000615973030120140625010324626298
0000615983030120140627010326418420
0000615993030120140635020765234895
0000616003030120140639012313763813
0000616013030120140649012992912567
0000616023030120140651012930566584
0000616033030120140651012969445621
0000616043030120140652019013889398
0000616053030120140654012672783561
0000616063030120140655012598219629
0000616073030120140655012789003604
0000616083030120140655018087440736
0000616093030120140656013360614770
0000616103030120140657013131637624
0000616113030120140658012709577544
0000616123030120140658013074487568
0000616133030120140659016203863522
0000616143030120140700012357601584
0000616153030120140700012319737253
0000616163030120140701012449872231
0000616173030120140701012456823348
0000616183030120140702013050460600
0000616193030120140702012748967625
0000616203030120140702013312124564
0000616213030120140703013155622600
0000616223030120140704012804171568
0000616233030120140704010631084573
0000616243030120140705012434408240
0000616253030120140706012477246218
0000616263030120140707013346657565
0000616273030120140707014791971279
0000616283030120140709012260223216
0000616293030120140710012129012282
0000616303030120140711012592635604
0000616313030120140712012210252778
0000616323030120140712010318320689
0000616333030120140712020193026753
0000616343030120140713013035980542
0000616353030120140713013153210607
0000616363030120140714013366872569
0000616373030120140714012728154564
0000616383030120140716017019759333
0000616393030120140717013211004547
0000616403030120140717012150916527
0000616413030120140721014084176520
0000616423030120140724019013900464
0000616433030120140726013027499601
0000616443030120140727012371447554
0000616453030120140729013329036582
0000616463030120140733016587828540
0000616473030120140756013290933562
0000616483030120140800017019690724
0000616493030120140826012490932707
0000616503030120140837013194415564
0000616513030120140848012608653628
0000616523030120141126011722716058
0000616533030120141258011722716058
0000616543030120141700012150916527
0000616553030120141758013194415564
0000616563030120141822012552915800
0000616573030120141828013084786584
0000616583030120141834012386607420
0000616593030120141847012708247605
0000616603030120141852013025578628
0000616613030120141854012357601584
0000616623030120141854012930566584
0000616633030120141857012537454741
0000616643030120141858016270519420
0000616653030120141902016203863522
0000616663030120141903010324626298
0000616673030120141906014084176520
0000616683030120141910012129012282
0000616693030120141911012709577544
0000616703030120141914012598219629
0000616713030120141920013074487568
0000616723030120141921017019759333
0000616733030120141932013121615628
0000616743030120141938013153387302
0000616753030120142001017019690724
0000616763040120140606012319737253
0000616773040120140632013084786584
0000616783040120140633013121615628
0000616793040120140644012902859602
0000616803040120140651012552915800
0000616813040120140651012349959181
0000616823040120140652010314867713
0000616833040120140656013141216893
0000616843040120140656019024306550
0000616853040120140659018087440736
0000616863040120140659012873551609
0000616873040120140701012789003604
0000616883040120140701012992912567
0000616893040120140702013022098560
0000616903040120140703013153210607
0000616913040120140703020765234895
0000616923040120140703010326418420
0000616933040120140705016270519420
0000616943040120140706012449872231
0000616953040120140707012301197869
0000616963040120140707013025578628
0000616973040120140707012147108814
0000616983040120140710013262997608
0000616993040120140711020766270895
0000617003040120140713012944519621
0000617013040120140714013333892587
0000617023040120140714012778020561
0000617033040120140715013144033609
0000617043040120140715013131637624
0000617053040120140716012386607420
0000617063040120140718012672783561
0000617073040120140721019033786039
0000617083040120140723013211004547
0000617093040120140724012804171568
0000617103040120140725013155622600
0000617113040120140726012260223216
0000617123040120140726012708247605
0000617133040120140727012395856373
0000617143040120140732012858636585
0000617153040120140735012537454741
0000617163040120140740012243383839
0000617173040120140741012728154564
0000617183040120140759012666158588
0000617193040120140853021060277850
0000617203040120140907011578161210
0000617213040120141824012456823348
0000617223040120141828013366872569
0000617233040120141848013360614770
0000617243040120141851012434408240
0000617253040120141852010813776292
0000617263040120141855012858636585
0000617273040120141855016270519420
0000617283040120141901013262997608
0000617293040120141901013262997608
0000617303040120141901012349959181
0000617313040120141908010314867713
0000617323040120141908020766270895
0000617333040120141921012319737253
0000617343040120141925012873551609
0000617353040120141938019033786039
0000617363040120142039010824705987
0000617373050120140627010324626298
0000617383050120140636012319737253
0000617393050120140639012828524541
0000617403050120140642012837573622
0000617413050120140645018054868788
0000617423050120140647012454253560
0000617433050120140651012598219629
0000617443050120140654012930566584
0000617453050120140656012537586842
0000617463050120140657012621502581
0000617473050120140657013401041583
0000617483050120140658020421048306
0000617493050120140659021060015201
0000617503050120140700012519459656
0000617513050120140700012434379364
0000617523050120140700021060277850
0000617533050120140700012456823348
0000617543050120140701012709577544
0000617553050120140702010813776292
0000617563050120140703013360614770
0000617573050120140705012617905561
0000617583050120140706013074487568
0000617593050120140708012666158588
0000617603050120140708016270519420
0000617613050120140709016203863522
0000617623050120140710017019690724
0000617633050120140712012381218833
0000617643050120140713012395856373
0000617653050120140714012944519621
0000617663050120140714013328784542
0000617673050120140715013022098560
0000617683050120140715013366872569
0000617693050120140716013534757776
0000617703050120140718011390382901
0000617713050120140720012778020561
0000617723050120140721011578161210
0000617733050120140722012434408240
0000617743050120140724013153210607
0000617753050120140725012765965562
0000617763050120140726012243383839
0000617773050120140726012260223216
0000617783050120140726012386726764
0000617793050120140734012147108814
0000617803050120140736013141216893
0000617813050120140737013232273563
0000617823050120140742012301197869
0000617833050120140755013153387302
0000617843050120140845013262997608
0000617853050120140930012283096148
0000617863050120141804012992912567
0000617873050120141820010318320689
0000617883050120141828012477172982
0000617893050120141828012708247605
0000617903050120141833013232273563
0000617913050120141846020765234895
0000617923050120141849012319737253
0000617933050120141857012537454741
0000617943050120141857016203863522
0000617953050120141859010324626298
0000617963050120141859012552915800
0000617973050120141900012598219629
0000617983050120141900013345527560
0000617993050120141912013074487568
0000618003050120141915012930566584
0000618013050120141918012386726764
0000618023050120141923012283096148
0000618033050120141937011619085695
0000618043050120141937017019690724
0000618053050120141947013121615628
0000618063050120142049014416862276
0000618073060120140600012467120491
0000618083060120140618014416862276
0000618093060120140633012646483297
0000618103060120140644012349959181
0000618113060120140644013215730560
0000618123060120140645012507605539
0000618133060120140645012646806568
0000618143060120140647012319737253
0000618153060120140649013262997608
0000618163060120140649019025923308
0000618173060120140653020766270895
0000618183060120140656012260223216
0000618193060120140656016861599647
0000618203060120140657012700736585
0000618213060120140657012519459656
0000618223060120140658010318320689
0000618233060120140659012552915800
0000618243060120140700012434379364
0000618253060120140702012425256085
0000618263060120140703012709577544
0000618273060120140703012858636585
0000618283060120140703011619085695
0000618293060120140704011619085695
0000618303060120140704012858636585
0000618313060120140706012837505627
0000618323060120140707012708247605
0000618333060120140709012621502581
0000618343060120140709020421048306
0000618353060120140709012477172982
0000618363060120140709012454253560
0000618373060120140710013121615628
0000618383060120140710012390167219
0000618393060120140712012420704934
0000618403060120140713013345527560
0000618413060120140714012992912567
0000618423060120140715012381218833
0000618433060120140717013401041583
0000618443060120140719013232273563
0000618453060120140720018054868788
0000618463060120140720012292626227
0000618473060120140723012595990588
0000618483060120140724012828524541
0000618493060120140726012617905561
0000618503060120140726012837573622
0000618513060120140727012765965562
0000618523060120140728020765234895
0000618533060120140728013534757776
0000618543060120140730012004930936
0000618553060120140730012537454741
0000618563060120140732013027499601
0000618573060120140734021060015201
0000618583060120140735013131425546
0000618593060120140736012613267560
0000618603060120140744012537586842
0000618613060120140745012466946566
0000618623060120140749010313440740
0000618633060120140758012150916527
0000618643060120140806013343284601
0000618653060120140806019033786039
0000618663060120140846010314867713
0000618673060120140915012608653628
0000618683060120141016013194415564
0000618693060120141729012150916527
0000618703060120141757012004930936
0000618713060120141803012608653628
0000618723060120141826012434408240
0000618733060120141835012456823348
0000618743060120141838013366872569
0000618753060120141848013329036582
0000618763060120141848010813776292
0000618773060120141851013360614770
0000618783060120141852012598219629
0000618793060120141853016587828540
0000618803060120141853012858636585
0000618813060120141854012804171568
0000618823060120141855013084786584
0000618833060120141856012739447541
0000618843060120141857013194415564
0000618853060120141901020765234895
0000618863060120141902012390167219
0000618873060120141902013027499601
0000618883060120141904010314867713
0000618893060120141905012420704934
0000618903060120141906012319737253
0000618913060120141907019033786039
0000618923060120141910013343284601
0000618933060120141921012349959181
0000618943060120141952014844122270
0000618953060120141954012425256085
0000618963070120140539012496829282
0000618973070120140555013360614770
0000618983070120140624010324626298
0000618993070120140635013726012809
0000619003070120140645012828524541
0000619013070120140648012062693674
0000619023070120140650012837505627
0000619033070120140652012598219629
0000619043070120140654017044178748
0000619053070120140654012439169406
0000619063070120140655010814004021
0000619073070120140655013074487568
0000619083070120140655012598219629
0000619093070120140655012456823348
0000619103070120140655012657781626
0000619113070120140655013333892587
0000619123070120140657012709577544
0000619133070120140658013401041583
0000619143070120140659019013900464
0000619153070120140659012700736585
0000619163070120140702019046560107
0000619173070120140703012386607420
0000619183070120140703013084786584
0000619193070120140704010313440740
0000619203070120140705016861599647
0000619213070120140705012357601584
0000619223070120140705011970643336
0000619233070120140705012613267560
0000619243070120140705013131425546
0000619253070120140707012804171568
0000619263070120140708012507605539
0000619273070120140709013232273563
0000619283070120140709016877092610
0000619293070120140712013761081773
0000619303070120140713019025923308
0000619313070120140713019046880284
0000619323070120140714012467120491
0000619333070120140715014844122270
0000619343070120140716012646483297
0000619353070120140717012633725629
0000619363070120140718020765234895
0000619373070120140719012930566584
0000619383070120140719013215730560
0000619393070120140723012466946566
0000619403070120140723012595990588
0000619413070120140725010813776292
0000619423070120140725012434408240
0000619433070120140726012292626227
0000619443070120140726013366872569
0000619453070120140726013222379628
0000619463070120140727016587828540
0000619473070120140728012646806568
0000619483070120140732020421048306
0000619493070120140732016203863522
0000619503070120140735013329036582
0000619513070120140737012150916527
0000619523070120140748013389873561
0000619533070120140752017005003371
0000619543070120140805012507644070
0000619553070120140824012739447541
0000619563070120140839013194415564
0000619573070120140909011722716058
0000619583070120140910012608653628
0000619593070120141023011722716058
