0000627433170120140618010324626298
0000627443170120140621012666158588
0000627453170120140637012992912567
0000627463170120140648012828524541
0000627473170120140648012866609745
0000627483170120140649019013889398
0000627493170120140653012449872231
0000627503170120140655020765234895
0000627513170120140658012709577544
0000627523170120140658012598219629
0000627533170120140658012129012282
0000627543170120140658013170028587
0000627553170120140658012456823348
0000627563170120140701018054868788
0000627573170120140701013141216893
0000627583170120140701020421048306
0000627593170120140702020421048306
0000627603170120140702020421048306
0000627613170120140702012381218833
0000627623170120140702012386607420
0000627633170120140702013290933562
0000627643170120140704012617905561
0000627653170120140704013131637624
0000627663170120140705013534757776
0000627673170120140708012789003604
0000627683170120140709021060015201
0000627693170120140712010318320689
0000627703170120140713012621502581
0000627713170120140714010631084573
0000627723170120140714017019759333
0000627733170120140717013232273563
0000627743170120140721012748967625
0000627753170120140723012873551609
0000627763170120140725013370244542
0000627773170120140726012371307655
0000627783170120140727012837573622
0000627793170120140730012147108814
0000627803170120140731013153210607
0000627813170120140737012952623564
0000627823170120140742019024306550
0000627833170120140742012243383839
0000627843170120140743012395856373
0000627853170120140748012434408240
0000627863170120140751013360614770
0000627873170120140752013360614770
0000627883170120140752013726012809
0000627893170120140757012150916527
0000627903170120140804013194415564
0000627913170120140809016587828540
0000627923170120140810012490932707
0000627933170120140816019025472497
0000627943170120140824010813776292
0000627953170120140831012608653628
