0000564713311020130821012905269563
0000564723311020130829011722716058
0000564733311020130836012873551609
0000564743311020130941012739447541
0000564753311020130956013290933562
0000564763311020131711012150916527
0000564773311020131821016056925650
0000564783311020131832016270519420
0000564793311020131834013074487568
0000564803311020131841013262997608
0000564813311020131846019013900464
0000564823311020131849012477172982
0000564833311020131850012552915800
0000564843311020131852012905269563
0000564853311020131852012210252778
0000564863311020131855012739447541
0000564873311020131900013006134620
0000564883311020131902012930566584
0000564893311020131903013050460600
0000564903311020131904013025578628
0000564913311020131909013153210607
0000564923311020131909012319737253
0000564933311020131910013290933562
0000564943311020131914012598219629
0000564953311020131914012709577544
0000564963311020131915016203863522
0000564973311020131937012386607420
0000564983311020131958012537454741
0000564993311020132014013121615628
0000565003311020132051012992912567
0000565013311020132054019036418472
0000565023011120130438019036418472
0000565033011120130541016056925650
0000565043011120130545012646806568
0000565053011120130605012467120491
0000565063011120130605012467120491
0000565073011120130609013262997608
0000565083011120130636012449872231
0000565093011120130638012456823348
0000565103011120130640012319737253
0000565113011120130642010314867713
0000565123011120130643013215730560
0000565133011120130649012349959181
0000565143011120130651012866609745
0000565153011120130652019025923308
0000565163011120130652013051332568
0000565173011120130653019013889398
0000565183011120130653016868279664
0000565193011120130654013313461580
0000565203011120130654012789003604
0000565213011120130655012425256085
0000565223011120130656016861599647
0000565233011120130656012507605539
0000565243011120130657010631084573
0000565253011120130658012748967625
0000565263011120130658019013900464
0000565273011120130658012454253560
0000565283011120130658012519459656
0000565293011120130659012552915800
0000565303011120130659012292626227
0000565313011120130700012477172982
0000565323011120130701012858636585
0000565333011120130702012944519621
0000565343011120130702013025578628
0000565353011120130703021060015201
0000565363011120130705012150916527
0000565373011120130706012129012282
0000565383011120130707013131425546
0000565393011120130707012613267560
0000565403011120130708012621502581
0000565413011120130710013131637624
0000565423011120130711020421048306
0000565433011120130711012992912567
0000565443011120130711012828524541
0000565453011120130712012537454741
0000565463011120130715013121615628
0000565473011120130715013121615628
0000565483011120130717012490932707
0000565493011120130719013153210607
0000565503011120130721013312124564
0000565513011120130722012260223216
0000565523011120130723010815119507
0000565533011120130723017019759333
0000565543011120130725013534757776
0000565553011120130728019033931071
0000565563011120130737017040273738
0000565573011120130739012646483297
0000565583011120130744012466946566
0000565593011120130802012437791118
0000565603011120130805013194415564
0000565613011120130814017019690724
