0000639153310120141847012395856373
0000639183310120141853013194415564
0000639193310120141855017019759333
0000639203310120141855012357601584
0000639213310120141900013074487568
0000639223310120141901013360614770
0000639233310120141901013084786584
0000639243310120141905012129012282
0000639253310120141908010324626298
0000639263310120141911014084176520
0000639273310120141911012477172982
0000639283310120141921012608653628
0000639293310120141931013121615628
0000639303310120142000017019690724
0000639313310120142000017019690724
0000639323310120142001017019690724
0000639333010220140603012319737253
0000639343010220140632012477172982
0000639353010220140640012477246218
0000639363010220140641012879575542
0000639373010220140644012507605539
0000639383010220140650012633725629
0000639393010220140651013084786584
0000639403010220140654012349959181
0000639413010220140654010318320689
0000639423010220140658012552915800
0000639433010220140658012866609745
0000639443010220140658012866609745
0000639453010220140659013022098560
0000639463010220140700013109406585
0000639473010220140701013050460600
0000639483010220140701013025578628
0000639493010220140702013121615628
0000639503010220140704013262997608
0000639513010220140704012301197869
0000639523010220140704012778020561
0000639533010220140709013761081773
0000639543010220140709011970643336
0000639553010220140711013131637624
0000639563010220140711012789003604
0000639573010220140711012944519621
0000639583010220140712012449872231
0000639593010220140712012147108814
0000639603010220140712012708247605
0000639613010220140713013346657565
0000639623010220140713012371447554
0000639633010220140714012371447554
0000639643010220140714021060277850
0000639653010220140715012210252778
0000639663010220140715012420704934
0000639673010220140716012905269563
0000639683010220140717012858636585
0000639693010220140718013329036582
0000639703010220140718019025923308
0000639713010220140718010314867713
0000639723010220140724012969445621
0000639733010220140724014791971279
0000639743010220140724017044178748
0000639753010220140726020766270895
0000639763010220140727011578161210
0000639773010220140728012260223216
0000639783010220140730012313261044
0000639793010220140734019046560107
0000639803010220140734012537454741
0000639813010220140736013170028587
0000639823010220140747013222379628
0000639833010220140752017005003371
0000639843010220140759010814004021
0000639853010220140817019033786039
0000639883010220140919012371189601
0000639893010220140923012490446292
0000639923010220140927013103065565
0000639933010220141828016587828540
0000639943010220141837012456823348
0000639953010220141842013366872569
0000639963010220141846012598219629
0000639973010220141847012858636585
0000639983010220141848013360614770
0000639993010220141852012434408240
0000640003010220141852010813776292
0000640013010220141857012349959181
0000640023010220141900020766270895
0000640033010220141900013262997608
0000640043010220141908012420704934
0000640053010220141910010314867713
0000640063010220141912012319737253
0000640073020220140632012319737253
0000640083020220140637010324626298
0000640093020220140640012313763813
0000640103020220140641018054868788
0000640113020220140652013074487568
0000640123020220140655018087440736
0000640133020220140656012709577544
0000640143020220140657013170028587
0000640153020220140658012456772298
0000640163020220140659016203863522
0000640173020220140700013360614770
0000640183020220140700012456823348
0000640193020220140700010813776292
0000640203020220140703012386607420
0000640213020220140703013211004547
0000640223020220140703012598219629
0000640233020220140705012598219629
0000640243020220140705011578161210
0000640253020220140706012386726764
0000640263020220140707012537586842
0000640273020220140707013366872569
0000640283020220140708012672783561
0000640293020220140709013022098560
0000640303020220140709014791971279
0000640313020220140709013050460600
0000640323020220140710021060277850
0000640333020220140711010326418420
0000640343020220140712012778020561
0000640353020220140712012381218833
0000640363020220140714012301197869
0000640373020220140714012260223216
0000640383020220140716012371447554
0000640393020220140719012969445621
0000640403020220140719013345527560
0000640413020220140720020765234895
0000640423020220140721012477246218
0000640433020220140722012210252778
0000640443020220140723013329036582
0000640453020220140724012765965562
0000640463020220140727012728154564
0000640473020220140727012879575542
0000640483020220140727012490446292
0000640493020220140727013343284601
0000640503020220140730012507605539
0000640513020220140732012434408240
0000640523020220140742016587828540
0000640533020220140750012243383839
0000640543020220140758011390382901
0000640553020220140833013144033609
0000640563020220140858013131573545
0000640573020220140905013346657565
0000640583020220141807012837573622
0000640593020220141820010318320689
0000640603020220141831012708247605
0000640613020220141841012477172982
0000640623020220141846021060015201
0000640633020220141850013153387302
0000640643020220141851012456772298
0000640653020220141852012552915800
0000640663020220141852013025578628
0000640673020220141854012598219629
0000640683020220141855013155622600
0000640693020220141858012672783561
0000640703020220141900012537454741
0000640713020220141901012313763813
0000640723020220141908010324626298
0000640733020220141909012319737253
0000640743020220141912013131573545
0000640753020220141912012709577544
0000640763020220141919012243383839
0000640773020220141920013074487568
0000640783020220141920012243383839
0000640793020220141920011660532315
0000640803020220141921013328784542
0000640813020220141921012386726764
0000640823020220141928013343284601
0000640833020220142002011619085695
0000640843020220142143014416862276
0000640853030220140550011970643336
0000640863030220140639013327806623
0000640873030220140641019025923308
0000640883030220140643012371307655
0000640893030220140650013370244542
0000640903030220140654012858636585
0000640913030220140656012700736585
0000640923030220140657013025578628
0000640933030220140657013262997608
0000640943030220140659013328784542
0000640953030220140700011660532315
0000640963030220140700020766270895
0000640973030220140703010314867713
0000640983030220140704012395856373
0000640993030220140705012147108814
0000641003030220140706012708247605
0000641013030220140706018087440736
0000641023030220140707012381218833
0000641033030220140708012552915800
0000641043030220140710012595990588
0000641053030220140710013153210607
0000641063030220140711012477172982
0000641073030220140711020765234895
0000641083030220140712012837505627
0000641093030220140712016861599647
0000641103030220140713012873551609
0000641113030220140713013141216893
0000641123030220140713012902859602
0000641133030220140715012420704934
0000641143030220140715016203863522
0000641153030220140715012837573622
0000641163030220140716013155622600
0000641173030220140717019025472497
0000641183030220140718013333892587
0000641193030220140721013144033609
0000641203030220140722012319737253
0000641213030220140722013170028587
0000641223030220140722012537454741
0000641233030220140722018054868788
0000641243030220140722010326418420
0000641253030220140724014416862276
0000641263030220140726012004930936
0000641273030220140726012765965562
0000641283030220140727012150916527
0000641293030220140729012349959181
0000641303030220140729010318320689
0000641313030220140729021060015201
0000641323030220140746013194415564
0000641333030220140746012386607420
0000641343030220140746013343284601
0000641353030220140747012537586842
0000641363030220140747013345527560
0000641373030220140747012952623564
0000641383030220140753012728154564
