0000624643130120141719012004930936
0000624653130120141801013194415564
0000624663130120141807012708247605
0000624673130120141811012608653628
0000624683130120141838012552915800
0000624693130120141840012477172982
0000624703130120141841013084786584
0000624713130120141841013262997608
0000624723130120141843012313261044
0000624733130120141854016270519420
0000624743130120141858013121615628
0000624753130120141902012598219629
0000624763130120141903016587828540
0000624773130120141903012357601584
0000624783130120141903016203863522
0000624793130120141906010324626298
0000624803130120141907012739447541
0000624813130120141910013025578628
0000624823130120141927013343284601
0000624833130120142027012496829282
0000624843130120142049014416862276
0000624853140120140550012496829282
0000624863140120140607012657781626
0000624873140120140634012879575542
0000624883140120140638012319737253
0000624893140120140645012944519621
0000624903140120140645012349959181
0000624913140120140645012537454741
0000624923140120140647013025578628
0000624933140120140648012371447554
0000624943140120140658013050460600
0000624953140120140659013121615628
0000624963140120140659012552915800
0000624973140120140659013155622600
0000624983140120140700017005003371
0000624993140120140701012858636585
0000625003140120140701013035980542
0000625013140120140702010314867713
0000625023140120140702012477246218
0000625033140120140703013312124564
0000625043140120140703019013900464
0000625053140120140703012700736585
0000625063140120140704013287770569
0000625073140120140706012477172982
0000625083140120140708016270519420
0000625093140120140710013761081773
0000625103140120140710017044178748
0000625113140120140710012633725629
0000625123140120140711010814004021
0000625133140120140711010814004021
0000625143140120140711013346657565
0000625153140120140712012420704934
0000625163140120140713013084786584
0000625173140120140714012708247605
0000625183140120140714012313261044
0000625193140120140715012490446292
0000625203140120140715013222379628
0000625213140120140716012613267560
0000625223140120140717010110224296
0000625233140120140719020766270895
0000625243140120140722012386607420
0000625253140120140724012969445621
0000625263140120140725013170028587
0000625273140120140726019046560107
0000625283140120140726012592635604
0000625293140120140727013401041583
0000625303140120140728015783929275
0000625313140120140739012828524541
0000625323140120140741013262997608
0000625333140120140745016877092610
0000625343140120140746013389873561
0000625353140120140747010313440740
0000625363140120140758012837505627
0000625373140120140758012507644070
0000625383140120140804012150916527
0000625393140120140836019046880284
0000625403140120140848012608653628
0000625413140120140859012283096148
0000625423140120140910012748967625
0000625433140120140939012739447541
0000625443140120141536013329036582
0000625453140120141656012150916527
0000625463140120141800012739447541
0000625473140120141816013366872569
0000625483140120141826012456823348
0000625493140120141847013262997608
0000625503140120141850012434408240
0000625513140120141853013121615628
0000625523140120141855012858636585
0000625533140120141855012420704934
0000625543140120141857013312124564
0000625553140120141858012598219629
0000625563140120141900013153210607
0000625573140120141900012319737253
0000625583140120141900012319737253
0000625593140120141901012349959181
0000625603140120141901014791971279
0000625613140120141902012613267560
0000625623140120141906010314867713
0000625633140120141910020766270895
0000625643140120141913013287770569
0000625653140120141920012283096148
0000625663140120141924012537454741
0000625673140120141945012608653628
0000625683140120141955013389873561
0000625693140120142049013290933562
0000625703150120140619013726012809
0000625713150120140622010326418420
0000625723150120140628010324626298
0000625733150120140637010318320689
0000625743150120140639012519459656
0000625753150120140641018054868788
0000625763150120140648012456772298
0000625773150120140649013155622600
0000625783150120140651012709577544
0000625793150120140651013121615628
0000625803150120140654013144033609
0000625813150120140656018087440736
0000625823150120140657012456823348
0000625833150120140700012509551479
0000625843150120140701012357601584
0000625853150120140703012313763813
0000625863150120140704013345527560
0000625873150120140704013074487568
0000625883150120140704013170028587
0000625893150120140705012371447554
0000625903150120140706012386607420
0000625913150120140706013035980542
0000625923150120140707010110285686
0000625933150120140711012672783561
0000625943150120140711019013900464
0000625953150120140711013050460600
0000625963150120140711012969445621
0000625973150120140711012879575542
0000625983150120140711012425256085
0000625993150120140711012732485294
0000626003150120140712012598219629
0000626013150120140712013366872569
0000626023150120140712019025923308
0000626033150120140712020193270344
0000626043150120140713013346657565
0000626053150120140713012490446292
0000626063150120140713013262997608
0000626073150120140713012944519621
0000626083150120140715013232273563
0000626093150120140716012420704934
0000626103150120140716015783929275
0000626113150120140716012477246218
0000626123150120140719012592635604
0000626133150120140720013329036582
0000626143150120140723012319737253
0000626153150120140725013211004547
0000626163150120140729012728154564
0000626173150120140731012434408240
0000626183150120140737012748967625
0000626193150120140744012150916527
0000626203150120140751013153210607
0000626213150120140817012608653628
0000626223150120140825012739447541
0000626233150120140826012386726764
0000626243150120140832016877092610
0000626253150120141700012150916527
0000626263150120141731012608653628
0000626273150120141743012739447541
0000626283150120141825012708247605
0000626293150120141838019033786039
0000626303150120141840012552915800
0000626313150120141845013084786584
0000626323150120141847012837573622
0000626333150120141847016270519420
0000626343150120141852013121615628
0000626353150120141854012357601584
0000626363150120141855012313763813
0000626373150120141856012537454741
0000626383150120141856012456772298
0000626393150120141900013025578628
0000626403150120141902012420704934
0000626413150120141905010324626298
0000626423150120141908012709577544
0000626433150120141909021060015201
0000626443150120141910010318320689
0000626453150120141913020193270344
0000626463150120141913012672783561
0000626473150120141916012386726764
0000626483150120141916013074487568
0000626493150120141916013345527560
0000626503150120141923012477172982
0000626513150120141933012434379364
0000626523160120140603013726012809
0000626533160120140647019013889398
0000626543160120140647013025578628
0000626553160120140648012519459656
0000626563160120140649012952623564
0000626573160120140652013370244542
0000626583160120140652010314867713
0000626593160120140653012902859602
0000626603160120140653012349959181
0000626613160120140655012147108814
0000626623160120140655012395856373
0000626633160120140656013121615628
0000626643160120140658012666158588
0000626653160120140700016203863522
0000626663160120140701016270519420
0000626673160120140701012509551479
0000626683160120140702012873551609
0000626693160120140702013141216893
0000626703160120140703012552915800
0000626713160120140703019024306550
0000626723160120140704012537454741
0000626733160120140704012537454741
0000626743160120140705018054868788
0000626753160120140705012837573622
0000626763160120140705012858636585
0000626773160120140706013153210607
0000626783160120140706010631084573
0000626793160120140710012434379364
0000626803160120140710013211004547
0000626813160120140711013144033609
0000626823160120140711021060015201
0000626833160120140712013232273563
0000626843160120140712012425256085
0000626853160120140712018087440736
0000626863160120140714012708247605
0000626873160120140714020766270895
0000626883160120140716010313440740
0000626893160120140716012728154564
0000626903160120140716019025472497
0000626913160120140717012748967625
0000626923160120140720013343284601
0000626933160120140721013170028587
0000626943160120140723012150916527
0000626953160120140726013155622600
0000626963160120140728012732485294
0000626973160120140731013084786584
0000626983160120140732010326418420
0000626993160120140735012243383839
0000627003160120140753012477172982
0000627013160120140759012608653628
0000627023160120140817013006134620
0000627033160120140831012905269563
0000627043160120140852013290933562
0000627053160120140907013194415564
