0000564713311020130821012905269563
0000564723311020130829011722716058
0000564733311020130836012873551609
0000564743311020130941012739447541
0000564753311020130956013290933562
0000564763311020131711012150916527
0000564773311020131821016056925650
0000564783311020131832016270519420
0000564793311020131834013074487568
0000564803311020131841013262997608
0000564813311020131846019013900464
0000564823311020131849012477172982
0000564833311020131850012552915800
0000564843311020131852012905269563
0000564853311020131852012210252778
0000564863311020131855012739447541
0000564873311020131900013006134620
0000564883311020131902012930566584
0000564893311020131903013050460600
0000564903311020131904013025578628
0000564913311020131909013153210607
0000564923311020131909012319737253
0000564933311020131910013290933562
0000564943311020131914012598219629
0000564953311020131914012709577544
0000564963311020131915016203863522
0000564973311020131937012386607420
0000564983311020131958012537454741
0000564993311020132014013121615628
0000565003311020132051012992912567
0000565013311020132054019036418472
0000565023011120130438019036418472
0000565033011120130541016056925650
0000565043011120130545012646806568
0000565053011120130605012467120491
0000565063011120130605012467120491
0000565073011120130609013262997608
0000565083011120130636012449872231
0000565093011120130638012456823348
0000565103011120130640012319737253
0000565113011120130642010314867713
0000565123011120130643013215730560
0000565133011120130649012349959181
0000565143011120130651012866609745
0000565153011120130652019025923308
0000565163011120130652013051332568
0000565173011120130653019013889398
0000565183011120130653016868279664
0000565193011120130654013313461580
0000565203011120130654012789003604
0000565213011120130655012425256085
0000565223011120130656016861599647
0000565233011120130656012507605539
0000565243011120130657010631084573
0000565253011120130658012748967625
0000565263011120130658019013900464
0000565273011120130658012454253560
0000565283011120130658012519459656
0000565293011120130659012552915800
0000565303011120130659012292626227
0000565313011120130700012477172982
0000565323011120130701012858636585
0000565333011120130702012944519621
0000565343011120130702013025578628
0000565353011120130703021060015201
0000565363011120130705012150916527
0000565373011120130706012129012282
0000565383011120130707013131425546
0000565393011120130707012613267560
0000565403011120130708012621502581
0000565413011120130710013131637624
0000565423011120130711020421048306
0000565433011120130711012992912567
0000565443011120130711012828524541
0000565453011120130712012537454741
0000565463011120130715013121615628
0000565473011120130715013121615628
0000565483011120130717012490932707
0000565493011120130719013153210607
0000565503011120130721013312124564
0000565513011120130722012260223216
0000565523011120130723010815119507
0000565533011120130723017019759333
0000565543011120130725013534757776
0000565553011120130728019033931071
0000565563011120130737017040273738
0000565573011120130739012646483297
0000565583011120130744012466946566
0000565593011120130802012437791118
0000565603011120130805013194415564
0000565613011120130814017019690724
0000565623011120130834011722716058
0000565633011120130912012739447541
0000565643011120130928012670737562
0000565653011120130938013726012809
0000565663011120131811012150916527
0000565673011120131811013194415564
0000565683011120131834013084786584
0000565693011120131835013366872569
0000565703011120131838011424881948
0000565713011120131848012434408240
0000565723011120131854019033931071
0000565733011120131854013360614770
0000565743011120131854012858636585
0000565753011120131855010314867713
0000565763011120131856012598219629
0000565773011120131857012456823348
0000565783011120131858012349959181
0000565793011120131859012670737562
0000565803011120131859012739447541
0000565813011120131900012129012282
0000565823011120131903012490932707
0000565833011120131914012708247605
0000565843011120131916017019690724
0000565853011120131919017019759333
0000565863011120131923012319737253
0000565873011120131923012319737253
0000565883011120131938013121615628
0000565893011120131952013153387302
0000565903021120130626013084786584
0000565913021120130633012813849091
0000565923021120130634010324626298
0000565933021120130640017005003371
0000565943021120130643010318320689
0000565953021120130646012709577544
0000565963021120130646012930566584
0000565973021120130647012313261044
0000565983021120130647012439169406
0000565993021120130649021060015201
0000566003021120130650013022098560
0000566013021120130653013401041583
0000566023021120130654017044178748
0000566033021120130655013333892587
0000566043021120130655013360614770
0000566053021120130655013074487568
0000566063021120130656010814004021
0000566073021120130656013761081773
0000566083021120130656012633725629
0000566093021120130700012357601584
0000566103021120130700013313461580
0000566113021120130702012778020561
0000566123021120130703012301197869
0000566133021120130703013131637624
0000566143021120130704012467120491
0000566153021120130705012789003604
0000566163021120130705012449872231
0000566173021120130706019046560107
0000566183021120130707012728154564
0000566193021120130708011424881948
0000566203021120130712012708247605
0000566213021120130712013366872569
0000566223021120130712016861599647
0000566233021120130712012598219629
0000566243021120130713012466946566
0000566253021120130714012425256085
0000566263021120130714012292626227
0000566273021120130715012434408240
0000566283021120130716012437791118
0000566293021120130716012437791118
0000566303021120130716012437791118
0000566313021120130716012613267560
0000566323021120130716013131425546
0000566333021120130724013726012809
0000566343021120130729016203863522
0000566353021120130730012319737253
0000566363021120130733016868279664
0000566373021120130733012646483297
0000566383021120130734011970643336
0000566393021120130734013222379628
0000566403021120130734011578161210
0000566413021120130736012646806568
0000566423021120130921013290933562
0000566433021120130934021060277850
0000566443021120131838012477172982
0000566453021120131843016270519420
0000566463021120131843012537454741
0000566473021120131852013262997608
0000566483021120131859010318320689
0000566493021120131900012930566584
0000566503021120131900012930566584
0000566513021120131902012357601584
0000566523021120131902013074487568
0000566533021120131903012537454741
0000566543021120131905012420704934
0000566553021120131906013025578628
0000566563021120131909010324626298
0000566573021120131917012709577544
0000566583021120131931016203863522
0000566593031120130633012708247605
0000566603031120130635013035980542
0000566613031120130637017005003371
0000566623031120130638013346657565
0000566633031120130638013050460600
0000566643031120130646012420704934
0000566653031120130646012319737253
0000566663031120130647012420704934
0000566673031120130650012456772298
0000566683031120130652012349959181
0000566693031120130655012507605539
0000566703031120130658012732485294
0000566713031120130700012477246218
0000566723031120130700013287770569
0000566733031120130700013025578628
0000566743031120130702014791971279
0000566753031120130702013313461580
0000566763031120130702012313261044
0000566773031120130702012930566584
0000566783031120130703012765965562
0000566793031120130704011970643336
0000566803031120130705013761081773
0000566813031120130705012813849091
0000566823031120130707021060015201
0000566833031120130707012804171568
0000566843031120130707012804171568
0000566853031120130707012633725629
0000566863031120130708016270519420
0000566873031120130708013401041583
0000566883031120130709012728154564
0000566893031120130709013262997608
0000566903031120130709012778020561
0000566913031120130710013345527560
0000566923031120130710012381218833
0000566933031120130711010814004021
0000566943031120130712019046560107
0000566953031120130713013290933562
0000566963031120130714012858636585
0000566973031120130715017044178748
0000566983031120130715013329036582
0000566993031120130716010314867713
0000567003031120130716012477172982
0000567013031120130717013022098560
0000567023031120130717013222379628
0000567033031120130719012592635604
0000567043031120130719012301197869
0000567053031120130720012537454741
0000567063031120130722012439169406
0000567073031120130723013333892587
0000567083031120130724013328784542
0000567093031120130726012371447554
0000567103031120130739013027499601
0000567113031120130752012283096148
0000567123031120130804012386726764
0000567133031120130834017019690724
0000567143031120130836019025923308
0000567153031120130959013349813622
0000567163031120131838016587828540
0000567173031120131838013366872569
0000567183031120131847010813776292
0000567193031120131847012858636585
0000567203031120131847012837573622
0000567213031120131852010318320689
0000567223031120131900012349959181
0000567233031120131900012420704934
0000567243031120131900012283096148
0000567253031120131902012319737253
0000567263031120131903012434408240
0000567273031120131903012456772298
0000567283031120131907012804171568
0000567293031120131908010314867713
0000567303031120131909012490446292
0000567313031120131912012386726764
0000567323031120131919013121615628
0000567333031120131946017019690724
0000567343031120132053014416862276
0000567353031120132107012708247605
0000567363031120132109012708247605
0000567373041120130630010326418420
0000567383041120130636010324626298
0000567393041120130650014791971279
0000567403041120130651012708247605
0000567413041120130652019046560107
0000567423041120130653012646483297
0000567433041120130655012930566584
0000567443041120130655018087440736
0000567453041120130655016209910573
0000567463041120130655012728154564
0000567473041120130656012709577544
0000567483041120130656012357601584
0000567493041120130657012598219629
0000567503041120130659012700736585
0000567513041120130700013366872569
0000567523041120130701013155622600
0000567533041120130701013074487568
0000567543041120130702018054868788
0000567553041120130703012425256085
0000567563041120130703010813776292
0000567573041120130704013144033609
0000567583041120130705010318320689
0000567593041120130705011660532315
0000567603041120130705012837505627
0000567613041120130706013153387302
0000567623041120130706012944519621
0000567633041120130707012595990588
0000567643041120130707012765965562
0000567653041120130708012371447554
0000567663041120130709013333892587
0000567673041120130710016203863522
0000567683041120130711012386607420
0000567693041120130712012969445621
0000567703041120130712013121615628
0000567713041120130714013211004547
0000567723041120130714013027499601
0000567733041120130716013345527560
0000567743041120130716013287770569
0000567753041120130718014416862276
0000567763041120130719012732485294
0000567773041120130720012477246218
0000567783041120130722012490446292
0000567793041120130722013329036582
0000567803041120130722013346657565
0000567813041120130724012507605539
0000567823041120130725012381218833
0000567833041120130725010313440740
0000567843041120130726012837573622
0000567853041120130727012004930936
0000567863041120130727013313461580
0000567873041120130728013050460600
0000567883041120130735021060277850
0000567893041120130735012434408240
0000567903041120130739016587828540
0000567913041120130746013194415564
0000567923041120130753013232273563
0000567933041120130820011722716058
0000567943041120130838012608653628
0000567953041120130838012150916527
0000567963041120130902010110224296
0000567973041120131009012670737562
0000567983041120131658012004930936
0000567993041120131700012150916527
0000568003041120131726012608653628
0000568013041120131744012670737562
0000568023041120131831012477172982
0000568033041120131836012552915800
0000568043041120131837016270519420
0000568053041120131839012672783561
0000568063041120131839013194415564
0000568073041120131851013170028587
0000568083041120131853013074487568
0000568093041120131855011390382901
0000568103041120131857012828524541
0000568113041120131858013084786584
0000568123041120131859013025578628
0000568133041120131900016203863522
0000568143041120131900012930566584
0000568153041120131900012357601584
0000568163041120131901012598219629
0000568173041120131901012537454741
0000568183041120131901013262997608
0000568193041120131901013121615628
0000568203041120131902012944519621
0000568213041120131905019046560107
0000568223041120131905019046560107
0000568233041120131907013211004547
0000568243041120131908012709577544
0000568253041120131909010324626298
0000568263041120131917012434379364
0000568273041120131935012386607420
0000568283041120131936014844122270
0000568293051120130522012496829282
0000568303051120130637013327806623
0000568313051120130638013121615628
0000568323051120130640012456772298
0000568333051120130642012456823348
0000568343051120130646012420704934
0000568353051120130648016861599647
0000568363051120130649012319737253
0000568373051120130651010314867713
0000568383051120130652012902859602
0000568393051120130655012837505627
0000568403051120130655012062693674
0000568413051120130657012147108814
0000568423051120130700011390382901
0000568433051120130700013025578628
0000568443051120130701016270519420
0000568453051120130701018087440736
0000568463051120130702012552915800
0000568473051120130704013313461580
0000568483051120130705012477172982
0000568493051120130705012700736585
0000568503051120130705013155622600
0000568513051120130705013084786584
0000568523051120130707012858636585
0000568533051120130708012349959181
0000568543051120130708012595990588
0000568553051120130708019025472497
0000568563051120130709012425256085
0000568573051120130709010110224296
0000568583051120130709012150916527
0000568593051120130711013262997608
0000568603051120130711014844122270
0000568613051120130711012804171568
0000568623051120130713012873551609
0000568633051120130714010326418420
0000568643051120130714013170028587
0000568653051120130715019046560107
0000568663051120130716019024306550
0000568673051120130718012646483297
0000568683051120130719013144033609
0000568693051120130720018054868788
0000568703051120130720012434379364
0000568713051120130721010777518071
0000568723051120130725013112078585
0000568733051120130730012728154564
0000568743051120130734012666158588
0000568753051120130741013345527560
0000568763051120130746012283096148
0000568773051120130746012243383839
0000568783051120130755012507644070
0000568793051120130800013194415564
0000568803051120130807016877092610
0000568813051120130814012537454741
0000568823051120130926013327806623
0000568833051120130938012739447541
0000568843051120131005012670737562
0000568853051120131147012944519621
0000568863051120131721012150916527
0000568873051120131756013194415564
0000568883051120131807019013900464
0000568893051120131827012670737562
0000568903051120131832013366872569
0000568913051120131838012434408240
0000568923051120131841012608653628
0000568933051120131843010813776292
0000568943051120131843010318320689
0000568953051120131850013360614770
0000568963051120131854012708247605
0000568973051120131855013153210607
0000568983051120131856012858636585
0000568993051120131857012456823348
0000569003051120131858012456772298
0000569013051120131900010314867713
0000569023051120131901012319737253
0000569033051120131902010631084573
0000569043051120131902013313461580
0000569053051120131902013726012809
0000569063051120131903016587828540
0000569073051120131903012349959181
0000569083051120131904012283096148
0000569093051120131904013345527560
0000569103051120131905013312124564
0000569113051120131910011390382901
0000569123051120131911016861599647
0000569133051120131916012420704934
0000569143051120132047012739447541
0000569153061120130626010324626298
0000569163061120130633012992912567
0000569173061120130641012454253560
0000569183061120130642012519459656
0000569193061120130644012828524541
0000569203061120130644013006134620
0000569213061120130647019013900464
0000569223061120130650013360614770
0000569233061120130650012062693674
0000569243061120130650010631084573
0000569253061120130650012357601584
0000569263061120130653012866609745
0000569273061120130653013074487568
0000569283061120130654012930566584
0000569293061120130656012313261044
0000569303061120130657012598219629
0000569313061120130658012509551479
0000569323061120130700010318320689
0000569333061120130700010777518071
0000569343061120130700012621502581
0000569353061120130700012708247605
0000569363061120130702020421048306
0000569373061120130702012147108814
0000569383061120130702012944519621
0000569393061120130703019024306550
0000569403061120130703013313461580
0000569413061120130703011390382901
0000569423061120130703012420704934
0000569433061120130703013312124564
0000569443061120130708016587828540
0000569453061120130709012386607420
0000569463061120130709013366872569
0000569473061120130709012804171568
0000569483061120130710021060015201
0000569493061120130710010110285686
0000569503061120130710013534757776
0000569513061120130711012732485294
0000569523061120130711013112078585
0000569533061120130712012150916527
0000569543061120130712010813776292
0000569553061120130716012666158588
0000569563061120130719012873551609
0000569573061120130720013153210607
0000569583061120130720012260223216
0000569593061120130721012434408240
0000569603061120130723013726012809
0000569613061120130724019025472497
0000569623061120130724012902859602
0000569633061120130724012456731192
0000569643061120130725012395856373
0000569653061120130730016877092610
0000569663061120130738012386726764
0000569673061120130738012507644070
0000569683061120130738012243383839
0000569693061120130739016203863522
0000569703061120130750013345527560
0000569713061120130857012739447541
0000569723061120130901011722716058
0000569733061120130909012592635604
0000569743061120130943012670737562
0000569753061120131804012150916527
0000569763061120131809012537454741
0000569773061120131817012670737562
0000569783061120131824012837573622
0000569793061120131840012552915800
0000569803061120131842013262997608
0000569813061120131844016270519420
0000569823061120131849012386726764
0000569833061120131850013074487568
0000569843061120131850012739447541
0000569853061120131851012477172982
0000569863061120131854013006134620
0000569873061120131856013121615628
0000569883061120131857012357601584
0000569893061120131857012930566584
0000569903061120131859013084786584
0000569913061120131900016203863522
0000569923061120131901013025578628
0000569933061120131902013345527560
0000569943061120131903013051332568
0000569953061120131903012592635604
0000569963061120131904012598219629
0000569973061120131905012381218833
0000569983061120131910012709577544
0000569993061120131912010324626298
0000570003061120131912013312124564
0000570013061120131920010110285686
0000570023061120131925011424881948
0000570033061120131930012434379364
0000570043061120131932012313261044
0000570053061120132030012386607420
0000570063071120130543012646806568
0000570073071120130619012467120491
0000570083071120130634019013889398
0000570093071120130650012456823348
0000570103071120130650019025923308
0000570113071120130652012879575542
0000570123071120130652012507605539
0000570133071120130652013215730560
0000570143071120130655012992912567
0000570153071120130656010314867713
0000570163071120130658016861599647
0000570173071120130700013313461580
0000570183071120130701013121615628
0000570193071120130701013025578628
0000570203071120130701013262997608
0000570213071120130701012509551479
0000570223071120130702016868279664
0000570233071120130702012552915800
0000570243071120130702020421048306
0000570253071120130706012866609745
0000570263071120130706012381218833
0000570273071120130707012621502581
0000570283071120130707012537454741
0000570293071120130708012858636585
0000570303071120130709012454253560
0000570313071120130709012150916527
0000570323071120130709012349959181
0000570333071120130709012319737253
0000570343071120130710012519459656
0000570353071120130711016203863522
0000570363071120130715013084786584
0000570373071120130716013051332568
0000570383071120130716012748967625
0000570393071120130716012434379364
0000570403071120130716016270519420
0000570413071120130717013006134620
0000570423071120130718012260223216
0000570433071120130719012477172982
0000570443071120130721013290933562
0000570453071120130723012837573622
0000570463071120130723013534757776
0000570473071120130731010631084573
0000570483071120130736012292626227
0000570493071120130738021060015201
0000570503071120130740013131425546
0000570513071120130740012613267560
0000570523071120130742012646483297
0000570533071120130742012456731192
0000570543071120130758012732485294
0000570553071120130759012437791118
0000570563071120130805010313440740
0000570573071120130812012466946566
0000570583071120130824013194415564
0000570593071120130825012608653628
0000570603071120130833012670737562
0000570613071120130835012905269563
0000570623071120131044010815119507
0000570633071120131812016056925650
0000570643071120131831013366872569
0000570653071120131846010318320689
0000570663071120131848012670737562
0000570673071120131852012905269563
0000570683071120131854013360614770
0000570693071120131854013194415564
0000570703071120131855012608653628
0000570713071120131901010813776292
0000570723071120131902012395856373
0000570733071120131903012708247605
0000570743071120131908010314867713
0000570753071120131909012434408240
0000570763071120131910012349959181
0000570773071120131912013290933562
0000570783071120131914012456823348
0000570793071120131914012456823348
0000570803071120131914016587828540
0000570813071120131915012319737253
0000570823071120131915012319737253
0000570833071120131918013006134620
0000570843071120131923016203863522
0000570853071120131939016861599647
0000570863081120130526016056925650
0000570873081120130621010324626298
0000570883081120130630012449872231
0000570893081120130649012439169406
0000570903081120130650012930566584
0000570913081120130653013401041583
0000570923081120130653012437791118
0000570933081120130654012467120491
0000570943081120130654013170028587
0000570953081120130655013131637624
0000570963081120130655012748967625
0000570973081120130655019013900464
0000570983081120130656012395856373
0000570993081120130656012709577544
0000571003081120130658013074487568
0000571013081120130658013761081773
0000571023081120130658019024306550
0000571033081120130658010814004021
0000571043081120130658019013889398
0000571053081120130700013360614770
0000571063081120130700012381218833
0000571073081120130700012633725629
0000571083081120130701012789003604
0000571093081120130701012598219629
0000571103081120130701017044178748
0000571113081120130702010318320689
0000571123081120130702010813776292
0000571133081120130704016587828540
0000571143081120130705012357601584
0000571153081120130707017019759333
0000571163081120130707012613267560
0000571173081120130707010815119507
0000571183081120130708013131425546
0000571193081120130709012708247605
0000571203081120130710012944519621
0000571213081120130711013211004547
0000571223081120130713012129012282
0000571233081120130715012728154564
0000571243081120130716019033931071
0000571253081120130716012490932707
0000571263081120130717013366872569
0000571273081120130719010631084573
0000571283081120130721017005003371
0000571293081120130721014084176520
0000571303081120130722012434408240
0000571313081120130723012646483297
0000571323081120130723012646483297
0000571333081120130726012466946566
0000571343081120130730012507605539
0000571353081120130740013222379628
0000571363081120130741012646806568
0000571373081120130742011970643336
0000571383081120130743019025923308
0000571393081120130749012150916527
0000571403081120130757017019690724
0000571413081120130844012739447541
0000571423081120130856012608653628
0000571433081120131700012150916527
0000571443081120131753013194415564
0000571453081120131753012739447541
0000571463081120131809012537454741
0000571473081120131820013084786584
0000571483081120131828012552915800
0000571493081120131840011424881948
0000571503081120131844012129012282
0000571513081120131845013215730560
0000571523081120131848012313261044
0000571533081120131851013025578628
0000571543081120131858012477172982
0000571553081120131859013262997608
0000571563081120131901012490932707
0000571573081120131902017019759333
0000571583081120131903012930566584
0000571593081120131904019033931071
0000571603081120131905012646483297
0000571613081120131905016270519420
0000571623081120131908012709577544
0000571633081120131910010324626298
0000571643081120131913013360614770
0000571653081120131914012598219629
0000571663081120131920013074487568
0000571673081120131921017019690724
0000571683081120131924012381218833
0000571693081120131939012608653628
0000571703081120131956013153387302
0000571713091120130635013084786584
0000571723091120130637012828524541
0000571733091120130638012456823348
0000571743091120130639012879575542
0000571753091120130647012319737253
0000571763091120130648013035980542
0000571773091120130650012349959181
0000571783091120130654013050460600
0000571793091120130655012477246218
0000571803091120130657012552915800
0000571813091120130700012477172982
0000571823091120130702013022098560
0000571833091120130702012490446292
0000571843091120130704012778020561
0000571853091120130705012301197869
0000571863091120130705013131637624
0000571873091120130705013312124564
0000571883091120130706012537454741
0000571893091120130708010314867713
0000571903091120130708012313261044
0000571913091120130708013761081773
0000571923091120130708016270519420
0000571933091120130709019025923308
0000571943091120130709013025578628
0000571953091120130709021060015201
0000571963091120130710013262997608
0000571973091120130711012633725629
0000571983091120130711012789003604
0000571993091120130712012944519621
0000572003091120130713011578161210
0000572013091120130715012858636585
0000572023091120130715013401041583
0000572033091120130716019024306550
0000572043091120130716012449872231
0000572053091120130716013153387302
0000572063091120130718017044178748
0000572073091120130719013346657565
0000572083091120130719021060277850
0000572093091120130721014791971279
0000572103091120130729013222379628
0000572113091120130730013170028587
0000572123091120130732012439169406
0000572133091120130735010814004021
0000572143091120130737012728154564
0000572153091120130748017005003371
0000572163091120130755013290933562
0000572173091120130800012243383839
0000572183091120131820013366872569
0000572193091120131834010318320689
0000572203091120131837016587828540
0000572213091120131841012804171568
0000572223091120131845012708247605
0000572233091120131854010813776292
0000572243091120131856012420704934
0000572253091120131857012434408240
0000572263091120131857012858636585
0000572273091120131859012456823348
0000572283091120131900013360614770
0000572293091120131900012349959181
0000572303091120131900013726012809
0000572313091120131900013312124564
0000572323091120131908010314867713
0000572333091120131910013153210607
0000572343091120131916012992912567
0000572353091120131917012319737253
0000572363101120130628010324626298
0000572373101120130641012319737253
0000572383101120130641012456772298
0000572393101120130644010326418420
0000572403101120130651018087440736
0000572413101120130651018054868788
0000572423101120130651012709577544
0000572433101120130651012930566584
0000572443101120130652012672783561
0000572453101120130655012420704934
0000572463101120130657012420704934
0000572473101120130657013211004547
0000572483101120130658012992912567
0000572493101120130659012598219629
0000572503101120130700013290933562
0000572513101120130700012434408240
0000572523101120130702013170028587
0000572533101120130702019046560107
0000572543101120130702013313461580
0000572553101120130703010813776292
0000572563101120130704012728154564
0000572573101120130705012537454741
0000572583101120130706012708247605
0000572593101120130706013050460600
0000572603101120130707010318320689
0000572613101120130707013366872569
0000572623101120130712021060277850
0000572633101120130713012778020561
0000572643101120130713011578161210
0000572653101120130713012804171568
0000572663101120130713013035980542
0000572673101120130713016587828540
0000572683101120130714016587828540
0000572693101120130714012243383839
0000572703101120130715012371447554
0000572713101120130716012765965562
0000572723101120130717012477246218
0000572733101120130717013726012809
0000572743101120130719013144033609
0000572753101120130719013022098560
0000572763101120130720019025923308
0000572773101120130720013153210607
0000572783101120130721012646483297
0000572793101120130721012301197869
0000572803101120130729012537586842
0000572813101120130729012828524541
0000572823101120130730021060015201
0000572833101120130733013328784542
0000572843101120130735012879575542
0000572853101120130739013346657565
0000572863101120130745012386726764
0000572873101120130750017019690724
0000572883101120130752012992912567
0000572893101120130846013345527560
0000572903101120130908012283096148
0000572913101120131013013349813622
0000572923101120131737012837573622
0000572933101120131829010318320689
0000572943101120131835012552915800
0000572953101120131837012454253560
0000572963101120131848012477172982
0000572973101120131853013262997608
0000572983101120131853021060015201
0000572993101120131853012672783561
0000573003101120131854012456772298
0000573013101120131857012930566584
0000573023101120131858012283096148
0000573033101120131901012598219629
0000573043101120131902012386726764
0000573053101120131910010324626298
0000573063101120131917012319737253
0000573073101120131920012371447554
0000573083101120131930017019690724
0000573093101120131948012992912567
0000573103101120132020014416862276
0000573113111120130610013144033609
0000573123111120130637012456823348
0000573133111120130638012319737253
0000573143111120130642012902859602
0000573153111120130645012700736585
0000573163111120130648012062693674
0000573173111120130656012349959181
0000573183111120130657014416862276
0000573193111120130658012804171568
0000573203111120130659012552915800
0000573213111120130700012477172982
0000573223111120130703012395856373
0000573233111120130703012765965562
0000573243111120130703010314867713
0000573253111120130704019025472497
0000573263111120130704012666158588
0000573273111120130704013333892587
0000573283111120130705012147108814
0000573293111120130705012595990588
0000573303111120130706010318320689
0000573313111120130708013112078585
0000573323111120130708012709577544
0000573333111120130711021060015201
0000573343111120130711012454253560
0000573353111120130711012858636585
0000573363111120130712013153387302
0000573373111120130713013262997608
0000573383111120130713012837573622
0000573393111120130714013170028587
0000573403111120130716013170028587
0000573413111120130716013170028587
0000573423111120130717019046560107
0000573433111120130717018054868788
0000573443111120130719013153210607
0000573453111120130721016203863522
0000573463111120130725018087440736
0000573473111120130730012537586842
0000573483111120130731010313440740
0000573493111120130738010326418420
0000573503111120130749013345527560
0000573513111120130756012150916527
0000573523111120130800013194415564
0000573533111120130803013343284601
0000573543111120130805019033786039
0000573553111120130816012004930936
0000573563111120130821011722716058
0000573573111120130836012728154564
0000573583111120130845013313461580
0000573593111120130845013313461580
0000573603111120130906010110224296
0000573613111120130912012739447541
0000573623111120131049012670737562
0000573633111120131200012425256085
0000573643111120131657012150916527
0000573653111120131707012004930936
0000573663111120131752012739447541
0000573673111120131813012456823348
0000573683111120131826013366872569
0000573693111120131827012608653628
0000573703111120131827012670737562
0000573713111120131840013194415564
0000573723111120131842010813776292
0000573733111120131843012313261044
0000573743111120131856019033786039
0000573753111120131857012434408240
0000573763111120131900016203863522
0000573773111120131900012349959181
0000573783111120131901010314867713
0000573793111120131901012708247605
0000573803111120131902013153387302
0000573813111120131902012858636585
0000573823111120131904013084786584
0000573833111120131906012873551609
0000573843111120131906013343284601
0000573853111120131907010318320689
0000573863111120131908013015254676
0000573873111120131910012319737253
0000573883111120131910012646483297
0000573893111120131911013333892587
0000573903111120131911012395856373
0000573913111120131913012371447554
0000573923111120131920013313461580
0000573933111120131947013121615628
0000573943111120131957014844122270
0000573953111120132009014416862276
0000573963121120130529014416862276
0000573973121120130621013121615628
0000573983121120130622012804171568
0000573993121120130623010324626298
0000574003121120130635012992912567
0000574013121120130636013074487568
0000574023121120130636012371447554
0000574033121120130637012434379364
0000574043121120130638012519459656
0000574053121120130641020421048306
0000574063121120130645012062693674
0000574073121120130647012454253560
0000574083121120130647012420704934
0000574093121120130649012866609745
0000574103121120130652012930566584
0000574113121120130654012456772298
0000574123121120130654012598219629
0000574133121120130658010814004021
0000574143121120130658012837505627
0000574153121120130700012700736585
0000574163121120130700013084786584
0000574173121120130700012357601584
0000574183121120130703012621502581
0000574193121120130704014844122270
0000574203121120130705010813776292
0000574213121120130706012313261044
0000574223121120130706010318320689
0000574233121120130707012381218833
0000574243121120130707021060015201
0000574253121120130708012425256085
0000574263121120130709010313440740
0000574273121120130709010313440740
0000574283121120130709010110224296
0000574293121120130709013112078585
0000574303121120130709013112078585
0000574313121120130710012434408240
0000574323121120130711013155622600
0000574333121120130711019046880284
0000574343121120130712013333892587
0000574353121120130713013313461580
0000574363121120130715013153210607
0000574373121120130717012595990588
0000574383121120130718012633725629
0000574393121120130720012709577544
0000574403121120130720012147108814
0000574413121120130725013232273563
0000574423121120130725012873551609
0000574433121120130727012728154564
0000574443121120130734012666158588
0000574453121120130738012507644070
0000574463121120130740019025472497
0000574473121120130741012150916527
0000574483121120130743012902859602
0000574493121120130810013194415564
0000574503121120130814015783929275
0000574513121120130817012283096148
0000574523121120130823012739447541
0000574533121120130842012608653628
0000574543121120130845012708247605
0000574553121120130903012670737562
0000574563121120131658012150916527
0000574573121120131802013194415564
0000574583121120131811012537454741
0000574593121120131839013051332568
0000574603121120131840019013900464
0000574613121120131846012552915800
0000574623121120131847013025578628
0000574633121120131849012456772298
0000574643121120131851016270519420
0000574653121120131852013262997608
0000574663121120131856012477172982
0000574673121120131900012357601584
0000574683121120131901012930566584
0000574693121120131903013074487568
0000574703121120131912012598219629
0000574713121120131913012283096148
0000574723121120131915012666158588
0000574733121120131915012666158588
0000574743121120131921012709577544
0000574753121120131926010631084573
0000574763121120131927010631084573
0000574773121120131931013121615628
0000574783121120131936013312124564
0000574793121120131940012420704934
0000574803121120132004016877092610
0000574813121120132015012608653628
0000574823121120132022012739447541
0000574833131120130606012467120491
0000574843131120130627012837573622
0000574853131120130634019025923308
0000574863131120130637012646806568
0000574873131120130637012456823348
0000574883131120130637013215730560
0000574893131120130637012879575542
0000574903131120130640010314867713
0000574913131120130640012420704934
0000574923131120130645012902859602
0000574933131120130646012866609745
0000574943131120130649010631084573
0000574953131120130652019013900464
0000574963131120130654012519459656
0000574973131120130654012858636585
0000574983131120130655012349959181
0000574993131120130656012552915800
0000575003131120130656016861599647
0000575013131120130656012507605539
0000575023131120130657012509551479
0000575033131120130657010814004021
0000575043131120130658013025578628
0000575053131120130700020193026753
0000575063131120130700013035980542
0000575073131120130701012319737253
0000575083131120130701012621502581
0000575093131120130703012477172982
0000575103131120130704016270519420
0000575113131120130706020421048306
0000575123131120130706013121615628
0000575133131120130707012732485294
0000575143131120130707013262997608
0000575153131120130713013155622600
0000575163131120130713012386726764
0000575173131120130714012837505627
0000575183131120130715012454253560
0000575193131120130717012537454741
0000575203131120130717012613267560
0000575213131120130717013131425546
0000575223131120130721021060015201
0000575233131120130721012381218833
0000575243131120130722013313461580
0000575253131120130728010110285686
0000575263131120130728012507644070
0000575273131120130731012292626227
0000575283131120130734013051332568
0000575293131120130734012434379364
0000575303131120130741012150916527
0000575313131120130743013312124564
0000575323131120130746013345527560
0000575333131120130748012466946566
0000575343131120130748015783929275
0000575353131120130748016877092610
0000575363131120130800012992912567
0000575373131120130803012437791118
0000575383131120130803013194415564
0000575393131120130902012608653628
0000575403131120130920011722716058
0000575413131120131011012670737562
0000575423131120131700012150916527
0000575433131120131721012670737562
0000575443131120131738013194415564
0000575453131120131802012608653628
0000575463131120131814012708247605
0000575473131120131825013366872569
0000575483131120131837012858636585
0000575493131120131838010110285686
0000575503131120131842010318320689
0000575513131120131847012434408240
0000575523131120131847010813776292
0000575533131120131850016587828540
0000575543131120131852012456823348
0000575553131120131856012425256085
0000575563131120131900012319737253
0000575573131120131901012349959181
0000575583131120131901013360614770
0000575593131120131902013726012809
0000575603131120131902011424881948
0000575613131120131906013084786584
0000575623131120131906010314867713
0000575633131120131914013153210607
0000575643131120131920012386726764
0000575653131120131920012902859602
0000575663131120131926013035980542
0000575673131120131927012420704934
0000575683131120131953012879575542
0000575693131120132015013345527560
0000575703141120130633010324626298
0000575713141120130641017044178748
0000575723141120130649012439169406
0000575733141120130650019013889398
0000575743141120130651012313261044
0000575753141120130651013170028587
0000575763141120130653013074487568
0000575773141120130654013360614770
0000575783141120130655012930566584
0000575793141120130659012598219629
0000575803141120130659013726012809
0000575813141120130659013084786584
0000575823141120130659016203863522
0000575833141120130659012709577544
0000575843141120130700017005003371
0000575853141120130701013153210607
0000575863141120130701012837573622
0000575873141120130703010814004021
0000575883141120130703010814004021
0000575893141120130703012509551479
0000575903141120130703013761081773
0000575913141120130703012633725629
0000575923141120130704012748967625
0000575933141120130704016587828540
0000575943141120130704012708247605
0000575953141120130705013366872569
0000575963141120130706010813776292
0000575973141120130708013401041583
0000575983141120130708016861599647
0000575993141120130708012813849091
0000576003141120130710012395856373
0000576013141120130714013232273563
0000576023141120130716012613267560
0000576033141120130716013131425546
0000576043141120130716012437791118
0000576053141120130716012467120491
0000576063141120130718012434408240
0000576073141120130721012292626227
0000576083141120130722012425256085
0000576093141120130722019025923308
0000576103141120130723012260223216
0000576113141120130724013222379628
0000576123141120130727010318320689
0000576133141120130727011970643336
0000576143141120130728010313440740
0000576153141120130728012466946566
0000576163141120130728012507605539
0000576173141120130732013215730560
0000576183141120130732012646806568
0000576193141120130736010631084573
0000576203141120130746013194415564
0000576213141120130749013006134620
0000576223141120130752013290933562
0000576233141120130756012732485294
0000576243141120130805012456731192
0000576253141120130823013343284601
0000576263141120130842012739447541
0000576273141120130855012357601584
0000576283141120130956012150916527
0000576293141120131356012456772298
0000576303141120131703012150916527
0000576313141120131709012608653628
0000576323141120131758013194415564
0000576333141120131821016056925650
0000576343141120131838016270519420
0000576353141120131838013262997608
0000576363141120131844012537454741
0000576373141120131844021060015201
0000576383141120131847019046560107
0000576393141120131851012552915800
0000576403141120131853012357601584
0000576413141120131859012456772298
0000576423141120131859019013900464
0000576433141120131900012930566584
0000576443141120131901013015254676
0000576453141120131901013025578628
0000576463141120131903010814004021
0000576473141120131904013232273563
0000576483141120131907013312124564
0000576493141120131907012477172982
0000576503141120131912010324626298
0000576513141120131913013074487568
0000576523141120131914012709577544
0000576533141120131915013343284601
0000576543141120131918013170028587
0000576553141120131937012598219629
0000576563141120131937016203863522
0000576573141120131952013290933562
0000576583141120132021012739447541
0000576593151120130537016056925650
0000576603151120130619012449872231
0000576613151120130628012319737253
0000576623151120130634012944519621
0000576633151120130637012879575542
0000576643151120130639012477246218
0000576653151120130640014791971279
0000576663151120130643012456823348
0000576673151120130644013050460600
0000576683151120130651019013889398
0000576693151120130655012552915800
0000576703151120130656012477172982
0000576713151120130657012313261044
0000576723151120130657017005003371
0000576733151120130657013035980542
0000576743151120130657012789003604
0000576753151120130658010631084573
0000576763151120130700012828524541
0000576773151120130700012349959181
0000576783151120130701012613267560
0000576793151120130701019013900464
0000576803151120130701016270519420
0000576813151120130702013262997608
0000576823151120130703013287770569
0000576833151120130703017044178748
0000576843151120130704012129012282
0000576853151120130704013025578628
0000576863151120130706013153210607
0000576873151120130709013346657565
0000576883151120130710013329036582
0000576893151120130710013761081773
0000576903151120130710013401041583
0000576913151120130713012439169406
0000576923151120130714019025923308
0000576933151120130714016203863522
0000576943151120130715012813849091
0000576953151120130715013131637624
0000576963151120130715012371447554
0000576973151120130715012748967625
0000576983151120130715016587828540
0000576993151120130715012260223216
0000577003151120130715012858636585
0000577013151120130716014084176520
0000577023151120130717010314867713
0000577033151120130719017019759333
0000577043151120130719012490932707
0000577053151120130720012592635604
0000577063151120130723013312124564
0000577073151120130727019046560107
0000577083151120130744012537454741
0000577093151120130822017019690724
0000577103151120131813013084786584
0000577113151120131827012708247605
0000577123151120131831013366872569
0000577133151120131840012129012282
0000577143151120131845013360614770
0000577153151120131845014084176520
0000577163151120131847010813776292
0000577173151120131849012858636585
0000577183151120131850012456823348
0000577193151120131900010318320689
0000577203151120131900012490932707
0000577213151120131900016587828540
0000577223151120131902012349959181
0000577233151120131902017019759333
0000577243151120131905012434408240
0000577253151120131905010314867713
0000577263151120131910012319737253
0000577273151120131912016203863522
0000577283151120131921016587828540
0000577293151120131946017019690724
0000577303161120130614010324626298
0000577313161120130628013084786584
0000577323161120130633012319737253
0000577333161120130633018054868788
0000577343161120130649012930566584
0000577353161120130649013022098560
0000577363161120130653012672783561
0000577373161120130654012708247605
0000577383161120130655013170028587
0000577393161120130655020193026753
0000577403161120130655018087440736
0000577413161120130655012709577544
0000577423161120130656013074487568
0000577433161120130658012728154564
0000577443161120130658012313763813
0000577453161120130658013287770569
0000577463161120130659019046560107
0000577473161120130701010813776292
0000577483161120130701012804171568
0000577493161120130702012598219629
0000577503161120130702012613267560
0000577513161120130703012789003604
0000577523161120130703012828524541
0000577533161120130703013050460600
0000577543161120130705013035980542
0000577553161120130705012449872231
0000577563161120130706013144033609
0000577573161120130706013131637624
0000577583161120130707013232273563
0000577593161120130707013366872569
0000577603161120130708012778020561
0000577613161120130708012301197869
0000577623161120130709012944519621
0000577633161120130709013346657565
0000577643161120130710012879575542
0000577653161120130714012434408240
0000577663161120130714011578161210
0000577673161120130716012371447554
0000577683161120130716019025923308
0000577693161120130716012592635604
0000577703161120130718012477246218
0000577713161120130719013329036582
0000577723161120130724010318320689
0000577733161120130731016587828540
0000577743161120130731013153210607
0000577753161120130731019033786039
0000577763161120130732021060015201
0000577773161120130802012666158588
0000577783161120130902013290933562
0000577793161120131226012930566584
0000577803161120131822012537454741
0000577813161120131829012552915800
0000577823161120131841012477246218
0000577833161120131846012477172982
0000577843161120131853016270519420
0000577853161120131859013262997608
0000577863161120131902013360614770
0000577873161120131903013074487568
0000577883161120131904019033786039
0000577893161120131909012434408240
0000577903161120131910012598219629
0000577913161120131911013121615628
0000577923161120131921012319737253
0000577933161120131923010324626298
0000577943161120131931012709577544
0000577953161120131943013232273563
0000577963171120130559012319737253
0000577973171120130613013144033609
0000577983171120130626013726012809
0000577993171120130632012313763813
0000578003171120130636012519459656
0000578013171120130637012456823348
0000578023171120130654012129012282
0000578033171120130656012420704934
0000578043171120130656012552915800
0000578053171120130657012349959181
0000578063171120130657012537586842
0000578073171120130659019024306550
0000578083171120130659012381218833
0000578093171120130700013290933562
0000578103171120130700012147108814
0000578113171120130700012454253560
0000578123171120130700012613267560
0000578133171120130702012313261044
0000578143171120130703012434408240
0000578153171120130704012477172982
0000578163171120130704016270519420
0000578173171120130706011578161210
0000578183171120130707013262997608
0000578193171120130709013006134620
0000578203171120130711013022098560
0000578213171120130711010314867713
0000578223171120130712012778020561
0000578233171120130714013333892587
0000578243171120130714012765965562
0000578253171120130715012301197869
0000578263171120130715012804171568
0000578273171120130715012804171568
0000578283171120130716012858636585
0000578293171120130716012672783561
0000578303171120130717012537454741
0000578313171120130719016861599647
0000578323171120130719012386726764
0000578333171120130722021060015201
0000578343171120130723018054868788
0000578353171120130725019046560107
0000578363171120130725013170028587
0000578373171120130727012477246218
0000578383171120130731013121615628
0000578393171120130733013153210607
0000578403171120130737018087440736
0000578413171120130757012728154564
0000578423171120130758019025472497
0000578433171120130806017019690724
0000578443171120130817012283096148
0000578453171120130911015783929275
0000578463171120130921014416862276
0000578473171120130955013349813622
0000578483171120131141012456772298
0000578493171120131201013006134620
0000578503171120131821016587828540
0000578513171120131825012858636585
0000578523171120131835013366872569
0000578533171120131836012129012282
0000578543171120131844012837573622
0000578553171120131844010813776292
0000578563171120131845010318320689
0000578573171120131856013360614770
0000578583171120131856012456823348
0000578593171120131856012395856373
0000578603171120131859012456772298
0000578613171120131900012349959181
0000578623171120131901010314867713
0000578633171120131904012283096148
0000578643171120131907012434408240
0000578653171120131907012420704934
0000578663171120131910019033786039
0000578673171120131912016861599647
0000578683171120131912012454253560
0000578693171120131915012319737253
0000578703171120131928011619085695
0000578713171120131939017019690724
0000578723181120130624010324626298
0000578733181120130646012454253560
0000578743181120130652012357601584
0000578753181120130653010814004021
0000578763181120130653013401041583
0000578773181120130654012519459656
0000578783181120130654013074487568
0000578793181120130655012598219629
0000578803181120130655013360614770
0000578813181120130656012621502581
0000578823181120130657013153210607
0000578833181120130659012700736585
0000578843181120130700016203863522
0000578853181120130700012709577544
0000578863181120130702012930566584
0000578873181120130703013051332568
0000578883181120130703013366872569
0000578893181120130705012395856373
0000578903181120130705013313461580
0000578913181120130705013534757776
0000578923181120130706012837505627
0000578933181120130708012633725629
0000578943181120130708011390382901
0000578953181120130709010813776292
0000578963181120130710012828524541
0000578973181120130711010318320689
0000578983181120130711012381218833
0000578993181120130712012595990588
0000579003181120130712012613267560
0000579013181120130715016587828540
0000579023181120130717013153387302
0000579033181120130719012313261044
0000579043181120130720012837573622
0000579053181120130720012147108814
0000579063181120130720013015254676
0000579073181120130721012386607420
0000579083181120130722012537586842
0000579093181120130723012765965562
0000579103181120130725013328784542
0000579113181120130726014416862276
0000579123181120130728012434408240
0000579133181120130729010313440740
0000579143181120130731019025472497
0000579153181120130735012150916527
0000579163181120130738012004930936
0000579173181120130745013726012809
0000579183181120130746019024306550
0000579193181120130802013194415564
0000579203181120130816012608653628
0000579213181120130823013343284601
0000579223181120130850012739447541
0000579233181120130912010110224296
0000579243181120131428012670737562
0000579253181120131700012150916527
0000579263181120131755012004930936
0000579273181120131814013194415564
0000579283181120131828012477172982
0000579293181120131830012670737562
0000579303181120131846012552915800
0000579313181120131847013025578628
0000579323181120131852013232273563
0000579333181120131854013074487568
0000579343181120131857013084786584
0000579353181120131859012930566584
0000579363181120131900013343284601
0000579373181120131900012537454741
0000579383181120131900013035980542
0000579393181120131901013262997608
0000579403181120131901016270519420
0000579413181120131904011390382901
0000579423181120131904012709577544
0000579433181120131905012357601584
0000579443181120131905012434379364
0000579453181120131907012592635604
0000579463181120131913010324626298
0000579473181120131915016203863522
0000579483181120131917013312124564
0000579493181120131920012598219629
0000579503181120131927012608653628
0000579513181120131927013401041583
0000579523181120131931012633725629
0000579533181120131935014844122270
0000579543181120131935013121615628
0000579553181120131942013051332568
0000579563181120132041012496829282
0000579573191120130524012496829282
0000579583191120130557012467120491
0000579593191120130631013121615628
0000579603191120130639012292626227
0000579613191120130639012902859602
0000579623191120130641012456823348
0000579633191120130641012319737253
0000579643191120130642013025578628
0000579653191120130643012456772298
0000579663191120130643012646806568
0000579673191120130646014844122270
0000579683191120130647012858636585
0000579693191120130647019025923308
0000579703191120130647013215730560
0000579713191120130652016868279664
0000579723191120130653010314867713
0000579733191120130653012062693674
0000579743191120130657012552915800
0000579753191120130658013084786584
0000579763191120130659012507605539
0000579773191120130700012477172982
0000579783191120130701016270519420
0000579793191120130702012621502581
0000579803191120130702010110224296
0000579813191120130703010814004021
0000579823191120130705012425256085
0000579833191120130708013262997608
0000579843191120130712012700736585
0000579853191120130714013131425546
0000579863191120130714012613267560
0000579873191120130715012349959181
0000579883191120130716012595990588
0000579893191120130717013313461580
0000579903191120130719011390382901
0000579913191120130720012592635604
0000579923191120130720013232273563
0000579933191120130720013312124564
0000579943191120130722012454253560
0000579953191120130723012420704934
0000579963191120130725013112078585
0000579973191120130725013112078585
0000579983191120130727012507644070
0000579993191120130728013015254676
0000580003191120130728012386607420
0000580013191120130733020193026753
0000580023191120130738016877092610
0000580033191120130739013534757776
0000580043191120130739012437791118
0000580053191120130750013194415564
0000580063191120130753012466946566
0000580073191120130755012283096148
0000580083191120130759019046880284
0000580093191120130813012434379364
0000580103191120130814012828524541
0000580113191120130900012670737562
0000580123191120130921012150916527
0000580133191120130941015783929275
0000580143191120131715012150916527
0000580153191120131733012608653628
0000580163191120131733012670737562
0000580173191120131817013194415564
0000580183191120131823016587828540
0000580193191120131840013360614770
0000580203191120131841013366872569
0000580213191120131849010318320689
0000580223191120131849010813776292
0000580233191120131851012708247605
0000580243191120131855012456772298
0000580253191120131855012434408240
0000580263191120131855012858636585
0000580273191120131856012420704934
0000580283191120131859012456823348
0000580293191120131904019013900464
0000580303191120131904012349959181
0000580313191120131907010314867713
0000580323191120131909012437791118
0000580333191120131909012319737253
0000580343191120131916012283096148
0000580353191120131923010631084573
0000580363201120130604012319737253
0000580373201120130629012813849091
0000580383201120130638010324626298
0000580393201120130641012709577544
0000580403201120130648013313461580
0000580413201120130650012439169406
0000580423201120130650010631084573
0000580433201120130650012930566584
0000580443201120130651012598219629
0000580453201120130654012467120491
0000580463201120130655013006134620
0000580473201120130657013761081773
0000580483201120130657012633725629
0000580493201120130658013170028587
0000580503201120130658019046560107
0000580513201120130659012509551479
0000580523201120130659017044178748
0000580533201120130700012708247605
0000580543201120130700013360614770
0000580553201120130701013366872569
0000580563201120130701010318320689
0000580573201120130702010813776292
0000580583201120130702012728154564
0000580593201120130702013401041583
0000580603201120130706020193026753
0000580613201120130708012537586842
0000580623201120130708010110285686
0000580633201120130709013074487568
0000580643201120130709010814004021
0000580653201120130710012613267560
0000580663201120130710013131425546
0000580673201120130712012420704934
0000580683201120130712019013900464
0000580693201120130715012062693674
0000580703201120130715012507644070
0000580713201120130716012425256085
0000580723201120130718017005003371
0000580733201120130721012386726764
0000580743201120130722013215730560
0000580753201120130723012260223216
0000580763201120130723013222379628
0000580773201120130726012456731192
0000580783201120130727012466946566
0000580793201120130732012592635604
0000580803201120130734012434408240
0000580813201120130739016868279664
0000580823201120130740013345527560
0000580833201120130741015783929275
0000580843201120130745012292626227
0000580853201120130752016877092610
0000580863201120130758012646806568
0000580873201120130809012507605539
0000580883201120130925012739447541
0000580893201120131840012592635604
0000580903201120131840016270519420
0000580913201120131841013084786584
0000580923201120131843012739447541
0000580933201120131843012837573622
0000580943201120131843012552915800
0000580953201120131844012313261044
0000580963201120131844012537454741
0000580973201120131848010110285686
0000580983201120131853021060015201
0000580993201120131853012477172982
0000581003201120131854011424881948
0000581013201120131856013025578628
0000581023201120131856012386726764
0000581033201120131900012598219629
0000581043201120131903012930566584
0000581053201120131905013074487568
0000581063201120131906012420704934
0000581073201120131906013170028587
0000581083201120131906013155622600
0000581093201120131908010324626298
0000581103201120131910013006134620
0000581113201120131911012319737253
0000581123201120131936013345527560
0000581133201120131956013121615628
0000581143211120130541012319737253
0000581153211120130612019046560107
0000581163211120130614012260223216
0000581173211120130627012434379364
0000581183211120130631012477246218
0000581193211120130639012944519621
0000581203211120130640019025923308
0000581213211120130642010314867713
0000581223211120130643013329036582
0000581233211120130643013025578628
0000581243211120130645012456823348
0000581253211120130647019013889398
0000581263211120130650012210252778
0000581273211120130650012349959181
0000581283211120130651012879575542
0000581293211120130655013084786584
0000581303211120130655012813849091
0000581313211120130658013121615628
0000581323211120130659013035980542
0000581333211120130700012552915800
0000581343211120130700016270519420
0000581353211120130701012477172982
0000581363211120130702013346657565
0000581373211120130702012313261044
0000581383211120130703012748967625
0000581393211120130703012709577544
0000581403211120130703013761081773
0000581413211120130704012837573622
0000581423211120130705012509551479
0000581433211120130706013006134620
0000581443211120130706010814004021
0000581453211120130707011390382901
0000581463211120130708016203863522
0000581473211120130708012633725629
0000581483211120130709013287770569
0000581493211120130710012858636585
0000581503211120130711013155622600
0000581513211120130711012439169406
0000581523211120130715012537586842
0000581533211120130716017044178748
0000581543211120130718021060015201
0000581553211120130718021060015201
0000581563211120130718012537454741
0000581573211120130719017005003371
0000581583211120130723013222379628
0000581593211120130723013401041583
0000581603211120130730013313461580
0000581613211120130732010631084573
0000581623211120130739010313440740
0000581633211120130744013027499601
0000581643211120130745012728154564
0000581653211120130751012150916527
0000581663211120130756012608653628
0000581673211120130801012905269563
0000581683211120130842013290933562
0000581693211120130942012739447541
0000581703211120130946013194415564
0000581713211120131342010815119507
0000581723211120131656012150916527
0000581733211120131727012608653628
0000581743211120131757016056925650
0000581753211120131823016587828540
0000581763211120131823013366872569
0000581773211120131828012434379364
0000581783211120131836013360614770
0000581793211120131845010813776292
0000581803211120131846010318320689
0000581813211120131849012425256085
0000581823211120131855012490446292
0000581833211120131856010314867713
0000581843211120131857013726012809
0000581853211120131858012708247605
0000581863211120131859019013900464
0000581873211120131900016203863522
0000581883211120131900012349959181
0000581893211120131904012456823348
0000581903211120131905012319737253
0000581913211120131906012371447554
0000581923211120131907013006134620
0000581933211120131907021060015201
0000581943211120131909012858636585
0000581953211120131910012905269563
0000581963211120131915012434408240
0000581973211120131919013290933562
0000581983211120131931012739447541
0000581993211120132100019036418472
0000582003221120130447019036418472
0000582013221120130631010326418420
0000582023221120130632012449872231
0000582033221120130634012386607420
0000582043221120130634010324626298
0000582053221120130636016056925650
0000582063221120130640018054868788
0000582073221120130649019013889398
0000582083221120130651013144033609
0000582093221120130652012672783561
0000582103221120130654012930566584
0000582113221120130655018087440736
0000582123221120130656012598219629
0000582133221120130656012748967625
0000582143221120130656012425256085
0000582153221120130656012425256085
0000582163221120130657013170028587
0000582173221120130658010631084573
0000582183221120130659012357601584
0000582193221120130659019013900464
0000582203221120130659013360614770
0000582213221120130702013131637624
0000582223221120130702010813776292
0000582233221120130703012434408240
0000582243221120130704013155622600
0000582253221120130706010318320689
0000582263221120130707013211004547
0000582273221120130707012789003604
0000582283221120130708016203863522
0000582293221120130709011390382901
0000582303221120130712013074487568
0000582313221120130712012313763813
0000582323221120130713013051332568
0000582333221120130720012150916527
0000582343221120130720017019759333
0000582353221120130721014084176520
0000582363221120130721013366872569
0000582373221120130721019033931071
0000582383221120130725012129012282
0000582393221120130725012477246218
0000582403221120130725013346657565
0000582413221120130725012708247605
0000582423221120130728020421048306
0000582433221120130728013726012809
0000582443221120130730012739447541
0000582453221120130731012728154564
0000582463221120130731012490932707
0000582473221120130734012210252778
0000582483221120130736012944519621
0000582493221120130817013329036582
0000582503221120130825012371447554
0000582513221120130825012490446292
0000582523221120130828019025923308
0000582533221120130828013194415564
0000582543221120131005017019690724
0000582553221120131459012608653628
0000582563221120131701012150916527
0000582573221120131833016270519420
0000582583221120131842013262997608
0000582593221120131844012552915800
0000582603221120131849012992912567
0000582613221120131850011970643336
0000582623221120131851011424881948
0000582633221120131851021060015201
0000582643221120131854012357601584
0000582653221120131857014084176520
0000582663221120131857019033931071
0000582673221120131857016203863522
0000582683221120131857012672783561
0000582693221120131900012930566584
0000582703221120131900013232273563
0000582713221120131903012598219629
0000582723221120131904012537454741
0000582733221120131905012129012282
0000582743221120131907012425256085
0000582753221120131908012490932707
0000582763221120131909017019759333
0000582773221120131911013025578628
0000582783221120131915010324626298
0000582793221120131916013170028587
0000582803221120131918013121615628
0000582813221120131922012739447541
0000582823221120131922012386607420
0000582833221120131926012477172982
0000582843221120131933013074487568
0000582853221120131936013051332568
0000582863221120132053017019690724
0000582873231120130606012319737253
0000582883231120130623016587828540
0000582893231120130647013121615628
0000582903231120130648012708247605
0000582913231120130648010814004021
0000582923231120130654012858636585
0000582933231120130655010314867713
0000582943231120130656013022098560
0000582953231120130656011970643336
0000582963231120130700012552915800
0000582973231120130700021060277850
0000582983231120130700012349959181
0000582993231120130701012778020561
0000583003231120130701012301197869
0000583013231120130701012992912567
0000583023231120130701012449872231
0000583033231120130703011424881948
0000583043231120130703012147108814
0000583053231120130704012873551609
0000583063231120130704012420704934
0000583073231120130705016270519420
0000583083231120130708013262997608
0000583093231120130708013025578628
0000583103231120130708018087440736
0000583113231120130708012371447554
0000583123231120130709012902859602
0000583133231120130709013131637624
0000583143231120130711018054868788
0000583153231120130711011578161210
0000583163231120130713012804171568
0000583173231120130715012789003604
0000583183231120130716010326418420
0000583193231120130717012477172982
0000583203231120130717013153210607
0000583213231120130717012395856373
0000583223231120130721011390382901
0000583233231120130723012260223216
0000583243231120130727013222379628
0000583253231120130727021060015201
0000583263231120130730019025923308
0000583273231120130738012537454741
0000583283231120130742013155622600
0000583293231120130744012243383839
0000583303231120130746013232273563
0000583313231120130750012313763813
0000583323231120130755012944519621
0000583333231120130829012728154564
0000583343231120130834013290933562
0000583353231120130841019033786039
0000583363231120131821013366872569
0000583373231120131850012858636585
0000583383231120131852010318320689
0000583393231120131855012434408240
0000583403231120131856013360614770
0000583413231120131857013761081773
0000583423231120131900010314867713
0000583433231120131902012319737253
0000583443231120131902012319737253
0000583453231120131904012420704934
0000583463231120131905012349959181
0000583473231120131915019033786039
0000583483231120131917016587828540
0000583493241120130636010324626298
0000583503241120130640012519459656
0000583513241120130642020421048306
0000583523241120130643021060277850
0000583533241120130645012621502581
0000583543241120130649012837573622
0000583553241120130649012992912567
0000583563241120130650012454253560
0000583573241120130652012828524541
0000583583241120130654012866609745
0000583593241120130654010318320689
0000583603241120130655010318320689
0000583613241120130655013312124564
0000583623241120130655012930566584
0000583633241120130656021060015201
0000583643241120130658012537586842
0000583653241120130658013313461580
0000583663241120130659012395856373
0000583673241120130700013360614770
0000583683241120130700012371447554
0000583693241120130700013144033609
0000583703241120130700010814004021
0000583713241120130703013290933562
0000583723241120130704012902859602
0000583733241120130704013761081773
0000583743241120130704012434408240
0000583753241120130704013366872569
0000583763241120130704012804171568
0000583773241120130704012804171568
0000583783241120130704012319737253
0000583793241120130705013074487568
0000583803241120130706012301197869
0000583813241120130710012778020561
0000583823241120130712012381218833
0000583833241120130713013153210607
0000583843241120130714012434379364
0000583853241120130715012708247605
0000583863241120130716012243383839
0000583873241120130717011578161210
0000583883241120130720012260223216
0000583893241120130721013022098560
0000583903241120130721012873551609
0000583913241120130721012765965562
0000583923241120130724016203863522
0000583933241120130726013328784542
0000583943241120130730012147108814
0000583953241120130731013534757776
0000583963241120130737012357601584
0000583973241120130739013222379628
0000583983241120130740013345527560
0000583993241120130749017019690724
0000584003241120130759013027499601
0000584013241120130800012386726764
0000584023241120130816013051332568
0000584033241120130953012283096148
0000584043241120131243013349813622
0000584053241120131837012552915800
0000584063241120131844012537454741
0000584073241120131846016270519420
0000584083241120131854012477172982
0000584093241120131856013025578628
0000584103241120131900012930566584
0000584113241120131900016203863522
0000584123241120131902012357601584
0000584133241120131903012283096148
0000584143241120131905010318320689
0000584153241120131908012386726764
0000584163241120131908013262997608
0000584173241120131912013027499601
0000584183241120131913013074487568
0000584193241120131916013121615628
0000584203241120131918012210252778
0000584213241120131920010324626298
0000584223241120131938011619085695
0000584233241120132001017019690724
0000584243241120132037014416862276
0000584253251120130536012319737253
0000584263251120130601014416862276
0000584273251120130614012467120491
0000584283251120130634013121615628
0000584293251120130636013215730560
0000584303251120130644012944519621
0000584313251120130652012646806568
0000584323251120130657021060015201
0000584333251120130657012552915800
0000584343251120130657012866609745
0000584353251120130657013025578628
0000584363251120130658012477172982
0000584373251120130658012700736585
0000584383251120130700012519459656
0000584393251120130700012858636585
0000584403251120130700013345527560
0000584413251120130700010314867713
0000584423251120130701013035980542
0000584433251120130701012349959181
0000584443251120130702019025923308
0000584453251120130702012507605539
0000584463251120130702016861599647
0000584473251120130703012456823348
0000584483251120130703012621502581
0000584493251120130707020421048306
0000584503251120130707012837573622
0000584513251120130708013051332568
0000584523251120130708013262997608
0000584533251120130711012434379364
0000584543251120130711012765965562
0000584553251120130711012210252778
0000584563251120130711012873551609
0000584573251120130712012837505627
0000584583251120130712012381218833
0000584593251120130714012537586842
0000584603251120130714012537454741
0000584613251120130714013313461580
0000584623251120130719012613267560
0000584633251120130719013131425546
0000584643251120130719012454253560
0000584653251120130721012595990588
0000584663251120130725012420704934
0000584673251120130726012992912567
0000584683251120130728012828524541
0000584693251120130730013534757776
0000584703251120130735020193026753
0000584713251120130737012292626227
0000584723251120130742012437791118
0000584733251120130747012004930936
0000584743251120130800019033786039
0000584753251120130800013343284601
0000584763251120130805012150916527
0000584773251120130814013194415564
0000584783251120130817010313440740
0000584793251120130833011722716058
0000584803251120130904012608653628
0000584813251120130923012739447541
0000584823251120130923012670737562
0000584833251120130940010110224296
0000584843251120131700012150916527
0000584853251120131706012004930936
0000584863251120131748013194415564
0000584873251120131820012608653628
0000584883251120131831013366872569
0000584893251120131838010813776292
0000584903251120131847016587828540
0000584913251120131847012434408240
0000584923251120131850012425256085
0000584933251120131854012349959181
0000584943251120131855013360614770
0000584953251120131856013084786584
0000584963251120131858012456823348
0000584973251120131858021060277850
0000584983251120131900012858636585
0000584993251120131902012349959181
0000585003251120131902013343284601
0000585013251120131902019033786039
0000585023251120131904010314867713
0000585033251120131905012319737253
0000585043251120131907012420704934
0000585053251120131911016868279664
0000585063251120131911012873551609
0000585073251120131914012739447541
0000585083251120131945012708247605
0000585093251120131950014844122270
0000585103251120132045014416862276
0000585113261120130523012496829282
0000585123261120130600012319737253
0000585133261120130600012319737253
0000585143261120130631010324626298
0000585153261120130641013262997608
0000585163261120130643017044178748
0000585173261120130644012837573622
0000585183261120130644012813849091
0000585193261120130646012313261044
0000585203261120130648010110224296
0000585213261120130652017005003371
0000585223261120130653013313461580
0000585233261120130653014416862276
0000585243261120130655012062693674
0000585253261120130656012439169406
0000585263261120130657010313440740
0000585273261120130700013084786584
0000585283261120130700012700736585
0000585293261120130701013360614770
0000585303261120130701013333892587
0000585313261120130702010814004021
0000585323261120130702012507644070
0000585333261120130702012930566584
0000585343261120130704014844122270
0000585353261120130705012837505627
0000585363261120130706010813776292
0000585373261120130707013761081773
0000585383261120130707012633725629
0000585393261120130708012613267560
0000585403261120130709013155622600
0000585413261120130709012437791118
0000585423261120130709016861599647
0000585433261120130710019046560107
0000585443261120130710012944519621
0000585453261120130711012425256085
0000585463261120130711016203863522
0000585473261120130714013131425546
0000585483261120130716012467120491
0000585493261120130718013366872569
0000585503261120130719021060015201
0000585513261120130722012708247605
0000585523261120130726013401041583
0000585533261120130728012434408240
0000585543261120130730012728154564
0000585553261120130736012595990588
0000585563261120130736012349959181
0000585573261120130739012646806568
0000585583261120130740012507605539
0000585593261120130741012150916527
0000585603261120130754013215730560
0000585613261120130818016868279664
0000585623261120130833019046880284
0000585633261120130849013194415564
0000585643261120130920015783929275
0000585653261120131700012150916527
0000585663261120131705013194415564
0000585673261120131709012537454741
0000585683261120131843012477172982
0000585693261120131848012552915800
0000585703261120131848016270519420
0000585713261120131854019013900464
0000585723261120131858012670737562
0000585733261120131858012739447541
0000585743261120131858012608653628
0000585753261120131902016203863522
0000585763261120131902013025578628
0000585773261120131906012319737253
0000585783261120131906010324626298
0000585793261120131907012930566584
0000585803261120131928012837573622
0000585813261120132107013262997608
0000585823261120132107013262997608
0000585833271120130541012319737253
0000585843271120130631012879575542
0000585853271120130639012944519621
0000585863271120130640013006134620
0000585873271120130641013025578628
0000585883271120130644012062693674
0000585893271120130645013050460600
0000585903271120130645012456823348
0000585913271120130649012477246218
0000585923271120130654012210252778
0000585933271120130654012349959181
0000585943271120130654010314867713
0000585953271120130654013313461580
0000585963271120130655012552915800
0000585973271120130656013035980542
0000585983271120130656012507644070
0000585993271120130656013211004547
0000586003271120130658013287770569
0000586013271120130700012420704934
0000586023271120130700017005003371
0000586033271120130702014791971279
0000586043271120130703012509551479
0000586053271120130703012509551479
0000586063271120130706012858636585
0000586073271120130707012813849091
0000586083271120130707012490446292
0000586093271120130708012732485294
0000586103271120130708017044178748
0000586113271120130708012313261044
0000586123271120130710013761081773
0000586133271120130712013346657565
0000586143271120130712013262997608
0000586153271120130713012633725629
0000586163271120130713013401041583
0000586173271120130714012728154564
0000586183271120130714013155622600
0000586193271120130714010110285686
0000586203271120130717012537454741
0000586213271120130718012439169406
0000586223271120130718010814004021
0000586233271120130720013333892587
0000586243271120130721012477172982
0000586253271120130722015783929275
0000586263271120130723012150916527
0000586273271120130724019046560107
0000586283271120130726012592635604
0000586293271120130734013121615628
0000586303271120130740021060015201
0000586313271120130741019046880284
0000586323271120130742019013900464
0000586333271120130749013027499601
0000586343271120130750013345527560
0000586353271120130758013194415564
0000586363271120130805012386726764
0000586373271120130932012739447541
0000586383271120131137012670737562
0000586393271120131700012150916527
0000586403271120131712016587828540
0000586413271120131801012670737562
0000586423271120131812012739447541
0000586433271120131824011424881948
0000586443271120131831012708247605
0000586453271120131833013366872569
0000586463271120131836010813776292
0000586473271120131837010318320689
0000586483271120131838013194415564
0000586493271120131839012858636585
0000586503271120131840010110285686
0000586513271120131841012837573622
0000586523271120131846012456823348
0000586533271120131847012371447554
0000586543271120131848012804171568
0000586553271120131851013360614770
0000586563271120131854012608653628
0000586573271120131858012349959181
0000586583271120131859013006134620
0000586593271120131900012434408240
0000586603271120131900010314867713
0000586613271120131901013084786584
0000586623271120131908012490446292
0000586633271120131908013051332568
0000586643271120131909012477246218
0000586653271120131911012319737253
0000586663271120131914013329036582
0000586673271120131918012420704934
0000586683271120131921012386726764
0000586693271120131934013345527560
0000586703281120130532012371447554
0000586713281120130623010324626298
0000586723281120130627010326418420
0000586733281120130627012804171568
0000586743281120130627018054868788
0000586753281120130628011970643336
0000586763281120130635013006134620
0000586773281120130637012313763813
0000586783281120130645013170028587
0000586793281120130645012930566584
0000586803281120130645013074487568
0000586813281120130648013360614770
0000586823281120130650010318320689
0000586833281120130650013027499601
0000586843281120130651012672783561
0000586853281120130651019013889398
0000586863281120130655014791971279
0000586873281120130659012425256085
0000586883281120130700010813776292
0000586893281120130700018087440736
0000586903281120130701012357601584
0000586913281120130701016587828540
0000586923281120130701013051332568
0000586933281120130702020193026753
0000586943281120130703012748967625
0000586953281120130703012837573622
0000586963281120130705012509551479
0000586973281120130706011390382901
0000586983281120130709012944519621
0000586993281120130709013346657565
0000587003281120130709012381218833
0000587013281120130712010631084573
0000587023281120130712013366872569
0000587033281120130713013050460600
0000587043281120130716012858636585
0000587053281120130718012210252778
0000587063281120130718012879575542
0000587073281120130719016203863522
0000587083281120130721012150916527
0000587093281120130722012728154564
0000587103281120130722012732485294
0000587113281120130722012708247605
0000587123281120130726013084786584
0000587133281120130727013329036582
0000587143281120130729013232273563
0000587153281120130732012434408240
0000587163281120130733013144033609
0000587173281120130736012386607420
0000587183281120130741010313440740
0000587193281120130750013211004547
0000587203281120130802012905269563
0000587213281120130838013290933562
0000587223281120130839013343284601
0000587233281120130911013194415564
0000587243281120131335011722716058
0000587253281120131700012150916527
0000587263281120131804012670737562
0000587273281120131842012552915800
0000587283281120131843019013900464
0000587293281120131843013262997608
0000587303281120131843016270519420
0000587313281120131848013006134620
0000587323281120131850012858636585
0000587333281120131853013232273563
0000587343281120131853013312124564
0000587353281120131855012672783561
0000587363281120131856012477172982
0000587373281120131857021060015201
0000587383281120131857012905269563
0000587393281120131900013290933562
0000587403281120131900016203863522
0000587413281120131901012357601584
0000587423281120131902012930566584
0000587433281120131908013343284601
0000587443281120131912013025578628
0000587453281120131917010324626298
0000587463281120131925012434379364
0000587473281120131927013121615628
0000587483281120132003012386607420
0000587493281120132004012537454741
0000587503281120132101013194415564
0000587513281120132142012608653628
0000587523291120130617012319737253
0000587533291120130620012449872231
0000587543291120130641013327806623
0000587553291120130643012456823348
0000587563291120130646013025578628
0000587573291120130649012902859602
0000587583291120130650010314867713
0000587593291120130653012129012282
0000587603291120130653012349959181
0000587613291120130653011970643336
0000587623291120130654012395856373
0000587633291120130655012552915800
0000587643291120130659012147108814
0000587653291120130700012748967625
0000587663291120130700016270519420
0000587673291120130701013131637624
0000587683291120130701012477172982
0000587693291120130701018054868788
0000587703291120130702012858636585
0000587713291120130702012873551609
0000587723291120130702012210252778
0000587733291120130703021060015201
0000587743291120130705012789003604
0000587753291120130706012804171568
0000587763291120130707010815119507
0000587773291120130707013262997608
0000587783291120130710012425256085
0000587793291120130711019046560107
0000587803291120130712012728154564
0000587813291120130713018087440736
0000587823291120130713012420704934
0000587833291120130714012381218833
0000587843291120130715019025472497
0000587853291120130716013121615628
0000587863291120130716012386607420
0000587873291120130716019013889398
0000587883291120130718019024306550
0000587893291120130718017019759333
0000587903291120130718013312124564
0000587913291120130719013015254676
0000587923291120130719012537454741
0000587933291120130719014084176520
0000587943291120130722012434379364
0000587953291120130722010326418420
0000587963291120130729011390382901
0000587973291120130729013170028587
0000587983291120130740012243383839
0000587993291120130743013194415564
0000588003291120130744012150916527
0000588013291120130746012490932707
0000588023291120130751019033931071
