0000512353300920131718012150916527
0000512363300920131741012386855181
0000512373300920131820010318320689
0000512383300920131825013366872569
0000512393300920131840010813776292
0000512403300920131844012708247605
0000512413300920131846012313261044
0000512423300920131850013084786584
0000512433300920131854012004930936
0000512443300920131856014844122270
0000512453300920131856012858636585
0000512463300920131858012456823348
0000512473300920131858012319737253
0000512483300920131901010314867713
0000512493300920131901012349959181
0000512503300920131906010814004021
0000512513300920131909013153210607
0000512523300920131911012434408240
0000512533300920131922012608653628
0000512543300920131922013343284601
0000512553300920131922019033786039
0000512563300920131928012420704934
0000512573300920131928012420704934
0000512583300920131939013194415564
0000512593300920131942012739447541
0000512603300920131942016587828540
0000512613300920132110012496829282
0000512623011020130519012496829282
0000512633011020130612010324626298
0000512643011020130626012454253560
0000512653011020130628013153210607
0000512663011020130633012519459656
0000512673011020130635012992912567
0000512683011020130636013726012809
0000512693011020130638012357601584
0000512703011020130639012062693674
0000512713011020130640012456772298
0000512723011020130641020421048306
0000512733011020130648016203863522
0000512743011020130651012260223216
0000512753011020130652012598219629
0000512763011020130652012866609745
0000512773011020130652012700736585
0000512783011020130655012930566584
0000512793011020130656016877092610
0000512803011020130656012709577544
0000512813011020130657012507644070
0000512823011020130657012420704934
0000512833011020130658013333892587
0000512843011020130658012434408240
0000512853011020130659010777518071
0000512863011020130700012381218833
0000512873011020130701013074487568
0000512883011020130702016587828540
0000512893011020130703012873551609
0000512903011020130703012621502581
0000512913011020130703012147108814
0000512923011020130705013534757776
0000512933011020130705010318320689
0000512943011020130706013084786584
0000512953011020130707012804171568
0000512963011020130708012708247605
0000512973011020130708013327806623
0000512983011020130711013051332568
0000512993011020130714012313261044
0000513003011020130714013366872569
0000513013011020130715013015254676
0000513023011020130719012837505627
0000513033011020130728013112078585
0000513043011020130729012595990588
0000513053011020130730012150916527
0000513063011020130740019046880284
0000513073011020130741019025472497
0000513083011020130741019025472497
0000513093011020130742019025472497
0000513103011020130748015783929275
0000513113011020130800012243383839
0000513123011020130801012283096148
0000513133011020130822012386855181
0000513143011020130842012670737562
0000513153011020130842012608653628
0000513163011020130921012739447541
0000513183011020131435013726012809
0000529073011020131707012150916527
0000529083011020131755012670737562
0000529093011020131823019013900464
0000529103011020131824012537454741
0000529113011020131834016270519420
0000529123011020131839017056506729
0000529133011020131841013262997608
0000529143011020131847012456772298
0000529153011020131857012283096148
0000529163011020131859013074487568
0000529173011020131900012552915800
0000529183011020131901012598219629
0000529193011020131902012357601584
0000529203011020131902011390382901
0000529213011020131902012477172982
0000529223011020131904013025578628
0000529233011020131904012386855181
0000529243011020131905012260223216
0000529253011020131906015783929275
0000529263011020131906015783929275
0000529273011020131906016203863522
0000529283011020131908012709577544
0000529293011020131908012930566584
0000529303011020131913012386726764
0000529313011020131915012739447541
0000529323011020131921010324626298
0000529333011020131922010631084573
0000529343011020131927012434379364
0000529353021020130556012646806568
0000529363021020130605012467120491
0000529373021020130616012319737253
0000529383021020130624012664090544
0000529393021020130633012646483297
0000529403021020130633013006134620
0000529413021020130636012456823348
0000529423021020130641019013900464
0000529433021020130644010314867713
0000529443021020130645012732485294
0000529453021020130645012866609745
0000529463021020130649012507605539
0000529473021020130650012349959181
0000529483021020130650010631084573
0000529493021020130657012519459656
0000529503021020130657012425256085
0000529513021020130700016861599647
0000529523021020130700013025578628
0000529533021020130700012552915800
0000529543021020130700012509551479
0000529553021020130701012621502581
0000529563021020130701012477172982
0000529573021020130701016868279664
0000529583021020130701020421048306
0000529593021020130702012386726764
0000529603021020130703012858636585
0000529613021020130704013215730560
0000529623021020130704013262997608
0000529633021020130705012386726764
0000529643021020130706013312124564
0000529653021020130706011390382901
0000529663021020130707016270519420
0000529673021020130707013194415564
0000529683021020130708013333892587
0000529693021020130709012507644070
0000529703021020130710021060015201
0000529713021020130710013345527560
0000529723021020130713013051332568
0000529733021020130715013131425546
0000529743021020130715012613267560
0000529753021020130716010110285686
0000529763021020130716012381218833
0000529773021020130717013534757776
0000529783021020130719012292626227
0000529793021020130719012243383839
0000529803021020130720013232273563
0000529813021020130721012420704934
0000529823021020130723012150916527
0000529833021020130723012992912567
0000529843021020130723019025923308
0000529853021020130726012454253560
0000529863021020130729012434379364
0000529873021020130733012437791118
0000529883021020130743015783929275
0000529893021020130743016877092610
0000529903021020130748012283096148
0000529913021020130749012466946566
0000529923021020130814012456731192
0000529933021020130840012670737562
0000529943021020130851012739447541
