0000631693220120140839012608653628
0000631703220120141159012537454741
0000631713220120141702012150916527
0000631723220120141740012739447541
0000631733220120141740012608653628
0000631743220120141824012420704934
0000631753220120141831012837573622
0000631763220120141831012456823348
0000631773220120141832013360614770
0000631783220120141833013366872569
0000631793220120141838013262997608
0000631803220120141840012386607420
0000631813220120141840010813776292
0000631823220120141842010318320689
0000631833220120141850012313261044
0000631843220120141858012386726764
0000631853220120141859013084786584
0000631863220120141859012858636585
0000631873220120141900012349959181
0000631883220120141903010110285686
0000631893220120141903020766270895
0000631903220120141905012434408240
0000631913220120141905012319737253
0000631923220120141905012456772298
0000631933220120141905013194415564
0000631943220120141906013345527560
0000631953220120141906010314867713
0000631963220120141907020193270344
0000631973220120141919013153210607
0000631983220120141925014844122270
0000631993220120141929016587828540
0000632003220120141946019033786039
0000632013230120140626012519459656
0000632023230120140636013327806623
0000632033230120140641012866609745
0000632043230120140643012243383839
0000632053230120140647012828524541
0000632063230120140648012454253560
0000632073230120140649010318320689
0000632083230120140649010318320689
0000632093230120140650010324626298
0000632103230120140652016203863522
0000632113230120140652020421048306
0000632123230120140653012992912567
0000632133230120140654019013889398
0000632143230120140655021060015201
0000632153230120140656013313461580
0000632163230120140656012709577544
0000632173230120140656012357601584
0000632183230120140657013035980542
0000632193230120140658013074487568
0000632203230120140701013360614770
0000632213230120140701012456823348
0000632223230120140701011970643336
0000632233230120140704013084786584
0000632243230120140704012621502581
0000632253230120140706013312124564
0000632263230120140710012732485294
0000632273230120140710012381218833
0000632283230120140711012873551609
0000632293230120140711012371307655
0000632303230120140711012425256085
0000632313230120140712012778020561
0000632323230120140713012260223216
0000632333230120140714012666158588
0000632343230120140714012434408240
0000632353230120140714012150916527
0000632363230120140716013366872569
0000632373230120140718013141216893
0000632383230120140718010813776292
0000632393230120140719010313440740
0000632403230120140719012617905561
0000632413230120140720013006134620
0000632423230120140722012313261044
0000632433230120140725013370244542
0000632443230120140725013343284601
0000632453230120140728019025472497
0000632463230120140729019025923308
0000632473230120140731012837573622
0000632483230120140733012386607420
0000632493230120140733012905269563
0000632503230120140735013534757776
0000632513230120140737013726012809
0000632523230120140739019033786039
0000632533230120140742012147108814
0000632543230120140743013262997608
0000632553230120140747010631084573
0000632563230120140823013194415564
0000632573230120140907012739447541
0000632583230120140926013290933562
0000632593230120140945012748967625
