0000564713311020130821012905269563
0000564723311020130829011722716058
0000564733311020130836012873551609
0000564743311020130941012739447541
0000564753311020130956013290933562
0000564763311020131711012150916527
0000564773311020131821016056925650
0000564783311020131832016270519420
0000564793311020131834013074487568
0000564803311020131841013262997608
0000564813311020131846019013900464
0000564823311020131849012477172982
0000564833311020131850012552915800
0000564843311020131852012905269563
0000564853311020131852012210252778
0000564863311020131855012739447541
0000564873311020131900013006134620
0000564883311020131902012930566584
0000564893311020131903013050460600
0000564903311020131904013025578628
0000564913311020131909013153210607
0000564923311020131909012319737253
0000564933311020131910013290933562
0000564943311020131914012598219629
0000564953311020131914012709577544
0000564963311020131915016203863522
0000564973311020131937012386607420
0000564983311020131958012537454741
0000564993311020132014013121615628
0000565003311020132051012992912567
0000565013311020132054019036418472
0000565023011120130438019036418472
0000565033011120130541016056925650
0000565043011120130545012646806568
0000565053011120130605012467120491
0000565063011120130605012467120491
0000565073011120130609013262997608
0000565083011120130636012449872231
0000565093011120130638012456823348
0000565103011120130640012319737253
0000565113011120130642010314867713
0000565123011120130643013215730560
0000565133011120130649012349959181
0000565143011120130651012866609745
0000565153011120130652019025923308
0000565163011120130652013051332568
0000565173011120130653019013889398
0000565183011120130653016868279664
0000565193011120130654013313461580
0000565203011120130654012789003604
0000565213011120130655012425256085
0000565223011120130656016861599647
0000565233011120130656012507605539
0000565243011120130657010631084573
0000565253011120130658012748967625
0000565263011120130658019013900464
0000565273011120130658012454253560
0000565283011120130658012519459656
0000565293011120130659012552915800
0000565303011120130659012292626227
0000565313011120130700012477172982
0000565323011120130701012858636585
0000565333011120130702012944519621
0000565343011120130702013025578628
0000565353011120130703021060015201
0000565363011120130705012150916527
0000565373011120130706012129012282
0000565383011120130707013131425546
0000565393011120130707012613267560
0000565403011120130708012621502581
0000565413011120130710013131637624
0000565423011120130711020421048306
0000565433011120130711012992912567
0000565443011120130711012828524541
0000565453011120130712012537454741
0000565463011120130715013121615628
0000565473011120130715013121615628
0000565483011120130717012490932707
0000565493011120130719013153210607
0000565503011120130721013312124564
0000565513011120130722012260223216
0000565523011120130723010815119507
0000565533011120130723017019759333
0000565543011120130725013534757776
0000565553011120130728019033931071
0000565563011120130737017040273738
0000565573011120130739012646483297
0000565583011120130744012466946566
0000565593011120130802012437791118
0000565603011120130805013194415564
0000565613011120130814017019690724
0000565623011120130834011722716058
0000565633011120130912012739447541
0000565643011120130928012670737562
0000565653011120130938013726012809
0000565663011120131811012150916527
0000565673011120131811013194415564
0000565683011120131834013084786584
0000565693011120131835013366872569
0000565703011120131838011424881948
0000565713011120131848012434408240
0000565723011120131854019033931071
0000565733011120131854013360614770
0000565743011120131854012858636585
0000565753011120131855010314867713
0000565763011120131856012598219629
0000565773011120131857012456823348
0000565783011120131858012349959181
0000565793011120131859012670737562
0000565803011120131859012739447541
0000565813011120131900012129012282
0000565823011120131903012490932707
0000565833011120131914012708247605
0000565843011120131916017019690724
0000565853011120131919017019759333
0000565863011120131923012319737253
0000565873011120131923012319737253
0000565883011120131938013121615628
0000565893011120131952013153387302
0000565903021120130626013084786584
0000565913021120130633012813849091
0000565923021120130634010324626298
0000565933021120130640017005003371
0000565943021120130643010318320689
0000565953021120130646012709577544
0000565963021120130646012930566584
0000565973021120130647012313261044
0000565983021120130647012439169406
0000565993021120130649021060015201
0000566003021120130650013022098560
0000566013021120130653013401041583
0000566023021120130654017044178748
0000566033021120130655013333892587
0000566043021120130655013360614770
0000566053021120130655013074487568
0000566063021120130656010814004021
0000566073021120130656013761081773
0000566083021120130656012633725629
0000566093021120130700012357601584
0000566103021120130700013313461580
0000566113021120130702012778020561
0000566123021120130703012301197869
0000566133021120130703013131637624
0000566143021120130704012467120491
0000566153021120130705012789003604
0000566163021120130705012449872231
0000566173021120130706019046560107
0000566183021120130707012728154564
0000566193021120130708011424881948
0000566203021120130712012708247605
0000566213021120130712013366872569
0000566223021120130712016861599647
0000566233021120130712012598219629
0000566243021120130713012466946566
0000566253021120130714012425256085
0000566263021120130714012292626227
0000566273021120130715012434408240
0000566283021120130716012437791118
0000566293021120130716012437791118
0000566303021120130716012437791118
0000566313021120130716012613267560
0000566323021120130716013131425546
0000566333021120130724013726012809
0000566343021120130729016203863522
0000566353021120130730012319737253
0000566363021120130733016868279664
0000566373021120130733012646483297
0000566383021120130734011970643336
0000566393021120130734013222379628
0000566403021120130734011578161210
0000566413021120130736012646806568
0000566423021120130921013290933562
0000566433021120130934021060277850
0000566443021120131838012477172982
0000566453021120131843016270519420
0000566463021120131843012537454741
0000566473021120131852013262997608
0000566483021120131859010318320689
0000566493021120131900012930566584
0000566503021120131900012930566584
0000566513021120131902012357601584
0000566523021120131902013074487568
0000566533021120131903012537454741
0000566543021120131905012420704934
0000566553021120131906013025578628
0000566563021120131909010324626298
0000566573021120131917012709577544
0000566583021120131931016203863522
0000566593031120130633012708247605
0000566603031120130635013035980542
0000566613031120130637017005003371
0000566623031120130638013346657565
0000566633031120130638013050460600
0000566643031120130646012420704934
0000566653031120130646012319737253
0000566663031120130647012420704934
0000566673031120130650012456772298
0000566683031120130652012349959181
0000566693031120130655012507605539
0000566703031120130658012732485294
0000566713031120130700012477246218
0000566723031120130700013287770569
0000566733031120130700013025578628
0000566743031120130702014791971279
0000566753031120130702013313461580
0000566763031120130702012313261044
0000566773031120130702012930566584
0000566783031120130703012765965562
0000566793031120130704011970643336
0000566803031120130705013761081773
0000566813031120130705012813849091
0000566823031120130707021060015201
0000566833031120130707012804171568
0000566843031120130707012804171568
0000566853031120130707012633725629
0000566863031120130708016270519420
0000566873031120130708013401041583
0000566883031120130709012728154564
0000566893031120130709013262997608
0000566903031120130709012778020561
0000566913031120130710013345527560
0000566923031120130710012381218833
0000566933031120130711010814004021
0000566943031120130712019046560107
0000566953031120130713013290933562
0000566963031120130714012858636585
0000566973031120130715017044178748
0000566983031120130715013329036582
0000566993031120130716010314867713
0000567003031120130716012477172982
0000567013031120130717013022098560
0000567023031120130717013222379628
0000567033031120130719012592635604
0000567043031120130719012301197869
0000567053031120130720012537454741
0000567063031120130722012439169406
0000567073031120130723013333892587
0000567083031120130724013328784542
0000567093031120130726012371447554
0000567103031120130739013027499601
0000567113031120130752012283096148
0000567123031120130804012386726764
0000567133031120130834017019690724
0000567143031120130836019025923308
0000567153031120130959013349813622
0000567163031120131838016587828540
0000567173031120131838013366872569
0000567183031120131847010813776292
0000567193031120131847012858636585
0000567203031120131847012837573622
0000567213031120131852010318320689
0000567223031120131900012349959181
0000567233031120131900012420704934
0000567243031120131900012283096148
0000567253031120131902012319737253
0000567263031120131903012434408240
0000567273031120131903012456772298
0000567283031120131907012804171568
0000567293031120131908010314867713
0000567303031120131909012490446292
0000567313031120131912012386726764
0000567323031120131919013121615628
0000567333031120131946017019690724
0000567343031120132053014416862276
0000567353031120132107012708247605
0000567363031120132109012708247605
0000567373041120130630010326418420
0000567383041120130636010324626298
0000567393041120130650014791971279
0000567403041120130651012708247605
0000567413041120130652019046560107
0000567423041120130653012646483297
0000567433041120130655012930566584
0000567443041120130655018087440736
0000567453041120130655016209910573
0000567463041120130655012728154564
0000567473041120130656012709577544
0000567483041120130656012357601584
0000567493041120130657012598219629
0000567503041120130659012700736585
0000567513041120130700013366872569
0000567523041120130701013155622600
0000567533041120130701013074487568
0000567543041120130702018054868788
0000567553041120130703012425256085
0000567563041120130703010813776292
0000567573041120130704013144033609
0000567583041120130705010318320689
0000567593041120130705011660532315
0000567603041120130705012837505627
0000567613041120130706013153387302
0000567623041120130706012944519621
0000567633041120130707012595990588
0000567643041120130707012765965562
0000567653041120130708012371447554
0000567663041120130709013333892587
0000567673041120130710016203863522
0000567683041120130711012386607420
0000567693041120130712012969445621
0000567703041120130712013121615628
0000567713041120130714013211004547
0000567723041120130714013027499601
0000567733041120130716013345527560
0000567743041120130716013287770569
0000567753041120130718014416862276
0000567763041120130719012732485294
0000567773041120130720012477246218
0000567783041120130722012490446292
0000567793041120130722013329036582
0000567803041120130722013346657565
0000567813041120130724012507605539
0000567823041120130725012381218833
0000567833041120130725010313440740
0000567843041120130726012837573622
0000567853041120130727012004930936
0000567863041120130727013313461580
0000567873041120130728013050460600
0000567883041120130735021060277850
0000567893041120130735012434408240
0000567903041120130739016587828540
0000567913041120130746013194415564
0000567923041120130753013232273563
0000567933041120130820011722716058
0000567943041120130838012608653628
0000567953041120130838012150916527
0000567963041120130902010110224296
0000567973041120131009012670737562
0000567983041120131658012004930936
0000567993041120131700012150916527
0000568003041120131726012608653628
0000568013041120131744012670737562
0000568023041120131831012477172982
0000568033041120131836012552915800
0000568043041120131837016270519420
0000568053041120131839012672783561
0000568063041120131839013194415564
0000568073041120131851013170028587
0000568083041120131853013074487568
0000568093041120131855011390382901
0000568103041120131857012828524541
0000568113041120131858013084786584
0000568123041120131859013025578628
0000568133041120131900016203863522
0000568143041120131900012930566584
0000568153041120131900012357601584
0000568163041120131901012598219629
0000568173041120131901012537454741
0000568183041120131901013262997608
0000568193041120131901013121615628
0000568203041120131902012944519621
0000568213041120131905019046560107
0000568223041120131905019046560107
0000568233041120131907013211004547
0000568243041120131908012709577544
0000568253041120131909010324626298
0000568263041120131917012434379364
0000568273041120131935012386607420
0000568283041120131936014844122270
0000568293051120130522012496829282
0000568303051120130637013327806623
0000568313051120130638013121615628
0000568323051120130640012456772298
0000568333051120130642012456823348
0000568343051120130646012420704934
0000568353051120130648016861599647
0000568363051120130649012319737253
0000568373051120130651010314867713
0000568383051120130652012902859602
0000568393051120130655012837505627
0000568403051120130655012062693674
0000568413051120130657012147108814
0000568423051120130700011390382901
0000568433051120130700013025578628
0000568443051120130701016270519420
0000568453051120130701018087440736
0000568463051120130702012552915800
0000568473051120130704013313461580
0000568483051120130705012477172982
0000568493051120130705012700736585
0000568503051120130705013155622600
0000568513051120130705013084786584
0000568523051120130707012858636585
0000568533051120130708012349959181
0000568543051120130708012595990588
0000568553051120130708019025472497
0000568563051120130709012425256085
0000568573051120130709010110224296
0000568583051120130709012150916527
0000568593051120130711013262997608
0000568603051120130711014844122270
0000568613051120130711012804171568
0000568623051120130713012873551609
0000568633051120130714010326418420
0000568643051120130714013170028587
0000568653051120130715019046560107
0000568663051120130716019024306550
0000568673051120130718012646483297
0000568683051120130719013144033609
0000568693051120130720018054868788
0000568703051120130720012434379364
0000568713051120130721010777518071
0000568723051120130725013112078585
0000568733051120130730012728154564
0000568743051120130734012666158588
0000568753051120130741013345527560
0000568763051120130746012283096148
0000568773051120130746012243383839
0000568783051120130755012507644070
0000568793051120130800013194415564
0000568803051120130807016877092610
0000568813051120130814012537454741
0000568823051120130926013327806623
0000568833051120130938012739447541
0000568843051120131005012670737562
0000568853051120131147012944519621
0000568863051120131721012150916527
0000568873051120131756013194415564
0000568883051120131807019013900464
0000568893051120131827012670737562
0000568903051120131832013366872569
0000568913051120131838012434408240
0000568923051120131841012608653628
0000568933051120131843010813776292
0000568943051120131843010318320689
0000568953051120131850013360614770
0000568963051120131854012708247605
0000568973051120131855013153210607
0000568983051120131856012858636585
0000568993051120131857012456823348
0000569003051120131858012456772298
0000569013051120131900010314867713
0000569023051120131901012319737253
0000569033051120131902010631084573
0000569043051120131902013313461580
0000569053051120131902013726012809
0000569063051120131903016587828540
0000569073051120131903012349959181
0000569083051120131904012283096148
0000569093051120131904013345527560
0000569103051120131905013312124564
0000569113051120131910011390382901
0000569123051120131911016861599647
0000569133051120131916012420704934
0000569143051120132047012739447541
0000569153061120130626010324626298
0000569163061120130633012992912567
0000569173061120130641012454253560
0000569183061120130642012519459656
0000569193061120130644012828524541
0000569203061120130644013006134620
0000569213061120130647019013900464
0000569223061120130650013360614770
0000569233061120130650012062693674
0000569243061120130650010631084573
0000569253061120130650012357601584
0000569263061120130653012866609745
0000569273061120130653013074487568
0000569283061120130654012930566584
0000569293061120130656012313261044
0000569303061120130657012598219629
0000569313061120130658012509551479
0000569323061120130700010318320689
0000569333061120130700010777518071
0000569343061120130700012621502581
0000569353061120130700012708247605
0000569363061120130702020421048306
0000569373061120130702012147108814
0000569383061120130702012944519621
0000569393061120130703019024306550
0000569403061120130703013313461580
0000569413061120130703011390382901
0000569423061120130703012420704934
0000569433061120130703013312124564
0000569443061120130708016587828540
0000569453061120130709012386607420
0000569463061120130709013366872569
0000569473061120130709012804171568
0000569483061120130710021060015201
0000569493061120130710010110285686
0000569503061120130710013534757776
0000569513061120130711012732485294
0000569523061120130711013112078585
0000569533061120130712012150916527
0000569543061120130712010813776292
0000569553061120130716012666158588
0000569563061120130719012873551609
0000569573061120130720013153210607
0000569583061120130720012260223216
0000569593061120130721012434408240
0000569603061120130723013726012809
0000569613061120130724019025472497
0000569623061120130724012902859602
0000569633061120130724012456731192
0000569643061120130725012395856373
0000569653061120130730016877092610
0000569663061120130738012386726764
0000569673061120130738012507644070
0000569683061120130738012243383839
0000569693061120130739016203863522
0000569703061120130750013345527560
0000569713061120130857012739447541
0000569723061120130901011722716058
0000569733061120130909012592635604
0000569743061120130943012670737562
0000569753061120131804012150916527
0000569763061120131809012537454741
0000569773061120131817012670737562
0000569783061120131824012837573622
0000569793061120131840012552915800
0000569803061120131842013262997608
0000569813061120131844016270519420
0000569823061120131849012386726764
0000569833061120131850013074487568
0000569843061120131850012739447541
0000569853061120131851012477172982
0000569863061120131854013006134620
0000569873061120131856013121615628
0000569883061120131857012357601584
0000569893061120131857012930566584
0000569903061120131859013084786584
0000569913061120131900016203863522
0000569923061120131901013025578628
0000569933061120131902013345527560
0000569943061120131903013051332568
0000569953061120131903012592635604
0000569963061120131904012598219629
0000569973061120131905012381218833
0000569983061120131910012709577544
0000569993061120131912010324626298
0000570003061120131912013312124564
0000570013061120131920010110285686
0000570023061120131925011424881948
0000570033061120131930012434379364
0000570043061120131932012313261044
0000570053061120132030012386607420
0000570063071120130543012646806568
0000570073071120130619012467120491
0000570083071120130634019013889398
0000570093071120130650012456823348
0000570103071120130650019025923308
0000570113071120130652012879575542
0000570123071120130652012507605539
0000570133071120130652013215730560
0000570143071120130655012992912567
0000570153071120130656010314867713
0000570163071120130658016861599647
0000570173071120130700013313461580
0000570183071120130701013121615628
0000570193071120130701013025578628
0000570203071120130701013262997608
0000570213071120130701012509551479
0000570223071120130702016868279664
0000570233071120130702012552915800
0000570243071120130702020421048306
0000570253071120130706012866609745
0000570263071120130706012381218833
0000570273071120130707012621502581
0000570283071120130707012537454741
0000570293071120130708012858636585
0000570303071120130709012454253560
0000570313071120130709012150916527
0000570323071120130709012349959181
0000570333071120130709012319737253
0000570343071120130710012519459656
0000570353071120130711016203863522
0000570363071120130715013084786584
0000570373071120130716013051332568
0000570383071120130716012748967625
0000570393071120130716012434379364
0000570403071120130716016270519420
0000570413071120130717013006134620
0000570423071120130718012260223216
0000570433071120130719012477172982
0000570443071120130721013290933562
0000570453071120130723012837573622
0000570463071120130723013534757776
0000570473071120130731010631084573
0000570483071120130736012292626227
0000570493071120130738021060015201
0000570503071120130740013131425546
0000570513071120130740012613267560
0000570523071120130742012646483297
0000570533071120130742012456731192
0000570543071120130758012732485294
0000570553071120130759012437791118
0000570563071120130805010313440740
0000570573071120130812012466946566
0000570583071120130824013194415564
0000570593071120130825012608653628
0000570603071120130833012670737562
0000570613071120130835012905269563
0000570623071120131044010815119507
0000570633071120131812016056925650
0000570643071120131831013366872569
0000570653071120131846010318320689
0000570663071120131848012670737562
0000570673071120131852012905269563
0000570683071120131854013360614770
0000570693071120131854013194415564
0000570703071120131855012608653628
0000570713071120131901010813776292
0000570723071120131902012395856373
0000570733071120131903012708247605
0000570743071120131908010314867713
0000570753071120131909012434408240
0000570763071120131910012349959181
0000570773071120131912013290933562
0000570783071120131914012456823348
0000570793071120131914012456823348
0000570803071120131914016587828540
0000570813071120131915012319737253
0000570823071120131915012319737253
0000570833071120131918013006134620
0000570843071120131923016203863522
0000570853071120131939016861599647
0000570863081120130526016056925650
0000570873081120130621010324626298
0000570883081120130630012449872231
0000570893081120130649012439169406
0000570903081120130650012930566584
0000570913081120130653013401041583
0000570923081120130653012437791118
0000570933081120130654012467120491
0000570943081120130654013170028587
0000570953081120130655013131637624
0000570963081120130655012748967625
0000570973081120130655019013900464
0000570983081120130656012395856373
0000570993081120130656012709577544
0000571003081120130658013074487568
0000571013081120130658013761081773
0000571023081120130658019024306550
0000571033081120130658010814004021
0000571043081120130658019013889398
0000571053081120130700013360614770
0000571063081120130700012381218833
0000571073081120130700012633725629
0000571083081120130701012789003604
0000571093081120130701012598219629
0000571103081120130701017044178748
0000571113081120130702010318320689
0000571123081120130702010813776292
0000571133081120130704016587828540
0000571143081120130705012357601584
0000571153081120130707017019759333
0000571163081120130707012613267560
0000571173081120130707010815119507
0000571183081120130708013131425546
0000571193081120130709012708247605
0000571203081120130710012944519621
0000571213081120130711013211004547
0000571223081120130713012129012282
0000571233081120130715012728154564
0000571243081120130716019033931071
0000571253081120130716012490932707
0000571263081120130717013366872569
0000571273081120130719010631084573
0000571283081120130721017005003371
0000571293081120130721014084176520
0000571303081120130722012434408240
0000571313081120130723012646483297
0000571323081120130723012646483297
0000571333081120130726012466946566
0000571343081120130730012507605539
0000571353081120130740013222379628
0000571363081120130741012646806568
0000571373081120130742011970643336
0000571383081120130743019025923308
0000571393081120130749012150916527
0000571403081120130757017019690724
0000571413081120130844012739447541
0000571423081120130856012608653628
0000571433081120131700012150916527
0000571443081120131753013194415564
0000571453081120131753012739447541
0000571463081120131809012537454741
0000571473081120131820013084786584
0000571483081120131828012552915800
0000571493081120131840011424881948
0000571503081120131844012129012282
0000571513081120131845013215730560
0000571523081120131848012313261044
0000571533081120131851013025578628
0000571543081120131858012477172982
0000571553081120131859013262997608
0000571563081120131901012490932707
0000571573081120131902017019759333
0000571583081120131903012930566584
0000571593081120131904019033931071
0000571603081120131905012646483297
0000571613081120131905016270519420
0000571623081120131908012709577544
0000571633081120131910010324626298
0000571643081120131913013360614770
0000571653081120131914012598219629
0000571663081120131920013074487568
0000571673081120131921017019690724
0000571683081120131924012381218833
0000571693081120131939012608653628
0000571703081120131956013153387302
0000571713091120130635013084786584
0000571723091120130637012828524541
0000571733091120130638012456823348
0000571743091120130639012879575542
0000571753091120130647012319737253
0000571763091120130648013035980542
0000571773091120130650012349959181
0000571783091120130654013050460600
0000571793091120130655012477246218
0000571803091120130657012552915800
0000571813091120130700012477172982
0000571823091120130702013022098560
0000571833091120130702012490446292
0000571843091120130704012778020561
0000571853091120130705012301197869
0000571863091120130705013131637624
0000571873091120130705013312124564
0000571883091120130706012537454741
0000571893091120130708010314867713
0000571903091120130708012313261044
0000571913091120130708013761081773
0000571923091120130708016270519420
0000571933091120130709019025923308
0000571943091120130709013025578628
0000571953091120130709021060015201
0000571963091120130710013262997608
0000571973091120130711012633725629
0000571983091120130711012789003604
0000571993091120130712012944519621
0000572003091120130713011578161210
0000572013091120130715012858636585
0000572023091120130715013401041583
0000572033091120130716019024306550
0000572043091120130716012449872231
0000572053091120130716013153387302
0000572063091120130718017044178748
0000572073091120130719013346657565
0000572083091120130719021060277850
0000572093091120130721014791971279
0000572103091120130729013222379628
0000572113091120130730013170028587
0000572123091120130732012439169406
0000572133091120130735010814004021
0000572143091120130737012728154564
0000572153091120130748017005003371
0000572163091120130755013290933562
0000572173091120130800012243383839
0000572183091120131820013366872569
0000572193091120131834010318320689
0000572203091120131837016587828540
0000572213091120131841012804171568
0000572223091120131845012708247605
0000572233091120131854010813776292
0000572243091120131856012420704934
0000572253091120131857012434408240
0000572263091120131857012858636585
0000572273091120131859012456823348
0000572283091120131900013360614770
0000572293091120131900012349959181
0000572303091120131900013726012809
0000572313091120131900013312124564
0000572323091120131908010314867713
0000572333091120131910013153210607
0000572343091120131916012992912567
0000572353091120131917012319737253
0000572363101120130628010324626298
0000572373101120130641012319737253
0000572383101120130641012456772298
0000572393101120130644010326418420
0000572403101120130651018087440736
0000572413101120130651018054868788
0000572423101120130651012709577544
0000572433101120130651012930566584
0000572443101120130652012672783561
0000572453101120130655012420704934
0000572463101120130657012420704934
0000572473101120130657013211004547
0000572483101120130658012992912567
0000572493101120130659012598219629
0000572503101120130700013290933562
0000572513101120130700012434408240
0000572523101120130702013170028587
0000572533101120130702019046560107
0000572543101120130702013313461580
0000572553101120130703010813776292
0000572563101120130704012728154564
0000572573101120130705012537454741
0000572583101120130706012708247605
0000572593101120130706013050460600
0000572603101120130707010318320689
0000572613101120130707013366872569
0000572623101120130712021060277850
0000572633101120130713012778020561
0000572643101120130713011578161210
0000572653101120130713012804171568
0000572663101120130713013035980542
0000572673101120130713016587828540
0000572683101120130714016587828540
0000572693101120130714012243383839
0000572703101120130715012371447554
0000572713101120130716012765965562
0000572723101120130717012477246218
0000572733101120130717013726012809
0000572743101120130719013144033609
0000572753101120130719013022098560
0000572763101120130720019025923308
0000572773101120130720013153210607
0000572783101120130721012646483297
0000572793101120130721012301197869
0000572803101120130729012537586842
0000572813101120130729012828524541
0000572823101120130730021060015201
0000572833101120130733013328784542
0000572843101120130735012879575542
0000572853101120130739013346657565
0000572863101120130745012386726764
0000572873101120130750017019690724
0000572883101120130752012992912567
0000572893101120130846013345527560
0000572903101120130908012283096148
0000572913101120131013013349813622
0000572923101120131737012837573622
0000572933101120131829010318320689
0000572943101120131835012552915800
0000572953101120131837012454253560
0000572963101120131848012477172982
0000572973101120131853013262997608
0000572983101120131853021060015201
0000572993101120131853012672783561
0000573003101120131854012456772298
0000573013101120131857012930566584
0000573023101120131858012283096148
0000573033101120131901012598219629
0000573043101120131902012386726764
0000573053101120131910010324626298
0000573063101120131917012319737253
0000573073101120131920012371447554
0000573083101120131930017019690724
0000573093101120131948012992912567
0000573103101120132020014416862276
0000573113111120130610013144033609
0000573123111120130637012456823348
0000573133111120130638012319737253
0000573143111120130642012902859602
0000573153111120130645012700736585
0000573163111120130648012062693674
0000573173111120130656012349959181
0000573183111120130657014416862276
0000573193111120130658012804171568
0000573203111120130659012552915800
0000573213111120130700012477172982
0000573223111120130703012395856373
0000573233111120130703012765965562
0000573243111120130703010314867713
0000573253111120130704019025472497
0000573263111120130704012666158588
0000573273111120130704013333892587
0000573283111120130705012147108814
0000573293111120130705012595990588
0000573303111120130706010318320689
0000573313111120130708013112078585
0000573323111120130708012709577544
0000573333111120130711021060015201
0000573343111120130711012454253560
0000573353111120130711012858636585
0000573363111120130712013153387302
0000573373111120130713013262997608
0000573383111120130713012837573622
0000573393111120130714013170028587
0000573403111120130716013170028587
0000573413111120130716013170028587
0000573423111120130717019046560107
0000573433111120130717018054868788
0000573443111120130719013153210607
0000573453111120130721016203863522
0000573463111120130725018087440736
0000573473111120130730012537586842
0000573483111120130731010313440740
0000573493111120130738010326418420
0000573503111120130749013345527560
0000573513111120130756012150916527
0000573523111120130800013194415564
0000573533111120130803013343284601
0000573543111120130805019033786039
0000573553111120130816012004930936
0000573563111120130821011722716058
0000573573111120130836012728154564
0000573583111120130845013313461580
0000573593111120130845013313461580
0000573603111120130906010110224296
0000573613111120130912012739447541
0000573623111120131049012670737562
0000573633111120131200012425256085
0000573643111120131657012150916527
0000573653111120131707012004930936
0000573663111120131752012739447541
0000573673111120131813012456823348
0000573683111120131826013366872569
0000573693111120131827012608653628
0000573703111120131827012670737562
0000573713111120131840013194415564
0000573723111120131842010813776292
0000573733111120131843012313261044
0000573743111120131856019033786039
0000573753111120131857012434408240
0000573763111120131900016203863522
0000573773111120131900012349959181
0000573783111120131901010314867713
0000573793111120131901012708247605
0000573803111120131902013153387302
0000573813111120131902012858636585
0000573823111120131904013084786584
0000573833111120131906012873551609
0000573843111120131906013343284601
0000573853111120131907010318320689
0000573863111120131908013015254676
0000573873111120131910012319737253
0000573883111120131910012646483297
0000573893111120131911013333892587
0000573903111120131911012395856373
0000573913111120131913012371447554
0000573923111120131920013313461580
0000573933111120131947013121615628
0000573943111120131957014844122270
0000573953111120132009014416862276
0000573963121120130529014416862276
0000573973121120130621013121615628
0000573983121120130622012804171568
0000573993121120130623010324626298
0000574003121120130635012992912567
0000574013121120130636013074487568
0000574023121120130636012371447554
0000574033121120130637012434379364
0000574043121120130638012519459656
0000574053121120130641020421048306
0000574063121120130645012062693674
0000574073121120130647012454253560
0000574083121120130647012420704934
0000574093121120130649012866609745
0000574103121120130652012930566584
0000574113121120130654012456772298
0000574123121120130654012598219629
0000574133121120130658010814004021
0000574143121120130658012837505627
0000574153121120130700012700736585
0000574163121120130700013084786584
0000574173121120130700012357601584
0000574183121120130703012621502581
0000574193121120130704014844122270
0000574203121120130705010813776292
0000574213121120130706012313261044
0000574223121120130706010318320689
0000574233121120130707012381218833
0000574243121120130707021060015201
0000574253121120130708012425256085
0000574263121120130709010313440740
0000574273121120130709010313440740
0000574283121120130709010110224296
0000574293121120130709013112078585
0000574303121120130709013112078585
0000574313121120130710012434408240
0000574323121120130711013155622600
0000574333121120130711019046880284
0000574343121120130712013333892587
0000574353121120130713013313461580
0000574363121120130715013153210607
0000574373121120130717012595990588
0000574383121120130718012633725629
0000574393121120130720012709577544
0000574403121120130720012147108814
0000574413121120130725013232273563
0000574423121120130725012873551609
0000574433121120130727012728154564
0000574443121120130734012666158588
0000574453121120130738012507644070
0000574463121120130740019025472497
0000574473121120130741012150916527
0000574483121120130743012902859602
0000574493121120130810013194415564
0000574503121120130814015783929275
0000574513121120130817012283096148
0000574523121120130823012739447541
0000574533121120130842012608653628
0000574543121120130845012708247605
0000574553121120130903012670737562
0000574563121120131658012150916527
0000574573121120131802013194415564
0000574583121120131811012537454741
0000574593121120131839013051332568
0000574603121120131840019013900464
0000574613121120131846012552915800
0000574623121120131847013025578628
0000574633121120131849012456772298
0000574643121120131851016270519420
0000574653121120131852013262997608
0000574663121120131856012477172982
0000574673121120131900012357601584
0000574683121120131901012930566584
0000574693121120131903013074487568
0000574703121120131912012598219629
0000574713121120131913012283096148
0000574723121120131915012666158588
0000574733121120131915012666158588
0000574743121120131921012709577544
0000574753121120131926010631084573
0000574763121120131927010631084573
0000574773121120131931013121615628
0000574783121120131936013312124564
0000574793121120131940012420704934
0000574803121120132004016877092610
0000574813121120132015012608653628
0000574823121120132022012739447541
0000574833131120130606012467120491
0000574843131120130627012837573622
0000574853131120130634019025923308
0000574863131120130637012646806568
0000574873131120130637012456823348
0000574883131120130637013215730560
0000574893131120130637012879575542
0000574903131120130640010314867713
0000574913131120130640012420704934
0000574923131120130645012902859602
0000574933131120130646012866609745
0000574943131120130649010631084573
0000574953131120130652019013900464
0000574963131120130654012519459656
0000574973131120130654012858636585
0000574983131120130655012349959181
0000574993131120130656012552915800
0000575003131120130656016861599647
0000575013131120130656012507605539
0000575023131120130657012509551479
0000575033131120130657010814004021
0000575043131120130658013025578628
0000575053131120130700020193026753
0000575063131120130700013035980542
0000575073131120130701012319737253
0000575083131120130701012621502581
0000575093131120130703012477172982
0000575103131120130704016270519420
0000575113131120130706020421048306
0000575123131120130706013121615628
0000575133131120130707012732485294
0000575143131120130707013262997608
0000575153131120130713013155622600
0000575163131120130713012386726764
0000575173131120130714012837505627
0000575183131120130715012454253560
0000575193131120130717012537454741
0000575203131120130717012613267560
0000575213131120130717013131425546
0000575223131120130721021060015201
0000575233131120130721012381218833
0000575243131120130722013313461580
0000575253131120130728010110285686
0000575263131120130728012507644070
0000575273131120130731012292626227
0000575283131120130734013051332568
0000575293131120130734012434379364
0000575303131120130741012150916527
0000575313131120130743013312124564
0000575323131120130746013345527560
0000575333131120130748012466946566
0000575343131120130748015783929275
0000575353131120130748016877092610
0000575363131120130800012992912567
0000575373131120130803012437791118
0000575383131120130803013194415564
0000575393131120130902012608653628
0000575403131120130920011722716058
0000575413131120131011012670737562
0000575423131120131700012150916527
