0000627113160120141809016587828540
0000627123160120141814012739447541
0000627153160120141825012371307655
0000627163160120141826013366872569
0000627173160120141829012456823348
0000627183160120141829013360614770
0000627193160120141837010813776292
0000627203160120141839012608653628
0000627213160120141841016203863522
0000627223160120141845010318320689
0000627233160120141847012858636585
0000627243160120141850012313261044
0000627253160120141851012804171568
0000627263160120141851012804171568
0000627273160120141852012349959181
0000627283160120141852012349959181
0000627293160120141852012349959181
0000627303160120141852012349959181
0000627313160120141856013194415564
0000627323160120141856012434408240
0000627333160120141858020766270895
0000627343160120141900010314867713
0000627353160120141900016056925650
0000627363160120141901012905269563
0000627373160120141904013006134620
0000627383160120141910012902859602
0000627393160120141910013232273563
0000627403160120141911012537454741
0000627413160120141914013343284601
0000627423160120141954012837573622
