0000588073291120131717013194415564
0000588083291120131720012371447554
0000588093291120131738012670737562
0000588103291120131746012608653628
0000588113291120131819013360614770
0000588123291120131824012708247605
0000588133291120131824012420704934
0000588143291120131825013366872569
0000588153291120131830011424881948
0000588163291120131843013084786584
0000588173291120131847010813776292
0000588183291120131850012858636585
0000588193291120131850012456823348
0000588203291120131854019033931071
0000588213291120131854016587828540
0000588223291120131855013153210607
0000588233291120131856012434408240
0000588243291120131856010318320689
0000588253291120131859012349959181
0000588263291120131900012490932707
0000588273291120131901019046560107
0000588283291120131903014084176520
0000588293291120131903016861599647
0000588303291120131904010314867713
0000588313291120131909012319737253
0000588323291120131916012386607420
0000588333291120131916012210252778
0000588343291120131916017019759333
0000588353291120131921013144033609
0000588363291120131930012613267560
0000588373291120131944012804171568
0000588383291120132005017019690724
0000588393291120132011012739447541
0000588403301120130551012371447554
0000588413301120130614013327806623
0000588423301120130618012866609745
0000588433301120130622012992912567
0000588443301120130628010324626298
0000588453301120130634013084786584
0000588463301120130638012519459656
0000588473301120130643013074487568
0000588483301120130646012930566584
0000588493301120130648020421048306
0000588503301120130648012621502581
0000588513301120130655012598219629
0000588523301120130656012301197869
0000588533301120130657016203863522
0000588543301120130658013022098560
0000588553301120130659012789003604
0000588563301120130659013333892587
0000588573301120130659012778020561
0000588583301120130700010813776292
0000588593301120130700012708247605
0000588603301120130700012613267560
0000588613301120130701013360614770
0000588623301120130701012357601584
0000588633301120130702012395856373
0000588643301120130703013312124564
0000588653301120130704012449872231
0000588663301120130705012873551609
0000588673301120130707013131637624
0000588683301120130708016861599647
0000588693301120130709012709577544
0000588703301120130709021060015201
0000588713301120130710013366872569
0000588723301120130710012381218833
0000588733301120130712013534757776
0000588743301120130712012260223216
0000588753301120130713010318320689
0000588763301120130716012454253560
0000588773301120130718012902859602
0000588783301120130719019025472497
0000588793301120130722013328784542
0000588803301120130722012243383839
0000588813301120130725013153210607
0000588823301120130729012147108814
0000588833301120130732012386726764
0000588843301120130735013015254676
0000588853301120130738016587828540
0000588863301120130745013027499601
0000588873301120130750011578161210
0000588883301120130751019024306550
0000588893301120130754013290933562
0000588903301120130757012434408240
0000588913301120131830013170028587
0000588923301120131840016270519420
0000588933301120131840012552915800
0000588943301120131841013262997608
0000588953301120131849013333892587
0000588963301120131851012313261044
0000588973301120131856012537454741
0000588983301120131857012930566584
0000588993301120131859012866609745
0000589003301120131900012477172982
0000589013301120131900012357601584
0000589023301120131901016203863522
0000589033301120131905012434379364
0000589043301120131906013025578628
0000589053301120131907012386726764
0000589063301120131908013121615628
0000589073301120131912012598219629
0000589083301120131916010324626298
0000589093301120131917013074487568
0000589103301120131917012709577544
0000589113301120131919013726012809
0000589123301120131922013329036582
0000589133301120131923013027499601
0000589143301120131937012381218833
0000589153301120131940021060277850
0000589163011220130617021060277850
0000589173011220130618012319737253
0000589183011220130632012456823348
0000589193011220130633012646806568
0000589203011220130642013215730560
0000589213011220130645012456772298
0000589223011220130651012879575542
0000589233011220130652012507605539
0000589243011220130653016868279664
0000589253011220130654012349959181
0000589263011220130700013022098560
0000589273011220130701013290933562
0000589283011220130701012477172982
0000589293011220130701012552915800
0000589303011220130702012454253560
0000589313011220130704012765965562
0000589323011220130704016270519420
0000589333011220130705012260223216
0000589343011220130705013025578628
0000589353011220130705012434379364
0000589363011220130705012292626227
0000589373011220130706012313261044
0000589383011220130706020421048306
0000589393011220130707013262997608
0000589403011220130707021060015201
0000589413011220130709012837505627
0000589423011220130709013153210607
0000589433011220130710012621502581
0000589443011220130712012519459656
0000589453011220130714013131425546
0000589463011220130714012613267560
0000589473011220130714013121615628
0000589483011220130717012301197869
0000589493011220130719010314867713
0000589503011220130719012646483297
0000589513011220130724017019690724
0000589523011220130724012778020561
0000589533011220130725012466946566
0000589543011220130725012537454741
0000589553011220130725013170028587
0000589563011220130730013534757776
0000589573011220130740019025923308
0000589583011220130750013329036582
0000589593011220130750012992912567
0000589603011220130800012386726764
0000589613011220130802013345527560
0000589623011220130803011578161210
0000589633011220130806019033786039
0000589643011220130838012858636585
0000589653011220131137013349813622
0000589663011220131825016587828540
0000589673011220131830012837573622
0000589683011220131836012434408240
0000589693011220131838010813776292
0000589703011220131841013366872569
0000589713011220131848010318320689
0000589723011220131851012858636585
0000589733011220131855012456772298
0000589743011220131857012319737253
0000589753011220131900016861599647
0000589763011220131901010314867713
0000589773011220131901012349959181
0000589783011220131903012386726764
0000589793011220131911013360614770
0000589803011220131914013328784542
0000589813011220131920011619085695
0000589823011220131932013153210607
0000589833011220132002017019690724
0000589843011220132004019033786039
0000589853011220132046014416862276
0000589863021220130633010324626298
0000589873021220130641013726012809
0000589883021220130642012992912567
0000589893021220130643013074487568
0000589903021220130644017044178748
0000589913021220130645012595990588
0000589923021220130646014416862276
0000589933021220130649012537586842
0000589943021220130649012930566584
0000589953021220130651019046560107
0000589963021220130653012456823348
0000589973021220130653012709577544
0000589983021220130654012598219629
0000589993021220130655012439169406
0000590003021220130658012700736585
0000590013021220130659012633725629
0000590023021220130700010814004021
0000590033021220130700013761081773
0000590043021220130700013366872569
0000590053021220130700010813776292
0000590063021220130701012646806568
0000590073021220130701013346657565
0000590083021220130702013360614770
0000590093021220130704013333892587
0000590103021220130704012765965562
0000590113021220130705012292626227
0000590123021220130705010318320689
0000590133021220130707011619085695
0000590143021220130708016203863522
0000590153021220130711012613267560
0000590163021220130713013131425546
0000590173021220130715013345527560
0000590183021220130715016861599647
0000590193021220130716012728154564
0000590203021220130716012879575542
0000590213021220130722012507605539
0000590223021220130722013215730560
0000590233021220130722012466946566
0000590243021220130724013153387302
0000590253021220130727012434408240
0000590263021220130728013222379628
0000590273021220130729012837573622
0000590283021220130730012150916527
0000590293021220130733012592635604
0000590303021220130734012004930936
0000590313021220130734016868279664
0000590323021220130735012646483297
0000590333021220130747011970643336
0000590343021220130750010313440740
0000590353021220130755019025923308
0000590363021220130756016587828540
0000590373021220130802012905269563
0000590383021220130806013343284601
0000590393021220130843012608653628
0000590403021220130855013194415564
0000590413021220130910010110224296
0000590423021220130923012739447541
0000590433021220130927017005003371
0000590443021220130932012357601584
0000590453021220130957012670737562
0000590463021220131700012150916527
0000590473021220131707012004930936
