0000465923300820131804012739447541
0000465933300820131807012386855181
0000465943300820131814013084786584
0000465953300820131825012150916527
0000465963300820131832012537454741
0000465973300820131845014084176520
0000465983300820131853012386607420
0000465993300820131853013025578628
0000466003300820131853016270519420
0000466013300820131854012780309565
0000466023300820131855013074487568
0000466033300820131855013211004547
0000466043300820131855011424881948
0000466053300820131857012608653628
0000466063300820131857012552915800
0000466073300820131859012598219629
0000466083300820131900012357601584
0000466093300820131900012490932707
0000466103300820131900012328100750
0000466113300820131901019033931071
0000466123300820131901012477172982
0000466133300820131902013262997608
0000466143300820131903012371447554
0000466153300820131904012420704934
0000466163300820131906012646483297
0000466173300820131910012709577544
0000466183300820131910012930566584
0000466193300820131911010324626298
0000466203300820131912013121615628
0000466213300820131916017019759333
0000466223300820131924017019690724
0000466233300820131942013153387302
0000466243310820130600013144033609
0000466253310820130620013084786584
0000466263310820130623013121615628
0000466273310820130632012664090544
0000466283310820130637012319737253
0000466293310820130637012478709718
0000466303310820130649021060015201
0000466313310820130650012780309565
0000466323310820130650013016465581
0000466333310820130651010314867713
0000466343310820130651013022098560
0000466353310820130653016209910573
0000466363310820130653013155622600
0000466373310820130654010326418420
0000466383310820130655013022469569
0000466393310820130658012349959181
0000466403310820130658010777518071
0000466413310820130658012778020561
0000466423310820130658012552915800
0000466433310820130659013333892587
0000466443310820130700013153210607
0000466453310820130700012147108814
0000466463310820130700012477172982
0000466473310820130700012301197869
0000466483310820130701018087440736
0000466493310820130704013262997608
0000466503310820130704013025578628
0000466513310820130704016270519420
0000466523310820130704013131637624
0000466533310820130707012449872231
0000466543310820130708019046560107
0000466553310820130711012420704934
0000466563310820130711013170028587
0000466573310820130711013211004547
0000466583310820130712019024306550
0000466593310820130713012891763566
0000466603310820130714012789003604
0000466613310820130714013112078585
0000466623310820130714012386607420
0000466633310820130717019025472497
0000466643310820130718012371447554
0000466653310820130719012395856373
0000466663310820130722012313763813
0000466673310820130724013194415564
0000466683310820130726012537454741
0000466693310820130730012728154564
0000466703310820130731012728154564
0000466713310820130732012507605539
0000466723310820130733013290933562
0000466733310820130733012858636585
0000466743310820130736012902859602
0000466753310820130742013232273563
0000466763310820130743012666158588
0000466773310820130745013327806623
0000466783310820130806021060277850
0000466793310820130811011578161210
0000466803310820131031019033786039
0000466813310820131808019024306550
0000466823310820131824010318320689
0000466833310820131834019025923308
0000466843310820131838012313261044
0000466853310820131845013366872569
0000466863310820131850010813776292
0000466873310820131854013016465581
0000466883310820131854013360614770
0000466893310820131856012434408240
0000466903310820131900012349959181
0000466913310820131901013022469569
0000466923310820131901010314867713
0000466933310820131902012319737253
0000466943310820131910013211004547
0000466953310820131912012395856373
0000466963310820131915012858636585
0000466973310820131920012420704934
0000466983310820131923012780309565
0000466993310820131926014791971279
0000467003310820131929016587828540
0000467013310820131933012708247605
0000467023310820131943013194415564
0000467033310820131946012371447554
0000467043010920130624012891763566
0000467053010920130631010324626298
0000467063010920130632012930566584
0000467073010920130638021060277850
0000467083010920130639012454253560
0000467093010920130640012992912567
0000467103010920130646012519459656
0000467113010920130647018054868788
0000467123010920130647012456772298
0000467133010920130652012537586842
0000467143010920130652010777518071
0000467153010920130653012430510164
0000467163010920130653012598219629
0000467173010920130655013074487568
0000467183010920130655012804171568
0000467193010920130656012328100750
0000467203010920130657012709577544
0000467213010920130657013534757776
0000467223010920130658012621502581
0000467233010920130659012765965562
0000467243010920130700013290933562
0000467253010920130700013360614770
0000467263010920130700012780309565
0000467273010920130701012357601584
0000467283010920130701010813776292
0000467293010920130705013022098560
0000467303010920130708010318320689
0000467313010920130709012778020561
0000467323010920130712013366872569
0000467333010920130713011390382901
0000467343010920130714016203863522
0000467353010920130715013153210607
0000467363010920130715019025472497
0000467373010920130715013333892587
0000467383010920130716013328784542
0000467393010920130720012260223216
0000467403010920130721012371447554
0000467413010920130721012478709718
0000467423010920130723012434408240
0000467433010920130726012386726764
0000467443010920130729012708247605
0000467453010920130733017019690724
0000467463010920130733013051332568
0000467473010920130735012902859602
0000467483010920130736012728154564
0000467493010920130736019025923308
0000467503010920130737011578161210
0000467513010920130756019033786039
0000467523010920130800012434379364
0000467533010920130809012381218833
0000467543010920130829019036418472
0000467553010920130833012283096148
0000467563010920130905014416862276
0000467573010920131826012804171568
0000467583010920131828012837573622
0000467593010920131836012828524541
0000467603010920131838021060015201
0000467613010920131849013262997608
0000467623010920131850012537454741
0000467633010920131851012456772298
0000467643010920131858012386726764
0000467653010920131900012598219629
0000467663010920131903016203863522
0000467673010920131903013025578628
0000467683010920131903016270519420
0000467693010920131904012930566584
0000467703010920131906012552915800
0000467713010920131907013074487568
0000467723010920131909012357601584
0000467733010920131911012328100750
0000467743010920131912010324626298
0000467753010920131912012283096148
0000467763010920131913012477172982
0000467773010920131916011660532315
0000467783010920131918011619085695
0000467793010920131926017019690724
0000467803010920131926017019690724
0000467813010920131935013312124564
0000467823010920131938013121615628
0000467833020920130610012467120491
0000467843020920130610012467120491
0000467853020920130614012646806568
0000467863020920130616012646806568
0000467873020920130616012467120491
0000467883020920130628013726012809
0000467893020920130628012664090544
0000467903020920130629013121615628
0000467913020920130635016868279664
0000467923020920130639012319737253
0000467933020920130642016209910573
0000467943020920130645012260223216
0000467953020920130646012866609745
0000467963020920130651013022469569
0000467973020920130652012858636585
0000467983020920130652012700736585
0000467993020920130653012386607420
0000468003020920130654013153387302
0000468013020920130655012519459656
0000468023020920130656013215730560
0000468033020920130656012552915800
0000468043020920130657016861599647
0000468053020920130700013262997608
0000468063020920130703012621502581
0000468073020920130703012430510164
0000468083020920130703020421048306
0000468093020920130703012292626227
0000468103020920130704012765965562
0000468113020920130704021060015201
0000468123020920130705016270519420
0000468133020920130706012349959181
0000468143020920130706013025578628
0000468153020920130706012992912567
0000468163020920130707013312124564
0000468173020920130707012837505627
0000468183020920130708012454253560
0000468193020920130708012837573622
0000468203020920130709013016465581
0000468213020920130709012477172982
0000468223020920130711012595990588
0000468233020920130712019025923308
0000468243020920130714013194415564
0000468253020920130714013384428543
0000468263020920130714012129012282
0000468273020920130715018054868788
0000468283020920130717014416862276
0000468293020920130718013131425546
0000468303020920130718012613267560
0000468313020920130719012420704934
0000468323020920130720012537586842
0000468333020920130720013153104467
0000468343020920130724013051332568
0000468353020920130724012828524541
0000468363020920130725012437791118
0000468373020920130728013534757776
0000468383020920130739012466946566
0000468393020920130746012434379364
0000468403020920130748012537454741
0000468413020920130748010314867713
0000468423020920130753012004930936
0000468433020920130815012381218833
0000468443020920130816013343284601
0000468453020920130817011722716058
0000468463020920130826012608653628
0000468473020920130827012386855181
0000468483020920130906012739447541
0000468493020920130909012670737562
0000468503020920130924010110224296
0000468513020920131022012150916527
0000468523020920131301011722716058
0000468533020920131517010313440740
0000468543020920131643012150916527
0000468553020920131706012129012282
0000468563020920131706012004930936
0000468573020920131746012386855181
0000468583020920131833012456823348
0000468593020920131834010318320689
0000468603020920131838010813776292
0000468613020920131840012708247605
0000468623020920131842016587828540
0000468633020920131846012670737562
0000468643020920131847013366872569
0000468653020920131851013153387302
0000468663020920131852013022469569
0000468673020920131854013360614770
0000468683020920131857012434408240
0000468693020920131858012646483297
0000468703020920131858012319737253
0000468713020920131859013016465581
0000468723020920131900010314867713
0000468733020920131900012349959181
0000468743020920131901013343284601
0000468753020920131902013384428543
0000468763020920131903012858636585
0000468773020920131906012386607420
0000468783020920131906013084786584
0000468793020920131909013153210607
0000468803020920131912012420704934
0000468813020920132005014844122270
0000468823020920132030012496829282
0000468833020920132109012608653628
0000468843020920132109012739447541
0000468853020920132109013194415564
0000468863020920132119019010804235
0000468873030920130506012496829282
0000468883030920130614017005003371
0000468893030920130625010324626298
0000468903030920130629013153210607
0000468913030920130640012062693674
0000468923030920130642012813849091
0000468933030920130643012709577544
0000468943030920130643012456772298
0000468953030920130646012930566584
0000468963030920130649012439169406
0000468973030920130652010318320689
0000468983030920130653016203863522
0000468993030920130653012313261044
0000469003030920130654012598219629
0000469013030920130655013313461580
0000469023030920130657010110224296
0000469033030920130658012328100750
0000469043030920130658013074487568
0000469053030920130659017044178748
0000469063030920130701013366872569
0000469073030920130703010813776292
0000469083030920130703010814004021
0000469093030920130704013222379628
0000469103030920130704012595990588
0000469113030920130704012866609745
0000469123030920130705012633725629
0000469133030920130705013761081773
0000469143030920130705019046560107
0000469153030920130705012434408240
0000469163030920130705019046880284
0000469173030920130706013360614770
0000469183030920130707012467120491
0000469193030920130708013215730560
0000469203030920130708012456823348
0000469213030920130708014844122270
0000469223030920130709012700736585
0000469233030920130710013401041583
0000469243030920130710013131425546
0000469253030920130710012708247605
0000469263030920130710016587828540
0000469273030920130710013302245563
0000469283030920130710017056506729
0000469293030920130711013084786584
0000469303030920130712010313440740
0000469313030920130712012613267560
0000469323030920130712012646483297
0000469333030920130712013153104467
0000469343030920130712012319737253
0000469353030920130712012292626227
0000469363030920130713012319737253
0000469373030920130715011970643336
0000469383030920130717012260223216
0000469393030920130720016861599647
0000469403030920130721012646806568
0000469413030920130721012437791118
0000469423030920130724012837505627
0000469433030920130725012150916527
0000469443030920130727012150916527
0000469453030920130728012837505627
0000469463030920130734016209910573
0000469473030920130737012466946566
0000469483030920130738013726012809
0000469493030920130739012283096148
0000469503030920130742021060015201
0000469513030920130749012507644070
0000469523030920130807012386855181
0000469533030920130812013343284601
0000469543030920130816012739447541
0000469553030920130833012608653628
0000469563030920130840012670737562
0000469573030920130847011722716058
0000469583030920131240011722716058
0000469593030920131719012150916527
0000469603030920131730012608653628
0000469613030920131743012386855181
0000469623030920131752012537454741
0000469633030920131809017056506729
0000469643030920131833012552915800
0000469653030920131835013074487568
0000469663030920131838012670737562
0000469673030920131845012477172982
0000469683030920131847019013900464
0000469693030920131849013726012809
0000469703030920131850013262997608
0000469713030920131853012456772298
0000469723030920131855013025578628
0000469733030920131900012930566584
0000469743030920131900010631084573
0000469753030920131902012598219629
0000469763030920131902013312124564
0000469773030920131904016203863522
0000469783030920131907012709577544
0000469793030920131908013343284601
0000469803030920131908013153104467
0000469813030920131909012328100750
0000469823030920131909012319737253
0000469833030920131910012386726764
0000469843030920131911013761081773
0000469853030920131911010324626298
0000469863030920131916011424881948
0000469873030920131920016270519420
0000469883030920131925013121615628
0000469893030920131926012283096148
0000469903030920131930012313261044
0000469913030920131941012739447541
0000469923030920131943019033786039
0000469933030920131946012780309565
0000469943030920132039012514463361
0000469953040920130627014791971279
0000469963040920130636012062693674
0000469973040920130640012319737253
0000469983040920130643012879575542
0000469993040920130643013050460600
0000470003040920130646019013900464
0000470013040920130646017005003371
0000470023040920130649012858636585
0000470033040920130651013016465581
0000470043040920130652012780309565
0000470053040920130652010631084573
0000470063040920130652012552915800
0000470073040920130653014791971279
0000470083040920130653012944519621
0000470093040920130654012944519621
0000470103040920130654014791971279
0000470113040920130656013022469569
0000470123040920130656013006134620
0000470133040920130656013312124564
0000470143040920130657010314867713
0000470153040920130700012386726764
0000470163040920130701013262997608
0000470173040920130701012477172982
0000470183040920130702012509551479
0000470193040920130703012386726764
0000470203040920130703012477246218
0000470213040920130703013121615628
0000470223040920130706016270519420
0000470233040920130707013015254676
0000470243040920130707013287770569
0000470253040920130707013025578628
0000470263040920130707012732485294
0000470273040920130708017044178748
0000470283040920130709012633725629
0000470293040920130710010814004021
0000470303040920130711021060015201
0000470313040920130711021060015201
0000470323040920130712012349959181
0000470333040920130712013194415564
0000470343040920130713013121615628
0000470353040920130714012243383839
0000470363040920130715012434379364
0000470373040920130716012813849091
0000470383040920130716011970643336
0000470393040920130717019046560107
0000470403040920130719013035980542
0000470413040920130719012150916527
0000470423040920130720013401041583
0000470433040920130720013222379628
0000470443040920130722012260223216
0000470453040920130723013346657565
0000470463040920130724010110285686
0000470473040920130729013313461580
0000470483040920130729012439169406
0000470493040920130730013726012809
0000470503040920130730019025923308
0000470513040920130750012507644070
0000470523040920130752013027499601
0000470533040920130752012969445621
0000470543040920130756013329036582
0000470553040920130759019033786039
0000470563040920130801020313925369
0000470573040920130820013321610603
0000470583040920130831012608653628
0000470593040920130843012386855181
0000470603040920130854012739447541
0000470613040920130905012456731192
0000470623040920130914012670737562
0000470633040920130945012537454741
0000470643040920130955012670737562
0000470653040920131247011722716058
0000470663040920131629011722716058
0000470673040920131707012739447541
0000470683040920131729012150916527
0000470693040920131756012670737562
0000470703040920131757012386855181
0000470713040920131833013084786584
0000470723040920131836012456823348
0000470733040920131836012386726764
0000470743040920131838013360614770
0000470753040920131844012837573622
0000470763040920131845010318320689
0000470773040920131850012313763813
0000470783040920131851013366872569
0000470793040920131852010813776292
0000470803040920131852012243383839
0000470813040920131856012608653628
0000470823040920131857013153104467
0000470833040920131857013022469569
0000470843040920131900012514463361
0000470853040920131900021060015201
0000470863040920131900013016465581
0000470873040920131900012349959181
0000470883040920131901012319737253
0000470893040920131901010110285686
0000470903040920131902012283096148
0000470913040920131902010314867713
0000470923040920131903012434408240
0000470933040920131915012708247605
0000470943040920131917012858636585
0000470953040920131919016587828540
0000470963040920131923013121615628
0000470973040920131925012371447554
0000470983040920131938013194415564
0000470993040920131945013329036582
0000471003050920130615010318320689
0000471013050920130627010324626298
0000471023050920130632010326418420
0000471033050920130643013360614770
0000471043050920130643013006134620
0000471053050920130644019013889398
0000471063050920130645018054868788
0000471073050920130648012357601584
0000471083050920130650012930566584
0000471093050920130653012598219629
0000471103050920130653013170028587
0000471113050920130655012709577544
0000471123050920130657012328100750
0000471133050920130657014791971279
0000471143050920130658012672783561
0000471153050920130659013084786584
0000471163050920130659016209910573
0000471173050920130659018087440736
0000471183050920131244011722716058
0000471193050920131726012150916527
0000471203050920131755012537454741
0000471213050920131820013074487568
0000471223050920131822019013900464
0000471233050920131841012552915800
0000471243050920131854013726012809
0000471253050920131857013006134620
0000471263050920131858012357601584
0000471273050920131858012598219629
0000471283050920131858016056925650
0000471293050920131900013333892587
0000471303050920131900013262997608
0000471313050920131900012621502581
0000471323050920131902016270519420
0000471333050920131903013153210607
0000471343050920131904013025578628
0000471353050920131910012666158588
0000471363050920131910012709577544
0000471373050920131911013121615628
0000471383050920131913012328100750
0000471393050920131916012930566584
0000471403050920131924010324626298
0000471413050920131924013329036582
0000471423050920131930012780309565
0000471433050920132017012514463361
0000471443050920132018019036418472
0000471453060920130624013329036582
0000471463060920130629013153210607
0000471473060920130633013327806623
0000471483060920130633012478709718
0000471493060920130640012319737253
0000471503060920130644012789003604
0000471513060920130644019013900464
0000471523060920130645019013889398
0000471533060920130645013016465581
0000471543060920130650012780309565
0000471553060920130651012858636585
0000471563060920130651013022469569
0000471573060920130653012552915800
0000471583060920130653010314867713
0000471593060920130653012490932707
0000471603060920130654012449872231
0000471613060920130659018087440736
0000471623060920130700013025578628
0000471633060920130701010326418420
0000471643060920130701010326418420
0000471653060920130702013131637624
0000471663060920130703013262997608
0000471673060920130703012386607420
0000471683060920130706012129012282
0000471693060920130706012873551609
0000471703060920130707016270519420
0000471713060920130707012349959181
0000471723060920130709012514463361
0000471733060920130709013112078585
0000471743060920130710013121615628
0000471753060920130711018054868788
0000471763060920130712013015254676
0000471773060920130713012672783561
0000471783060920130713012902859602
0000471793060920130714019033931071
0000471803060920130715016209910573
0000471813060920130716012147108814
0000471823060920130716012313763813
0000471833060920130717019024306550
0000471843060920130717012804171568
0000471853060920130717012804171568
0000471863060920130719013170028587
0000471873060920130720017019759333
0000471883060920130722010815119507
0000471893060920130723012150916527
0000471903060920130724013153104467
0000471913060920130724012150916527
0000471923060920130725013726012809
0000471933060920130725013290933562
0000471943060920130725014084176520
0000471953060920130727012243383839
0000471963060920130728012728154564
0000471973060920130731013144033609
0000471983060920130731010777518071
0000471993060920130746012395856373
0000472003060920130750016587828540
0000472013060920130754012386855181
0000472023060920130816017019690724
0000472033060920130846012608653628
0000472043060920130859012739447541
0000472053060920130929012670737562
0000472063060920131017012537454741
0000472073060920131719012150916527
