0000357163310720131448012805882549
0000357173310720131705012150916527
0000357183310720131839012313763813
0000357193310720131840012739447541
0000357203310720131843010324626298
0000357213310720131846013084786584
0000357223310720131850013025578628
0000357233310720131852012598219629
0000357243310720131854012552915800
0000357253310720131900012514463361
0000357263310720131901010110285686
0000357273310720131901010110285686
0000357283310720131901012537454741
0000357293310720131902012420704934
0000357303310720131902012434379364
0000357313310720131903012319737253
0000357323310720131904012386726764
0000357333310720131904019046560107
0000357343310720131904012260223216
0000357353310720131905013262997608
0000357363310720131908013121615628
0000357373310720131909016270519420
0000357383310720131910012477172982
0000357393310720131918012328100750
0000357403310720131919012709577544
0000357413310720131925012283096148
0000357423310720131927012780309565
0000357433310720131927013153104467
0000357443310720131927013074487568
0000357453310720131929012608653628
0000357463310720132256013170028587
0000357473010820130552013006134620
0000357483010820130627013112078585
0000357493010820130638013121615628
0000357503010820130639012319737253
0000357513010820130640012902859602
0000357523010820130644013016465581
0000357533010820130645010314867713
0000357543010820130650012478709718
0000357553010820130650013327806623
0000357563010820130652012858636585
0000357573010820130653012349959181
0000357583010820130653013022469569
0000357593010820130655013025578628
0000357603010820130655012780309565
0000357613010820130656019013889398
0000357623010820130659010814004021
0000357633010820130659013313461580
0000357643010820130700012477172982
0000357653010820130700012552915800
0000357663010820130700012837573622
0000357673010820130702013262997608
0000357683010820130702012873551609
0000357693010820130704012425256085
0000357703010820130706010313440740
0000357713010820130706018087440736
0000357723010820130707012837505627
0000357733010820130708012147108814
0000357743010820130708016270519420
0000357753010820130709016203863522
0000357763010820130709012509551479
0000357773010820130711012395856373
0000357783010820130713012243383839
0000357793010820130713012301197869
0000357803010820130714013211004547
0000357813010820130717012434379364
0000357823010820130717012608653628
0000357833010820130717013153210607
0000357843010820130718010631084573
0000357853010820130721012672783561
0000357863010820130727012666158588
0000357873010820130727013155622600
0000357883010820130728016209910573
0000357893010820130728010326418420
0000357903010820130730019025923308
0000357913010820130732010777518071
0000357923010820130733012313763813
0000357933010820130734013084786584
0000357943010820130736013144033609
0000357953010820130736019025472497
0000357963010820130739012150916527
0000357973010820130753012739447541
0000357983010820130757013343284601
0000357993010820130800012386855181
0000358003010820130805012905269563
0000358013010820130806012728154564
0000358023010820130806013290933562
0000358033010820130809012537454741
0000358043010820130814013232273563
0000358053010820130822013153104467
0000358063010820130823017015352069
0000358073010820130830013329036582
0000362203010820130929011722716058
0000362213010820130949012670737562
0000366343010820131007013194415564
0000366353010820131021017040273738
0000366363010820131109010815119507
0000370493010820131318012456731192
0000370503010820131656011722716058
