0000000173250420130826012168241238
0000000183260420130813012168241238
0000002123300420131350012837550584
0000002133300420131350012837550584
0000002143300420131354012837550584
0000002153300420131354012837550584
0000002163300420131354012837550584
0000004693300420131532013338027566
0000004883010520130706013086327587
0000004933010520130713012525399104
0000004963010520130714012537098295
0000004993010520130716012231148805
0000005023010520130717020484709415
0000005053010520130719016683233986
0000005083010520130721012319553284
0000005113010520130728013370765585
0000005143010520130730012986407295
0000005173010520130732013179726589
0000005203010520130733012745598548
0000005233010520130734012283126489
0000005263010520130736012538059587
0000005293010520130758012015168534
0000005323010520130800012399256591
0000005353010520130801013141563623
0000005363010520130801010852462651
0000005393010520130802012599628549
0000005423010520130808012758378541
0000005453010520130809013306559546
0000005483010520130811010632593587
0000005513010520130812013121511547
0000005543010520130813012536849750
0000005573010520130815012970150540
0000005603010520130816012544302234
0000005633010520130820019039736661
0000005663010520130821012738187600
0000005693010520130822013296437583
0000005723010520130824012828178600
0000005753010520130832015720050276
0000005803010520130850013393571604
0000005833010520130854020944806842
0000005863010520130856020129957598
0000005893010520130858019044123087
0000005923010520130924013338074580
0000007903010520131756012973336580
0000007933010520131759019023276992
0000007963010520131848012700519606
0000007993010520131849016478362974
0000008003010520131900012231148805
0000008013010520131900016683233986
0000008023010520131901012319553284
0000008033010520131902010852462651
0000008043010520131903020484709415
0000008053010520131906012745598548
0000008063010520131908013086327587
0000008093010520131917012682353543
0000008103010520131926020944806842
0000008133010520132027013113381583
0000008143020520130614012544302234
0000008153020520130642012759614605
0000008163020520130642020466482269
0000008173020520130643010852462651
0000008183020520130643013121511547
0000008193020520130644012986407295
0000008203020520130644012986407295
0000008213020520130644021049847484
0000008223020520130645012970150540
0000008233020520130645012700017600
0000008243020520130647012679472561
0000008253020520130653013296437583
0000008283020520130655012587148563
0000008313020520130656012873540569
0000008343020520130657019028770049
0000008373020520130658012656999563
0000008383020520130659020469759210
0000008393020520130659013306559546
0000008403020520130702010632593587
0000008413020520130703012682353543
0000008423020520130704019039736661
0000008433020520130706016869134112
0000008443020520130706012973336580
0000008453020520130706012339688584
0000008463020520130706013393571604
0000008493020520130710011227821381
0000008503020520130712012599628549
0000008513020520130712012536849750
0000008523020520130712019044123087
0000008533020520130715019023276992
0000008543020520130715013179726589
0000008553020520130716012537098295
0000008563020520130717012537198451
0000008573020520130718013370765585
0000008583020520130720012283126489
0000008593020520130720013141563623
0000008623020520130721012454198284
0000008653020520130722012339070327
0000008663020520130724019044050624
0000008673020520130727012807358588
0000008683020520130727012538059587
0000008693020520130730012371191843
0000008703020520130730012371191843
0000008713020520130730012525399104
0000008723020520130730012828178600
0000008753020520130734015594076275
0000008783020520130737013637405937
0000008793020520130739013338027566
0000008823020520130750013397847582
0000008833020520130753013182604561
0000008843020520130800012738187600
0000008853020520130802012700519606
0000008863020520130805013256857549
0000008893020520130824013391243588
0000008903020520130829020649340978
0000008913020520130840012168241238
0000008923020520130840012837550584
0000008993020520130956012548910239
0000009023020520130957012023019984
0000009053020520130959012496933101
0000009083020520131002020693378950
0000009113020520131004012363335726
0000009143020520131008020903798063
0000009153020520131706012168241238
0000009163020520131708013182604561
0000009173020520131708012807358588
0000011153020520131758012837550584
0000011163020520131804012449714377
0000011173020520131817013215357584
0000011183020520131849012371191843
0000011193020520131851015594076275
0000011223020520131854010840371044
0000011233020520131854013397847582
0000011243020520131854019035984016
0000011253020520131856010655549258
0000011283020520131859012700017600
0000011293020520131900021049847484
0000011303020520131900010852462651
0000011313020520131900012679472561
0000011323020520131902020466482269
0000011333020520131903020469759210
0000011343020520131907012339688584
0000011353020520131907013338027566
0000011363020520131907012759614605
0000011393020520131954012479133062
0000011403030520130609012537198451
0000011413030520130632012015168534
0000011443030520130641016683233986
0000011453030520130642012319553284
0000011463030520130642012231148805
0000011473030520130642020484709415
0000011483030520130645010655549258
0000011493030520130656012496933101
0000011523030520130659012449714377
0000011553030520130701012656999563
0000011563030520130702013086327587
0000011593030520130705016896979314
0000011603030520130705020944806842
0000011633030520130706013235792545
0000011643030520130707020903798063
0000011653030520130707010840371044
0000011663030520130708019044050624
0000011693030520130709016142184981
0000011703030520130710012399256591
0000011733030520130712012288507804
0000011743030520130712016869134112
0000011753030520130712019035984016
0000011783030520130715012809880567
0000011793030520130718013215357584
0000011803030520130719013391243588
0000011813030520130719012873540569
0000011843030520130722013298488568
0000011853030520130723012023019984
0000011883030520130724010852465669
0000011913030520130726012638303609
0000011923030520130726013256857549
0000011933030520130726020693378950
0000011943030520130729012339070327
0000011953030520130729019028770049
0000011963030520130729013637405937
0000011973030520130741012828178600
0000011983030520130743012807358588
0000011993030520130748013338027566
0000012003030520130806013182604561
0000012013030520130816013397847582
0000014033030520131639020715098637
0000014063030520131642013263223568
0000014093030520131645017045925520
0000014103030520131711013182604561
0000014113030520131717013338027566
0000014123030520131721012807358588
0000014133030520131800012837550584
0000014143030520131839012682353543
0000014153030520131855012700519606
0000014163030520131855020129957598
0000014173030520131857012973336580
0000014183030520131900020682605209
0000014193030520131900016478362974
0000014203030520131901013086327587
0000014213030520131901012399256591
0000014223030520131901013397847582
0000014233030520131901020484709415
0000014243030520131902019023276992
0000014253030520131903016142184981
0000014263030520131907012231148805
0000014273030520131909012319553284
0000014283030520131910016683233986
0000014293030520131916012015168534
0000014323030520131922013235792545
0000014333030520131922020944806842
0000014363030520131926013113381583
0000014393040520130632012759614605
0000014403040520130636012288507804
0000014413040520130636020466482269
0000014423040520130640010852462651
0000014453040520130646012380704173
0000014463040520130651012599628549
0000014473040520130652020469759210
0000014483040520130654019035984016
0000014493040520130655012745598548
0000014503040520130656012638303609
0000014513040520130656012679472561
0000014543040520130700012339688584
0000014553040520130700013113381583
0000014563040520130701012682353543
0000014573040520130701013256857549
0000014583040520130702021049847484
0000014613040520130703012413769600
0000014643040520130704017040097808
0000014653040520130704012973336580
0000014663040520130706012447665867
0000014673040520130706013235792545
0000014683040520130706016478362974
0000014733040520130708012732387624
0000014743040520130709020682605209
0000014773040520130711012824784549
0000014783040520130711019023276992
0000014813040520130713013080703625
0000014823040520130716012700519606
0000014873040520130725012809880567
0000014883040520130729013298488568
0000014893040520130739013393325565
0000014903040520130805016896979314
0000014913040520130814012828178600
0000014923040520130814012828178600
0000014933040520130815012828178600
0000014943040520130929015594076275
0000014953040520131815012449714377
0000014963040520131830016142184981
0000014973040520131837019035984016
0000014983040520131858012679472561
0000014993040520131903020469759210
0000015003040520131903012759614605
0000015013040520131905010840371044
0000015023040520131906010852462651
0000015033040520131908012339688584
0000015043040520131911021049847484
0000015053040520131913015594076275
0000015063040520131913012745598548
0000015073040520131914012745598548
0000015083040520131914012745598548
0000015093040520131915020466482269
0000015103040520131915020466482269
0000015113040520131915020466482269
0000015163050520130628012587148563
0000015173050520130629016683233986
0000015203050520130635012917353629
0000015233050520130636012750146544
0000015243050520130636012319553284
0000015253050520130637012015168534
0000015283050520130642010290465742
0000015293050520130642020484709415
0000015303050520130643012231148805
0000015333050520130649013095330609
0000015343050520130652012824784549
0000015353050520130658013086327587
0000015363050520130659012399256591
0000015373050520130700012288507804
0000015383050520130700010840371044
0000015393050520130700012413769600
0000015403050520130701017040097808
0000015433050520130704012958651543
0000015443050520130705012449714377
0000015453050520130706012449714377
0000015463050520130706012599628549
0000015473050520130706019035984016
0000015503050520130709017064167733
0000015513050520130710012380704173
0000015523050520130713020944806842
0000015533050520130716012732387624
0000015543050520130725013256857549
0000015553050520130729013235792545
0000015563050520130741013080703625
0000015573050520130755020335199075
0000015583050520130756012601834627
0000015633050520130837012184316883
0000015643050520131752012973336580
0000015653050520131826019044123087
0000015663050520131850016478362974
0000015673050520131854019023276992
0000015683050520131900016142184981
0000015693050520131900012700519606
0000015703050520131900016683233986
0000015713050520131901012319553284
0000015723050520131901012231148805
0000015733050520131902020484709415
0000015743050520131904012587148563
0000015753050520131907013086327587
0000015763050520131907020682605209
0000015773050520131913012682353543
0000015783050520131913013113381583
0000015793050520131920012015168534
0000015803050520131920012399256591
0000015813050520131933020944806842
0000015843050520131936013391244584
0000015873060520130559013391244584
0000015903060520130636012292819270
0000015913060520130638012425050894
0000015923060520130642012759614605
0000015933060520130644012679472561
0000015943060520130649019033050822
0000015953060520130649019033050822
0000015963060520130649021049847484
0000015973060520130649019033050822
0000015983060520130651020469759210
0000015993060520130654012743557607
0000016023060520130655010889012269
0000016033060520130655012712062606
0000016063060520130656013274152624
0000016073060520130657012182635655
0000016083060520130657010852462651
0000016093060520130657012193084663
0000016103060520130657013375736605
0000016113060520130658020466482269
0000016123060520130659012700017600
0000016153060520130700019040250866
0000016163060520130702012766243587
0000016173060520130702013235792545
0000016203060520130704013113381583
0000016213060520130705012122586690
0000016223060520130705012682353543
0000016233060520130706013095330609
0000016243060520130706012750146544
0000016253060520130706012973336580
0000016263060520130707017064167733
0000016273060520130707016478362974
0000016283060520130708019023276992
0000016293060520130710012319553284
0000016303060520130715020682605209
0000016313060520130718019044123087
0000016323060520130720012700519606
0000016333060520130725012184316883
0000016343060520130726010290465742
0000016353060520130726010290465742
0000016363060520130743012474670663
0000016373060520130752012958651543
0000016383060520130757013338027566
0000016393060520130758012807358588
0000016403060520130800013182604561
0000016413060520130825020649340978
0000016423060520130957012837550584
0000018483060520131457020129681797
0000018513060520131500012744228623
0000018523060520131704013182604561
0000018533060520131707012807358588
0000018543060520131710020649340978
0000018573060520131804020941875665
0000018583060520131817012449714377
0000018593060520131822013215357584
0000018603060520131834012914568543
0000018613060520131856010840371044
0000018623060520131859019035984016
0000018633060520131901013138725421
0000018643060520131901012679472561
0000018653060520131903020469759210
0000018663060520131904021049847484
0000018673060520131904010852462651
0000018683060520131904020466482269
0000018693060520131905012759614605
0000018703060520131907013235792545
0000018713060520131911019040250866
0000018723060520131912012700017600
0000018733060520131921010655549258
0000018743070520130629019044123087
0000018753070520130637012283126489
0000018763070520130640012015168534
0000018773070520130640016683233986
0000018783070520130642012319553284
0000018793070520130644012357262801
0000018803070520130645012914568543
0000018813070520130646012231148805
0000018823070520130647013306559546
0000018833070520130650012712062606
0000018843070520130653017018806044
0000018853070520130654012986407295
0000018863070520130655013086327587
0000018873070520130657012536849750
0000018883070520130657012537098295
0000018893070520130657012525399104
0000018903070520130657013179726589
0000018913070520130658012538059587
0000018923070520130659012743557607
0000018933070520130659012544302234
0000018943070520130700013215357584
0000018953070520130700020941875665
0000018963070520130701016869134112
0000018973070520130701010889012269
0000018983070520130701012745598548
0000018993070520130702012744228623
0000019003070520130702012766243587
0000019013070520130702010840371044
0000019023070520130704012758378541
0000019033070520130705020484709415
0000019043070520130705019035984016
0000019053070520130708012193084663
0000019063070520130708012182635655
0000019073070520130709012399256591
0000019083070520130710013138725421
0000019093070520130711013274152624
0000019103070520130711012449714377
0000019113070520130712012122586690
0000019123070520130712013375736605
0000019133070520130713019033050822
0000019143070520130713013370765585
0000019153070520130714020944806842
0000019163070520130716020129681797
0000019173070520130716012738187600
0000019183070520130717016142184981
0000019193070520130721012537198451
0000019203070520130722012371191843
0000019233070520130728019031632816
0000019243070520130729020469888185
0000019253070520130729020106146682
0000019263070520130735019044050624
0000019273070520130735012292819270
0000019283070520130806013338027566
0000019293070520130806013182604561
0000019303070520130806013182604561
0000019313070520130806013182604561
0000019323070520130808013182604561
0000019333070520130811012807358588
0000019343070520130811012807358588
0000019353070520130812020649340978
0000019363070520131050012339688584
0000019373070520131655013338027566
0000019383070520131711020649340978
0000019393070520131720010655549258
0000019403070520131745012807358588
0000019413070520131746012168241238
0000019423070520131746013182604561
0000019433070520131835020992624082
0000019443070520131842012700519606
0000019453070520131843012682353543
0000019463070520131843019023276992
0000019473070520131852012973336580
0000019483070520131856012231148805
0000019493070520131857020484709415
0000019503070520131859012399256591
0000019513070520131901012745598548
0000019523070520131902016478362974
0000019533070520131903016142184981
0000019543070520131904020944806842
0000019553070520131904012319553284
0000019563070520131907016683233986
0000019573070520131911013113381583
0000019583070520131916012015168534
0000019593070520132007012339688584
0000019603070520132042020682605209
0000019613070520132044013086327587
0000019623080520130538019031632816
0000019633080520130626012544302234
0000019643080520130629012759614605
0000019653080520130637012363335726
0000019663080520130638012537198451
0000019673080520130641019040250866
0000019683080520130642012496933101
0000019693080520130643020106146682
0000019703080520130643012700017600
0000019713080520130644012679472561
0000019723080520130645019028770049
0000019733080520130646020903798063
0000019743080520130646010852462651
0000019753080520130649020466482269
0000019763080520130652019044050624
0000019773080520130653020469759210
0000019783080520130653013141563623
0000019793080520130654020693378950
0000019803080520130654012656999563
0000019813080520130655012023019984
0000019823080520130657012587148563
0000019853080520130658012826956568
0000019863080520130658012371191843
0000019873080520130659021049847484
0000019883080520130659016869134112
0000019893080520130659013296437583
0000019903080520130659012548910239
0000019933080520130700012874780628
0000019943080520130701012682353543
0000019953080520130702012454198284
0000019963080520130702016478362974
0000019993080520130703019008103144
0000020003080520130705013113381583
0000020013080520130705013370765585
0000020023080520130705012970150540
0000020033080520130705012986407295
0000020043080520130706013306559546
0000020053080520130706012973336580
0000020063080520130707012599628549
0000020073080520130708020469888185
0000020083080520130709013179726589
0000020093080520130711012537098295
0000020103080520130712012525399104
0000020113080520130713012700519606
0000020123080520130713012758378541
0000020133080520130713013637405937
0000020143080520130715012536849750
0000020153080520130719017018806044
0000020163080520130720012538059587
0000020173080520130725013338074580
0000020183080520130725010632593587
0000020193080520130728012357262801
0000020203080520130729019044123087
0000020213080520130730012828178600
0000020223080520130730020129957598
0000020233080520130731013393571604
0000020243080520130731012283126489
0000020253080520130733012738187600
0000020263080520130734019023276992
0000020273080520130744020992624082
0000020283080520130744012339070327
0000020293080520130744020682605209
0000020303080520130752013338027566
0000020313080520130753020649340978
0000020323080520130755012807358588
0000020333080520130824012168241238
0000020343080520130921012837550584
0000020953080520131656012807358588
0000020963080520131700020649340978
0000020973080520131702013182604561
0000020983080520131702012168241238
0000020993080520131717013338027566
0000021003080520131811012837550584
0000021013080520131815020941875665
0000021023080520131815012449714377
0000021033080520131819013215357584
0000021043080520131848019035984016
0000021053080520131858012700017600
0000021063080520131858012679472561
0000021073080520131858012759614605
0000021083080520131900019040250866
0000021093080520131901020466482269
0000021103080520131901020469759210
0000021113080520131902021049847484
0000021123080520131905020129957598
0000021133080520131906010852462651
0000021143080520131907010840371044
0000021153080520131927013338074580
0000021163090520130605020693378950
0000021173090520130610013391243588
0000021183090520130620012015168534
0000021193090520130633012319553284
0000021203090520130634012231148805
0000021213090520130640016683233986
0000021223090520130641012637374626
0000021233090520130642016896979314
0000021243090520130648013219359581
0000021253090520130648017045925520
0000021263090520130648012873540569
0000021273090520130648011227821381
0000021283090520130649019008103144
0000021313090520130651012731985560
0000021323090520130651012656999563
0000021333090520130653012638303609
0000021343090520130654013371053589
0000021353090520130654020484709415
0000021363090520130655013086327587
0000021373090520130659012399256591
0000021383090520130659012809880567
0000021393090520130659016869134112
0000021403090520130700013296437583
0000021413090520130701012449714377
0000021423090520130701012587148563
0000021433090520130703013141563623
0000021443090520130705013393325565
0000021453090520130705019035984016
0000021463090520130706012454198284
0000021473090520130706012562331569
0000021483090520130706012496933101
0000021493090520130706012599628549
0000021503090520130709013215357584
0000021513090520130709020941875665
0000021523090520130709012023019984
0000021533090520130709020903798063
0000021543090520130710012537198451
0000021553090520130712010840371044
0000021563090520130712013637405937
0000021573090520130712013393571604
0000021583090520130712013298488568
0000021593090520130713019028770049
0000021603090520130715020944806842
0000021613090520130718012826956568
0000021623090520130719012371191843
0000021653090520130724020304024613
0000021663090520130727012339688584
0000021673090520130730015594076275
0000021683090520130730019044050624
0000021693090520130737010632593587
0000021703090520130741012363335726
0000021713090520130743012339070327
0000021723090520130749013397847582
0000021733090520130801012828178600
0000021743090520130806020649340978
0000021753090520130813013338027566
0000021783090520130841012920552548
0000021793090520130907019031632816
0000021803090520130919012837550584
0000021813090520130919012837550584
0000021823090520131325013182604561
0000029933090520131721013338027566
0000029943090520131739020649340978
0000029953090520131811019023276992
0000029963090520131812012837550584
0000029973090520131821012168241238
0000029983090520131822012807358588
0000029993090520131835013113381583
0000030003090520131841012682353543
0000030013090520131850020992624082
0000030023090520131851012371191843
0000030033090520131852012973336580
0000030043090520131857015594076275
0000030053090520131857013397847582
0000030063090520131857012231148805
0000030073090520131900016683233986
0000030083090520131900016142184981
0000030093090520131900020484709415
0000030103090520131900012700519606
0000030113090520131902016478362974
0000030123090520131903012399256591
0000030133090520131911012015168534
0000030143090520131915020944806842
0000030153090520131916012339688584
0000030163090520131918010655549258
0000030173090520131920013235792545
0000030183090520131924020682605209
0000030193090520131943020304024613
0000030203100520130541019031632816
0000030213100520130608020715098637
0000030223100520130620012601834627
0000030233100520130625012537198451
0000030243100520130629012288507804
0000030253100520130630012288507804
0000030263100520130630012380704173
0000030273100520130630020466482269
0000030283100520130633012413769600
0000030293100520130641012759614605
0000030303100520130642010852462651
0000030313100520130643012700017600
0000030343100520130645019032483318
0000030353100520130646020469759210
0000030363100520130646019040250866
0000030373100520130648013370765585
0000030383100520130653012679472561
0000030393100520130653013263223568
0000030403100520130655012824784549
0000030413100520130656013375736605
0000030423100520130657013298488568
0000030433100520130700012638303609
0000030443100520130700012732387624
0000030453100520130701013393325565
0000030463100520130701010322806426
0000030473100520130702012973336580
0000030483100520130703013256857549
0000030493100520130703011227821381
0000030503100520130703012745598548
0000030513100520130703012562331569
0000030523100520130704016478362974
0000030553100520130706020335199075
0000030563100520130706012682353543
0000030573100520130706013371053589
0000030583100520130706013113381583
0000030593100520130707013219359581
0000030603100520130707016869134112
0000030613100520130708012731985560
0000030623100520130708020992624082
0000030633100520130708012184316883
0000030643100520130709020682605209
0000030653100520130710012809880567
0000030663100520130713017045925520
0000030673100520130714021049847484
0000030683100520130716010655549258
0000030693100520130716012637374626
0000030703100520130720016896979314
0000030713100520130725019023276992
0000030723100520130727013391243588
0000030733100520130728019044050624
0000030743100520130728012700519606
0000030753100520130744013397847582
0000030763100520130750013338027566
0000030773100520130809013182604561
0000030783100520130823020649340978
0000030793100520131702012807358588
0000030803100520131721013338027566
0000030813100520131750020649340978
0000030823100520131811019008103144
0000030833100520131821013256857549
0000030843100520131837012288507804
0000030853100520131837012449714377
0000030863100520131843019044123087
0000030873100520131847012193084663
0000030883100520131853012745598548
0000030893100520131900010840371044
0000030903100520131902012700017600
0000030913100520131903012679472561
0000030923100520131906012759614605
0000030933100520131911013397847582
0000030943100520131911020335199075
0000030953100520131913013370765585
0000030963100520131918013215357584
0000030973100520131918010852462651
0000030983100520131918020941875665
0000030993100520131918020466482269
0000031003100520131921020469759210
0000031013100520131925021049847484
0000031023100520131926019040250866
0000031033100520132101019040250866
0000031063110520130612017040097808
0000031073110520130633012015168534
0000031083110520130639012231148805
0000031093110520130639016683233986
0000031103110520130640010290465742
0000031113110520130640012447665867
0000031123110520130644020484709415
0000031133110520130645010322806426
0000031143110520130648019008103144
0000031153110520130651013080703625
0000031163110520130651012283010499
0000031173110520130651012283010499
0000031183110520130655019044123087
0000031193110520130658012824784549
0000031203110520130658012449714377
0000031213110520130659019032483318
0000031223110520130701012958651543
0000031233110520130701012732387624
0000031243110520130702012399256591
0000031253110520130704012380704173
0000031263110520130705019040250866
0000031273110520130705013086327587
0000031283110520130708012122586690
0000031293110520130711016142184981
0000031303110520130711012184316883
0000031313110520130713020941875665
0000031323110520130714020715098637
0000031333110520130714013215357584
0000031343110520130714013263223568
0000031353110520130720012413769600
0000031363110520130721013375736605
0000031373110520130721013235792545
0000031383110520130727020944806842
0000031393110520130729010840371044
0000031403110520130730012552881310
0000031413110520130730015594076275
0000031423110520130730012601834627
0000031433110520130810012193084663
0000031443110520131226012339688584
0000031453110520131352012015168534
0000031463110520131804012973336580
0000031473110520131810013113381583
0000031483110520131813020682605209
0000031493110520131814013086327587
0000031503110520131856020992624082
0000031513110520131856020992624082
0000031523110520131900012399256591
0000031533110520131903016478362974
0000031543110520131904015594076275
0000031553110520131905020484709415
0000031563110520131906016683233986
0000031573110520131907012700519606
0000031583110520131929020944806842
0000031593110520131929020944806842
0000031603110520132112012339688584
0000031633120520130557010867538446
0000031643120520130617012750146544
0000031653120520130622012914568543
0000031663120520130634012759614605
0000031673120520130634010852462651
0000031683120520130642012425050894
0000031693120520130645012292819270
0000031703120520130646019033050822
0000031713120520130648012231148805
0000031723120520130648013095330609
0000031733120520130649020469759210
0000031743120520130650021049847484
0000031753120520130656012679472561
0000031763120520130657012122586690
0000031773120520130658013375736605
0000031783120520130659017064167733
0000031793120520130701012712062606
0000031803120520130702012700017600
0000031813120520130703017040097808
0000031823120520130703012743557607
0000031833120520130705013113381583
0000031843120520130706012766243587
0000031853120520130706013138725421
0000031863120520130707020466482269
0000031873120520130708012447665867
0000031883120520130709012447665867
0000031893120520130709012447665867
0000031903120520130710012193084663
0000031913120520130711012700519606
0000031923120520130714019008103144
0000031933120520130720012184316883
0000031943120520130720010290465742
0000031953120520130721012958651543
0000031963120520130741019040250866
0000031973120520130742012973336580
0000031983120520130747013080703625
0000031993120520130747012283010499
0000032003120520131011020992624082
0000032033120520131813019035984016
0000032043120520131826020941875665
0000032053120520131836010840371044
0000032063120520131844012449714377
0000032073120520131853012700017600
0000032083120520131856012679472561
0000032093120520131900021049847484
0000032103120520131904012759614605
0000032113120520131906020469759210
0000032123120520131907020466482269
0000032133120520131908019040250866
0000032143120520131910010852462651
0000032153120520131910010632593587
0000032163120520131933013391244584
0000032173120520131959013215357584
0000032203130520130617012015168534
0000032213130520130632012744228623
0000032223130520130634012319553284
0000032233130520130636020129681797
0000032243130520130637012525399104
0000032253130520130638010889012269
0000032263130520130641013121511547
0000032273130520130642016683233986
0000032283130520130642012970150540
0000032293130520130643012182635655
0000032303130520130645012231148805
0000032313130520130651012536849750
0000032323130520130651013179726589
0000032333130520130651020484709415
0000032343130520130652012789752569
0000032353130520130652012537098295
0000032363130520130653012758378541
0000032373130520130654012538059587
0000032383130520130655012193084663
0000032393130520130655012399256591
0000032403130520130657019008103144
0000032413130520130657012914568543
0000032423130520130658013086327587
0000032433130520130659012544302234
0000032443130520130659012449714377
0000032453130520130700012745598548
0000032463130520130700012283126489
0000032473130520130702019035984016
0000032483130520130702016142184981
0000032493130520130702017064167733
0000032503130520130705013095330609
0000032513130520130709013235792545
0000032523130520130710010840371044
0000032533130520130715012807358588
0000032543130520130717020944806842
0000032553130520130719012184316883
0000032563130520130719019044123087
0000032573130520130721012292819270
0000032583130520130721019033050822
0000032593130520130722013138725421
0000032603130520130723013375736605
0000032613130520130726020941875665
0000032623130520130727010867538446
0000032633130520130728013215357584
0000032643130520130730010632593587
0000032653130520130730012425050894
0000032663130520130741013182604561
0000032673130520130754012738187600
0000032683130520130811013338027566
0000032693130520130820020649340978
0000032703130520130920012837550584
0000032713130520130922012837550584
0000032723130520131716013338027566
0000032733130520131725020649340978
0000032743130520131728013086327587
0000032753130520131732019040250866
0000032763130520131749012807358588
0000032773130520131824019023276992
0000032783130520131838010655549258
0000032793130520131845013113381583
0000032803130520131845013393325565
0000032813130520131853012682353543
0000032823130520131901013338074580
0000032833130520131902016478362974
0000032843130520131905016142184981
0000032853130520131906016683233986
0000032863130520131906012700519606
0000032873130520131908012745598548
0000032883130520131909012319553284
0000032893130520131910013121511547
0000032903130520131911012973336580
0000032913130520131913012399256591
0000032923130520131915012015168534
0000032933130520131916012231148805
0000032943130520131918020944806842
0000032953130520131930013235792545
0000032963140520130620012544302234
0000032973140520130628020903798063
0000032983140520130629019028770049
0000032993140520130633012759614605
0000033003140520130635012363335726
0000033013140520130635012679472561
0000033023140520130638010852462651
0000033033140520130638012357262801
0000033043140520130640012587148563
0000033053140520130648020693378950
0000033063140520130648012496933101
0000033073140520130649012023019984
0000033083140520130650012537198451
0000033093140520130650020469759210
0000033103140520130653012874780628
0000033113140520130653021049847484
0000033123140520130654020466482269
0000033133140520130654020469888185
0000033143140520130654012826956568
0000033153140520130654012548910239
0000033163140520130656012656999563
0000033173140520130657012970150540
0000033183140520130700012789752569
0000033193140520130700013637405937
0000033203140520130700012744228623
0000033213140520130701016478362974
0000033223140520130702017018806044
0000033233140520130702019044123087
0000033243140520130703012454198284
0000033253140520130703012536849750
0000033263140520130703013179726589
0000033273140520130704012537098295
0000033283140520130705013370765585
0000033293140520130705010889012269
0000033303140520130706012682353543
0000033313140520130706012973336580
0000033323140520130709013113381583
0000033333140520130711012758378541
0000033343140520130714020682605209
0000033353140520130716016869134112
0000033363140520130716012700519606
0000033373140520130718010655549258
0000033383140520130722010655549258
0000033393140520130723012738187600
0000033403140520130727012700017600
0000033413140520130728012371191843
0000033423140520130728019031632816
0000033433140520130730012538059587
0000033443140520130734020106146682
0000033453140520130734019044050624
0000033463140520130734012283126489
0000033473140520130736012525399104
0000033483140520130739019023276992
0000033493140520130742020129681797
0000033503140520130743013393325565
0000033513140520130749012339070327
0000033523140520130754012807358588
0000033533140520130801013338027566
0000033543140520130807013182604561
0000033553140520130808020649340978
0000033563140520130808019040250866
0000033573140520131235016869134112
0000033583140520131651013338027566
0000033593140520131708020649340978
0000033603140520131741013182604561
0000033613140520131747020941875665
0000033623140520131747012807358588
0000033633140520131749013215357584
0000033643140520131825012449714377
0000033653140520131840013338074580
0000033663140520131857019035984016
0000033673140520131903021049847484
0000033683140520131903020466482269
0000033693140520131906010655549258
0000033703140520131906012759614605
0000033713140520131913012679472561
0000033723140520131913010852462651
0000033733140520131913012700017600
0000033743140520131916020682605209
0000033753140520131941012339688584
0000033763140520132027013391244584
0000033773150520130544019031632816
0000033783150520130544013391244584
0000033793150520130548020693378950
0000033803150520130610012182635655
0000033813150520130612012015168534
0000033823150520130614017045925520
0000033833150520130623012425050894
0000033843150520130623012537198451
0000033853150520130627016683233986
0000033863150520130640012319553284
0000033873150520130643012809880567
0000033883150520130646016896979314
0000033893150520130650013296437583
0000033903150520130651020484709415
0000033913150520130651020469759210
0000033923150520130651012599628549
0000033933150520130651012231148805
0000033943150520130652012638303609
0000033953150520130655012023019984
0000033963150520130656012371191843
0000033973150520130656012447665867
0000033983150520130656013141563623
0000033993150520130657012731985560
0000034003150520130657013219359581
0000034013150520130657013086327587
0000034023150520130657012454198284
0000034033150520130657012496933101
0000034043150520130659012656999563
0000034053150520130659012399256591
0000034063150520130700012587148563
0000034073150520130700012562331569
0000034083150520130700013393325565
0000034093150520130701012548910239
0000034103150520130701019035984016
0000034113150520130701020903798063
0000034123150520130702013256857549
0000034133150520130702012449714377
0000034143150520130702020469888185
0000034153150520130704019044050624
0000034163150520130706013235792545
0000034173150520130708013215357584
0000034183150520130712016142184981
0000034193150520130714020941875665
0000034203150520130715019028770049
0000034213150520130716012826956568
0000034223150520130717012339070327
0000034233150520130717013637405937
0000034243150520130720012828178600
0000034253150520130720020944806842
0000034263150520130721012874780628
0000034273150520130723010746442693
0000034283150520130724010632593587
0000034293150520130726017018806044
0000034303150520130729012363335726
0000034313150520130731020106146682
0000034323150520130737013298488568
0000034333150520130744012357262801
0000034343150520130749012807358588
0000034353150520130755013338074580
0000034363150520130801013182604561
0000034373150520130822013338027566
0000034383150520130901012837550584
0000034393150520130911020649340978
0000034403150520130911020649340978
0000034413150520131700013338027566
0000034423150520131712013182604561
0000034433150520131720012807358588
0000034443150520131724020649340978
0000034453150520131807012837550584
0000034463150520131815012973336580
0000034473150520131815019023276992
0000034483150520131826013338074580
0000034493150520131838013113381583
0000034503150520131845016142184981
0000034513150520131845012231148805
0000034523150520131846020992624082
0000034533150520131846019032483318
0000034543150520131847012682353543
0000034553150520131856012700519606
0000034563150520131902020484709415
0000034573150520131903016478362974
0000034583150520131903016683233986
0000034593150520131903013235792545
0000034603150520131903012319553284
0000034613150520131912020944806842
0000034623150520131913012015168534
0000034633150520131913020682605209
0000034643150520131913013086327587
0000034653150520131914012399256591
0000034663150520131920013256857549
0000034673150520131931013371053589
0000034683150520131934012425050894
0000034693160520130610013391243588
0000034703160520130630012380704173
0000034713160520130630012759614605
0000034723160520130632012601834627
0000034733160520130637012679472561
0000034743160520130642010852462651
0000034753160520130649012413769600
0000034763160520130650012638303609
0000034773160520130651012873540569
0000034783160520130653013393325565
0000034793160520130653013393325565
0000034803160520130654012288507804
0000034813160520130654012745598548
0000034823160520130655011227821381
0000034833160520130656012537198451
0000034843160520130657010840371044
0000034853160520130657021049847484
0000034863160520130657019032483318
0000034873160520130658019032483318
0000034883160520130658019040250866
0000034893160520130659017045925520
0000034903160520130700020992624082
0000034913160520130700012973336580
0000034923160520130700012562331569
0000034933160520130700010746442693
0000034943160520130701013219359581
0000034953160520130701020466482269
0000034963160520130701012552881310
0000034973160520130701013296437583
0000034983160520130702012447665867
0000034993160520130703012599628549
0000035003160520130704013113381583
0000035013160520130705012682353543
0000035023160520130706013256857549
0000035033160520130706012732387624
0000035043160520130706013235792545
0000035053160520130708012700017600
0000035063160520130709016478362974
0000035093160520130712019036847489
0000035103160520130713012824784549
0000035113160520130714012731985560
0000035123160520130717012809880567
0000035133160520130717013298488568
0000035143160520130720019023276992
0000035153160520130721013141563623
0000035163160520130722012182635655
0000035173160520130723010632593587
0000035183160520130723012339688584
0000035193160520130724012371191843
0000035203160520130724012700519606
0000035213160520130727019031632816
0000035223160520130727016896979314
0000035233160520130728020682605209
0000035243160520130732015594076275
0000035253160520130739019044050624
0000035263160520130802013397847582
0000035273160520130805020335199075
0000035283160520130805013338027566
0000035293160520130807012828178600
0000035303160520130808013182604561
0000035313160520130822020649340978
0000035343160520131628013338027566
0000035353160520131709013182604561
0000035383160520131818020649340978
0000035393160520131832020941875665
0000035403160520131832013215357584
0000035413160520131837012449714377
0000035423160520131839019035984016
0000035433160520131848012371191843
0000035443160520131857013393325565
0000035453160520131901012679472561
0000035463160520131901021049847484
0000035473160520131901012700017600
0000035483160520131901019040250866
0000035493160520131902010852462651
0000035503160520131903015594076275
0000035513160520131903012759614605
0000035523160520131903013397847582
0000035533160520131904020466482269
0000035543160520131906012745598548
0000035553160520131908010655549258
0000035563160520131912012339688584
0000035573160520131940012873540569
0000035583170520130538019031632816
0000035593170520130616020715098637
0000035603170520130626019044050624
0000035613170520130632012917353629
0000035623170520130638016683233986
0000035633170520130639012015168534
0000035643170520130640012319553284
0000035653170520130648010322806426
0000035663170520130656012231148805
0000035673170520130656012399256591
0000035683170520130656013086327587
0000035693170520130657013263223568
0000035703170520130659016666943245
0000035713170520130659010290465742
0000035723170520130700019035984016
0000035733170520130700013215357584
0000035743170520130701012380704173
0000035753170520130702012474670663
0000035763170520130702011227821381
0000035793170520130703013392460566
0000035823170520130704012200282127
0000035833170520130705020484709415
0000035843170520130705019036847489
0000035853170520130708012449714377
0000035863170520130711019032483318
0000035873170520130712016142184981
0000035883170520130713020335199075
0000035893170520130715013391243588
0000035903170520130715010840371044
0000035913170520130716012732387624
0000035923170520130718020944806842
0000035933170520130725012413769600
0000035943170520130726013256857549
0000035953170520130729012288507804
0000035963170520130730013235792545
0000035973170520130730020941875665
0000036003170520130745013338027566
0000036013170520130754012601834627
0000036023170520130756010655549258
0000036033170520130757012537198451
0000036043170520130759013397847582
0000036053170520130800015720050276
0000036063170520130823020649340978
0000036073170520131022012958651543
0000038183170520131706013380280584
0000038193170520131716020649340978
0000038203170520131737013338027566
0000038213170520131808013397847582
0000038223170520131809012837550584
0000038233170520131829020992624082
0000038243170520131839012700519606
0000038253170520131848013215357584
0000038263170520131851016478362974
0000038273170520131853019040250866
0000038283170520131855020484709415
0000038293170520131900012319553284
0000038303170520131900016683233986
0000038313170520131900016142184981
0000038323170520131901012231148805
0000038333170520131902013086327587
0000038343170520131907013113381583
0000038373170520131917020944806842
0000038383170520131918012015168534
0000038393170520131919012399256591
0000038403170520131923012682353543
0000038413180520130615017040097808
0000038423180520130637012712062606
0000038433180520130637012425050894
0000038443180520130637012759614605
0000038453180520130638012679472561
0000038463180520130642010322806426
0000038473180520130643012288507804
0000038483180520130644019040250866
0000038493180520130645020466482269
0000038523180520130647012283010499
0000038533180520130648010852462651
0000038543180520130650012889931546
0000038553180520130653019033050822
0000038563180520130654013080703625
0000038573180520130655020469759210
0000038583180520130656012292819270
0000038593180520130700013380280584
0000038603180520130700013113381583
0000038633180520130702012435493101
0000038643180520130703016666943245
0000038653180520130703013215357584
0000038663180520130704019036847489
0000038673180520130705020715098637
0000038683180520130706016478362974
0000038693180520130706012193084663
0000038703180520130706012682353543
0000038713180520130712020941875665
0000038723180520130713012700519606
0000038733180520130714013274152624
0000038743180520130715013263223568
0000038753180520130715012766243587
0000038763180520130715012743557607
0000038773180520130715013138725421
0000038783180520130716012700017600
0000038793180520130717019040250866
0000038803180520130719010290465742
0000038813180520130720012339688584
0000038823180520130725020992624082
0000038833180520130748012917353629
0000038843180520130758015594076275
0000038873180520130800015902979270
0000038883180520130815012200282127
0000038893180520130817012474670663
0000038903180520131003012958651543
0000038913180520131840013215357584
0000038923180520131841019035984016
0000038933180520131850012449714377
0000038943180520131850010840371044
0000038953180520131855015594076275
0000038963180520131855020469759210
0000038973180520131856012759614605
0000038983180520131907019008103144
0000038993180520131908010852462651
0000039003180520131910012679472561
0000039013180520132038012339688584
0000039023190520130628012712062606
0000039033190520130634012759614605
0000039043190520130636016683233986
0000039053190520130638013370765585
0000039063190520130638012750146544
0000039073190520130642012986407295
0000039083190520130642012231148805
0000039093190520130642012537098295
0000039103190520130643013179726589
0000039113190520130644012319553284
0000039123190520130645012015168534
0000039133190520130647012538059587
0000039143190520130651012745598548
0000039153190520130652016142184981
0000039163190520130652012525399104
0000039173190520130654019008103144
0000039183190520130655012970150540
0000039193190520130657013306559546
0000039203190520130658012544302234
0000039213190520130659019035984016
0000039223190520130700012700017600
0000039233190520130700013086327587
0000039243190520130700019036847489
0000039253190520130702012449714377
0000039263190520130705017040097808
0000039273190520130705012679472561
0000039283190520130706020466482269
0000039293190520130706012283126489
0000039303190520130708010840371044
0000039313190520130708013095330609
0000039323190520130709012184316883
0000039333190520130710013215357584
0000039343190520130710012743557607
0000039353190520130711012425050894
0000039363190520130712012889931546
0000039373190520130714019033050822
0000039383190520130716012435493101
0000039393190520130717020944806842
0000039403190520130719013138725421
0000039413190520130720012292819270
0000039423190520130722020941875665
0000039433190520130722013080703625
0000039443190520130728019044123087
0000039453190520130729013274152624
0000039463190520130730012738187600
0000039473190520130730012283010499
0000039483190520130734012766243587
0000039493190520130734012288507804
0000039503190520130738017064167733
0000039513190520131802020992624082
0000039523190520131817012973336580
0000039533190520131838012288507804
0000039543190520131857016683233986
0000039553190520131858016142184981
0000039563190520131859020682605209
0000039573190520131859012319553284
0000039583190520131900012231148805
0000039593190520131901013086327587
0000039603190520131903016478362974
0000039613190520131903012700519606
0000039623190520131904020120227082
0000039633190520131905010632593587
0000039643190520131905010632593587
0000039653190520131905010632593587
0000039663190520131905012759614605
0000039673190520131907012679472561
0000039683190520131910013391244584
0000039693190520131912013113381583
0000039703190520131913019023276992
0000039713190520131918012745598548
0000039723190520131926020944806842
0000039733200520130545012184316883
0000039743200520130550013391244584
0000039753200520130626012744228623
0000039763200520130627020484709415
0000039773200520130628012363335726
0000039783200520130629020903798063
0000039793200520130641019040250866
0000039803200520130643012789752569
0000039813200520130644020129681797
0000039823200520130645012496933101
0000039833200520130649020466482269
0000039843200520130649012544302234
0000039853200520130650012986407295
0000039863200520130651010852462651
0000039873200520130652019008103144
0000039883200520130652012548910239
0000039893200520130652019028770049
0000039903200520130653020693378950
0000039913200520130653012023019984
0000039923200520130654012587148563
0000039933200520130654010889012269
0000039943200520130654012679472561
0000039953200520130701012973336580
0000039963200520130704012283126489
0000039973200520130706020992624082
0000039983200520130706012193084663
0000039993200520130706021049847484
0000040003200520130707012700519606
0000040013200520130708016478362974
0000040023200520130709013113381583
0000040033200520130709013637405937
0000040043200520130712013370765585
0000040053200520130714012700017600
0000040063200520130715012537098295
0000040073200520130715017064167733
0000040083200520130715013179726589
0000040093200520130715020469759210
0000040103200520130716012454198284
0000040113200520130717012750146544
0000040123200520130717012874780628
0000040133200520130718012970150540
0000040143200520130718010632593587
0000040153200520130728012288507804
0000040163200520130730013338074580
0000040173200520130731012538059587
0000040183200520130732012525399104
0000040193200520130736019023276992
0000040203200520130748012807358588
0000040213200520130750019044123087
0000040223200520130805013338027566
0000040233200520130809020649340978
0000040243200520130810013182604561
0000040253200520130823012168241238
0000040283200520130825010792519555
0000040293200520130829012738187600
0000040303200520130838012837550584
0000040353200520131705013338027566
0000040363200520131712020649340978
0000040373200520131738012807358588
0000040383200520131801013182604561
0000044453200520131826013215357584
0000044463200520131829020941875665
0000044473200520131844010840371044
0000044483200520131845012449714377
0000044493200520131847012826956568
0000044503200520131900020484709415
0000044513200520131904020466482269
0000044523200520131904019040250866
0000044533200520131904020682605209
0000044543200520131906020469759210
0000044553200520131908012679472561
0000044563200520131908010852462651
0000044573200520131910021049847484
0000044583200520131911012700017600
0000044593200520132030012837550584
0000044603210520130610012809880567
0000044613210520130621012015168534
0000044623210520130624017045925520
0000044633210520130628012182635655
0000044643210520130635012231148805
0000044653210520130637016683233986
0000044663210520130638012357262801
0000044673210520130640013371053589
0000044683210520130645012319553284
0000044693210520130647012731985560
0000044703210520130647012449714377
0000044713210520130647020469888185
0000044723210520130650013338074580
0000044733210520130650012537198451
0000044743210520130650012399256591
0000044753210520130655017018806044
0000044763210520130655012447665867
0000044773210520130656012562331569
0000044783210520130658013086327587
0000044793210520130658013219359581
0000044803210520130659013393325565
0000044813210520130659012638303609
0000044823210520130700013215357584
0000044833210520130700020941875665
0000044843210520130700010889012269
0000044853210520130701016142184981
0000044863210520130705012789752569
0000044873210520130705020903798063
0000044883210520130705012587148563
0000044893210520130706012744228623
0000044903210520130707010746442693
0000044913210520130708012454198284
0000044923210520130708020106146682
0000044933210520130709012496933101
0000044943210520130710010840371044
0000044953210520130712020682605209
0000044963210520130714012548910239
0000044973210520130715020944806842
0000044983210520130715019008103144
0000044993210520130718019028770049
0000045003210520130719012371191843
0000045013210520130719020129681797
0000045023210520130719016869134112
0000045033210520130726020484709415
0000045043210520130726012193084663
0000045053210520130727012920552548
0000045063210520130728020693378950
0000045073210520130728020304024613
0000045083210520130732013298488568
0000045093210520130733019044050624
0000045103210520130738012826956568
0000045113210520130739012363335726
0000045123210520130742013637405937
0000045133210520130807012807358588
0000045143210520130808012807358588
0000045153210520130808013182604561
0000045163210520130809020649340978
0000045173210520130820013298407622
0000045183210520130829013338027566
0000045193210520130830012874780628
0000045203210520130830012874780628
0000045213210520131047019031632816
0000045223210520131717020649340978
0000045233210520131724012168241238
0000045243210520131734013338027566
0000045253210520131735013182604561
0000045263210520131737012807358588
0000045273210520131744012837550584
0000045283210520131752010655549258
0000045293210520131801012973336580
0000045303210520131805019023276992
0000045313210520131826016896979314
0000045323210520131831013113381583
0000045333210520131850012231148805
0000045343210520131854012700519606
0000045353210520131858012874780628
0000045363210520131902016142184981
0000045373210520131903016478362974
0000045383210520131905016683233986
0000045393210520131906020992624082
0000045403210520131906012399256591
0000045413210520131908012319553284
0000045423210520131912020944806842
0000045433210520131917012015168534
0000045443210520131942013298407622
0000045453210520131953013391244584
0000045463210520131954020682605209
0000045473210520131956013086327587
0000045483210520132039012339688584
0000045493210520132040012339688584
0000045503220520130533019031632816
0000045513220520130533013391244584
0000045523220520130630012601834627
0000045533220520130630013113381583
0000045543220520130630012537198451
0000045553220520130631012380704173
0000045563220520130638019044050624
0000045573220520130641012288507804
0000045583220520130642020484709415
0000045593220520130643010840371044
0000045603220520130644020335199075
0000045613220520130646019032483318
0000045623220520130646012371191843
0000045633220520130649013235792545
0000045643220520130651013141563623
0000045653220520130651010852462651
0000045663220520130652012679472561
0000045673220520130652019040250866
0000045683220520130652013393571604
0000045693220520130653019039736661
0000045703220520130653012552881310
0000045713220520130653013296437583
0000045723220520130655016869134112
0000045733220520130656021049847484
0000045743220520130656020469759210
0000045753220520130657012674734622
0000045763220520130657012638303609
0000045773220520130657012122586690
0000045783220520130658012413769600
0000045793220520130658019036847489
0000045803220520130659013393325565
0000045813220520130700017064167733
0000045823220520130701012973336580
0000045833220520130703017045925520
0000045843220520130703013219359581
0000045853220520130705012745598548
0000045863220520130705012700519606
0000045873220520130705013371053589
0000045883220520130705012809880567
0000045893220520130706012447665867
0000045903220520130707016478362974
0000045913220520130707012732387624
0000045923220520130708020682605209
0000045933220520130710012562331569
0000045943220520130711020469888185
0000045953220520130712020469888185
0000045963220520130713012731985560
0000045973220520130713010746442693
0000045983220520130713012920552548
0000045993220520130713016896979314
0000046003220520130713020304024613
0000046013220520130714019023276992
0000046023220520130714013298488568
0000046033220520130714013298488568
0000046043220520130716017018806044
0000046053220520130716020992624082
0000046063220520130716013637405937
0000046073220520130718013338074580
0000046083220520130723012182635655
0000046093220520130731012357262801
0000046103220520130732020106146682
0000046113220520130732010632593587
0000046123220520130749012828178600
0000046133220520131758013215357584
0000046143220520131813012958651543
0000046153220520131813012958651543
0000046163220520131817019035984016
0000046173220520131822020941875665
0000046183220520131844012700017600
0000046193220520131845012449714377
0000046203220520131847020466482269
0000046213220520131854019036847489
0000046223220520131854013393325565
0000046233220520131854012679472561
0000046243220520131858020469759210
0000046253220520131859020484709415
0000046263220520131900010852462651
0000046273220520131900013392460566
0000046283220520131903021049847484
0000046293220520131907013338074580
0000046303220520131914012745598548
0000046313220520131917020335199075
0000046323220520131922010840371044
0000046353220520132050012490205007
0000046383230520130608013391243588
0000046393230520130617012917353629
0000046403230520130621012015168534
0000046413230520130633016683233986
0000046443230520130642012905571588
0000046453230520130647012759614605
0000046463230520130648012200282127
0000046473230520130648010290465742
0000046483230520130650012319553284
0000046493230520130650011227821381
0000046503230520130651012231148805
0000046513230520130651012873540569
0000046523230520130652012958651543
0000046533230520130652012958651543
0000046543230520130652013392460566
0000046553230520130653012399256591
0000046563230520130654012524519874
0000046573230520130655013086327587
0000046583230520130656012700017600
0000046593230520130656012490205007
0000046603230520130657012396201338
0000046613230520130659019035984016
0000046623230520130700013296437583
0000046633230520130701019031632816
0000046643230520130701016142184981
0000046653230520130701013215357584
0000046663230520130701012474670663
0000046673230520130703013393571604
0000046683230520130703020941875665
0000046693230520130704019032483318
0000046703230520130705010632593587
0000046713230520130707017064167733
0000046723230520130709012449714377
0000046733230520130709013141563623
0000046743230520130709020466482269
0000046753230520130711015594076275
0000046783230520130712012793049427
0000046793230520130712012380704173
0000046803230520130712016869134112
0000046813230520130713016666943245
0000046823230520130713012339688584
0000046833230520130714013038401519
0000046843230520130718012413769600
0000046853230520130719020944806842
0000046863230520130719012122586690
0000046873230520130719012732387624
0000046883230520130722012371191843
0000046893230520130726012288507804
0000046903230520130728013393325565
0000046913230520130730012537198451
0000046923230520130731012807358588
0000046933230520130731012674734622
0000046943230520130731013235792545
0000046953230520130732012552881310
0000046963230520130732012601834627
0000046973230520130733012435237547
0000046983230520130742013397847582
0000046993230520130757013637405937
0000047003230520130809013182604561
0000047013230520130809012168241238
0000047023230520130813013338027566
0000047033230520130818020649340978
0000047043230520130819012828178600
0000047053230520130834012837550584
0000047063230520131716012837550584
0000047073230520131717013338027566
0000047083230520131717013182604561
0000047093230520131731012807358588
0000047103230520131758012538059587
0000047113230520131800019023276992
0000047123230520131806020649340978
0000047133230520131816012973336580
0000047143230520131836012371191843
0000047153230520131849013113381583
0000047163230520131855012682353543
0000047173230520131857012700519606
0000047183230520131858012231148805
0000047193230520131900016142184981
0000047203230520131901020992624082
0000047213230520131903015594076275
0000047223230520131903013397847582
0000047233230520131907012759614605
0000047243230520131908016683233986
0000047253230520131909012319553284
0000047263230520131910020682605209
0000047273230520131912012399256591
0000047283230520131914020944806842
0000047293230520131917012339688584
0000047303230520131920012958651543
0000047313230520131922012015168534
0000047323240520130520019031632816
0000047333240520130629020715098637
0000047343240520130630012425050894
0000047353240520130631012292819270
0000047363240520130637012712062606
0000047373240520130637010322806426
0000047383240520130637012759614605
0000047393240520130640013380280584
0000047403240520130641019040250866
0000047413240520130649013682423817
0000047423240520130650012679472561
0000047433240520130653012889931546
0000047443240520130653012537198451
0000047453240520130654013263223568
0000047463240520130655019033050822
0000047473240520130655010852462651
0000047483240520130656013375736605
0000047493240520130656012193084663
0000047503240520130658012745598548
0000047513240520130658012700017600
0000047523240520130659011227821381
0000047533240520130700020992624082
0000047543240520130700020992624082
0000047553240520130701020466482269
0000047563240520130701012396201338
0000047573240520130701012973336580
0000047583240520130703020469759210
0000047593240520130707012700519606
0000047603240520130708013256857549
0000047613240520130710012122586690
0000047623240520130710019044123087
0000047633240520130710013274152624
0000047643240520130712012682353543
0000047653240520130712012873540569
0000047663240520130713013391243588
0000047673240520130714016869134112
0000047683240520130717013113381583
0000047693240520130719016666943245
0000047703240520130726012905571588
0000047713240520130726013392460566
0000047723240520130727010290465742
0000047733240520130727012538059587
0000047743240520130729012524519874
0000047753240520130730012524519874
0000047763240520130731012807358588
0000047773240520130734012200282127
0000047783240520130734012435237547
0000047793240520130736012917353629
0000047803240520130736012474670663
0000047813240520130736020682605209
0000047823240520130737021049847484
0000047833240520130755012914568543
0000047843240520130757013338027566
0000047853240520130817013182604561
0000047863240520130817020649340978
0000047873240520130846012837550584
0000047923240520131712012807358588
0000047933240520131720020649340978
0000047963240520131808013338027566
0000047973240520131832013138725421
0000047983240520131841013215357584
0000048013240520131843020941875665
0000048023240520131849010840371044
0000048053240520131852020469807193
0000048063240520131852012449714377
0000048073240520131901012679472561
0000048083240520131901013256857549
0000048093240520131903012759614605
0000048103240520131904010852462651
0000048113240520131905019035984016
0000048123240520131905019040250866
0000048133240520131905020469759210
0000048143240520131906012524519874
0000048153240520131906020466482269
0000048163240520131911021049847484
0000048173240520131913012700017600
0000048183240520131932012490205007
0000048193240520131956019044123087
0000048203250520130615017040097808
0000048213250520130628012490205007
0000048223250520130629010322806426
0000048233250520130633020484709415
0000048243250520130635012712062606
0000048253250520130635012015168534
0000048263250520130636012319553284
0000048273250520130640012231148805
0000048283250520130640013370765585
0000048293250520130642012958651543
0000048303250520130643016683233986
0000048313250520130644013121511547
0000048323250520130650013080703625
0000048333250520130653013274152624
0000048343250520130654013179726589
0000048353250520130655012536849750
0000048363250520130655012525399104
0000048373250520130655012200282127
0000048403250520130656019033050806
0000048413250520130656012538059587
0000048423250520130657012435493101
0000048433250520130658012283010499
0000048443250520130700019035984016
0000048453250520130700013086327587
0000048463250520130700012745598548
0000048473250520130702013380280584
0000048483250520130702012283126489
0000048493250520130703012449714377
0000048503250520130703012122586690
0000048513250520130705012986407295
0000048523250520130707020469807193
0000048533250520130707010792519555
0000048543250520130709010840371044
0000048553250520130711013375736605
0000048563250520130713012425050894
0000048573250520130713012425050894
0000048583250520130714013215357584
0000048593250520130715019033050822
0000048603250520130715012537707178
0000048613250520130715020944806842
0000048623250520130717020715098637
0000048633250520130719016893446862
0000048643250520130719013263223568
0000048653250520130720012889931546
0000048663250520130720013138725421
0000048673250520130721012292819270
0000048683250520130721012914568543
0000048693250520130721012193084663
0000048703250520130723020941875665
0000048713250520130729015594076275
0000048723250520130729013038401519
0000048733250520130732013682423817
0000048743250520130732012548910239
0000048753250520130733016142184981
0000048763250520130735012970150540
0000048773250520130742012738187600
0000048783250520130808020304024613
0000048793250520130835012339688584
0000048803250520131756012973336580
0000048813250520131807019035984016
0000048823250520131819013113381583
0000048833250520131828020992624082
0000048843250520131838013306559546
0000048853250520131848012700519606
0000048863250520131854013393325565
0000048873250520131900016142184981
0000048883250520131900020484709415
0000048893250520131900016478362974
0000048903250520131900012231148805
0000048913250520131902016683233986
0000048923250520131905012319553284
0000048933250520131907020944806842
0000048943250520131916012015168534
0000048953250520131935012548910239
0000048963250520132007016893446862
0000048973250520132008012339688584
0000048983250520132008015594076275
0000048993260520130617020903798063
0000049003260520130617020903798063
0000049013260520130620012750146544
0000049023260520130623012363335726
0000049033260520130626012015168534
0000049043260520130626012015168534
0000049053260520130636013121511547
0000049063260520130636013121511547
0000049073260520130637012986407295
0000049083260520130637019028770049
0000049093260520130639020466482269
0000049103260520130639012759614605
0000049113260520130641013113381583
0000049123260520130647010852462651
0000049133260520130647019040250866
0000049143260520130648020693378950
0000049153260520130648012496933101
0000049163260520130649012023019984
0000049173260520130649012184316883
0000049183260520130650012525399104
0000049193260520130651020469759210
0000049203260520130651012474670663
0000049213260520130653013095330609
0000049223260520130653012536849750
0000049233260520130654012824784549
0000049243260520130655019033050806
0000049253260520130657012599628549
0000049263260520130658021049847484
0000049273260520130658012283126489
0000049283260520130700012656999563
0000049293260520130701013370765585
0000049303260520130701012538059587
0000049313260520130703012874780628
0000049323260520130703012200282127
0000049333260520130704019035984016
0000049343260520130704019008103144
0000049353260520130705012454198284
0000049363260520130706012973336580
0000049373260520130708012435493101
0000049383260520130711012700519606
0000049393260520130714013393325565
0000049403260520130716012826956568
0000049413260520130717020304024613
0000049423260520130718012970150540
0000049433260520130719013038401519
0000049443260520130720020992624082
0000049453260520130721012283010499
0000049463260520130726012738187600
0000049473260520130727013306559546
0000049483260520130729013306559546
0000049493260520130732017040097808
0000049503260520130744013080703625
0000049513260520130747012339070327
0000049523260520131617012958651543
0000049533260520131722020693378950
0000049543260520131755019035984016
0000049553260520131806019040250866
0000049563260520131816012679472561
0000049573260520131826012449714377
0000049583260520131827020941875665
0000049593260520131843010840371044
0000049603260520131843020469807193
0000049613260520131900021049847484
0000049623260520131901012015168534
0000049633260520131901013306559546
0000049643260520131903012759614605
0000049653260520131903010852462651
0000049663260520131904020469759210
0000049673260520131905012490205007
0000049683260520131905020466482269
0000049693260520131906013256857549
0000049703260520131915013215357584
0000049713260520132011013391244584
0000049723260520132021010632593587
0000049733270520130629017045925520
0000049743270520130632012744228623
0000049753270520130633012015168534
0000049763270520130634012656999563
0000049773270520130635020484709415
0000049783270520130635012182635655
0000049793270520130637012319553284
0000049803270520130639016683233986
0000049813270520130639020129681797
0000049823270520130640019035984016
0000049833270520130643016142184981
0000049843270520130645010889012269
0000049853270520130645012425050894
0000049863270520130646013086327587
0000049873270520130648013219359581
0000049883270520130650012809880567
0000049893270520130650012449714377
0000049903270520130650012231148805
0000049913270520130652012122586690
0000049923270520130653012490205007
0000049933270520130654012638303609
0000049943270520130654019008103144
0000049953270520130657012789752569
0000049963270520130659012679472561
0000049973270520130700020469807193
0000049983270520130701013256857549
0000049993270520130701013256857549
0000050003270520130701012824784549
0000050013270520130702012023019984
0000050023270520130702020941875665
0000050033270520130703012496933101
0000050043270520130703012562331569
0000050053270520130703020903798063
0000050063270520130704013298488568
0000050073270520130705012184316883
0000050083270520130705010632593587
0000050093270520130705012599628549
0000050103270520130707013393325565
0000050113270520130708012731985560
0000050123270520130709012454198284
0000050133270520130711012826956568
0000050143270520130711012750146544
0000050153270520130712010840371044
0000050163270520130712013095330609
0000050173270520130713012339070327
0000050183270520130714010746442693
0000050193270520130714012474670663
0000050203270520130715012958651543
0000050213270520130715013215357584
0000050223270520130716012807358588
0000050233270520130718020944806842
0000050243270520130821012837550584
0000050253270520130821012837550584
0000050263270520130821013182604561
0000050273270520130822020649340978
0000050283270520130836012168241238
0000050303270520130915010852203087
0000050313270520131412016896979314
0000050323270520131701020682605209
0000050333270520131706013086327587
0000050343270520131709012807358588
0000050353270520131718013182604561
0000050363270520131718020649340978
0000050373270520131719012837550584
0000050383270520131739013338027566
0000050393270520131752019023276992
0000050403270520131758012920552548
0000050413270520131817013256857549
0000050423270520131826012973336580
0000050433270520131832020992624082
0000050443270520131846013371053589
0000050453270520131847016478362974
0000050463270520131855012700519606
0000050473270520131856016683233986
0000050483270520131857013113381583
0000050493270520131900012319553284
0000050503270520131900020484709415
0000050513270520131900016142184981
0000050523270520131900012231148805
0000050533270520131902012425050894
0000050543270520131903012399256591
0000050553270520131907020944806842
0000050563270520131918012682353543
0000050573270520131918012015168534
0000050583270520131955010655549258
0000050593280520130613012659103625
0000050603280520130620012601834627
0000050613280520130638012679472561
0000050623280520130639012413769600
0000050633280520130639012288507804
0000050643280520130639020466482269
0000050653280520130640012759614605
0000050663280520130642012380704173
0000050673280520130646012357262801
0000050683280520130650010852462651
0000050693280520130653021049847484
0000050703280520130653019040250866
0000050713280520130654020469759210
0000050723280520130655012700017600
0000050733280520130656020469888185
0000050743280520130656012552881310
0000050753280520130656012552881310
0000050763280520130657012182635655
0000050773280520130658010889012269
0000050783280520130658017045925520
0000050793280520130658012638303609
0000050803280520130658019036847489
0000050813280520130659012674734622
0000050823280520130700013371053589
0000050833280520130702017018806044
0000050843280520130702013113381583
0000050853280520130702012789752569
0000050863280520130703019044050624
0000050873280520130703012682353543
0000050883280520130704016478362974
0000050893280520130704020335199075
0000050903280520130705012744228623
0000050913280520130705012973336580
0000050923280520130707012562331569
0000050933280520130707010746442693
0000050943280520130708012537198451
0000050953280520130710013256857549
0000050963280520130710020682605209
0000050973280520130710012809880567
0000050983280520130713013298488568
0000050993280520130713020106146682
0000051003280520130714016869134112
0000051013280520130714012732387624
0000051023280520130715013637405937
0000051033280520130715020992624082
0000051043280520130715012700519606
0000051053280520130716012920552548
0000051063280520130716013235792545
0000051073280520130716012731985560
0000051083280520130717012731985560
0000051093280520130717013393325565
0000051103280520130719020304024613
0000051113280520130720016896979314
0000051123280520130720012122586690
0000051133280520130724012371191843
0000051143280520130724012371191843
0000051153280520130727020129681797
0000051163280520130730019023276992
0000051173280520130753019031632816
0000051183280520130803013338027566
0000051193280520130803013338027566
0000051203280520130807013182604561
0000051213280520130810020649340978
0000051223280520130824012807358588
0000051233280520130828012168241238
0000051243280520130926012339688584
0000051253280520131707013182604561
0000051263280520131716020649340978
0000051273280520131717012168241238
0000051283280520131725012807358588
0000051293280520131734013338027566
0000051303280520131805012837550584
0000051313280520131824020941875665
0000051323280520131825013215357584
0000051333280520131828012449714377
0000051343280520131835012920552548
0000051353280520131840020469807193
0000051363280520131848019035984016
0000051373280520131851010840371044
0000051383280520131855010655549258
0000051393280520131858013393325565
0000051403280520131858012700017600
0000051413280520131858012679472561
0000051423280520131859020469759210
0000051433280520131900013393325565
0000051443280520131900012759614605
0000051453280520131901020466482269
0000051463280520131902019040250866
0000051473280520131902012490205007
0000051483280520131906019044123087
0000051493280520131908010852462651
0000051503280520131911013256857549
0000051513280520131925019044123087
0000051523280520132044012339688584
0000051533290520130531019031632816
0000051543290520130625012537198451
0000051553290520130625020484709415
0000051563290520130628012015168534
0000051573290520130628012917353629
0000051583290520130628010290465742
0000051593290520130629013392460566
0000051603290520130630012474670663
0000051613290520130641012319553284
0000051623290520130641013296437583
0000051633290520130644012371191843
0000051643290520130644016683233986
0000051653290520130646012231148805
0000051663290520130647012793049427
0000051673290520130652019044050624
0000051683290520130652013141563623
0000051693290520130652012490205007
0000051703290520130653016666943245
0000051713290520130654020469888185
0000051723290520130655012599628549
0000051733290520130655012958651543
0000051743290520130656016869134112
0000051753290520130657013086327587
0000051763290520130658013256857549
0000051773290520130658012449714377
0000051783290520130701012200282127
0000051793290520130701013393325565
0000051803290520130702019035984016
0000051813290520130702016142184981
0000051843290520130704019039736661
0000051853290520130704020469807193
0000051863290520130704012674734622
0000051873290520130705012601834627
0000051883290520130705013215357584
0000051893290520130707020335199075
0000051903290520130707012552881310
0000051913290520130709012435237547
0000051923290520130710012905571588
0000051933290520130710020944806842
0000051943290520130711015720050276
0000051953290520130712010840371044
0000051963290520130715013637405937
0000051973290520130715012357262801
0000051983290520130715012732387624
0000051993290520130716019036847489
0000052003290520130716020941875665
0000052013290520130717012288507804
0000052023290520130717012380704173
0000052033290520130724012413769600
0000052043290520130724012659103625
0000052053290520130731012807358588
0000052063290520130738020106146682
0000052073290520130759010632593587
0000052083290520130802012828178600
0000052093290520130805013182604561
0000052123290520130809012357665485
0000052133290520130810017018806044
0000052163290520130814012115418397
0000052173290520130815013338027566
0000052183290520130829020649340978
0000052193290520130910012837550584
0000052203290520131342013182604561
0000052213290520131702013338027566
0000052223290520131709020649340978
0000052233290520131759019023276992
0000052243290520131811012973336580
0000052253290520131830020992624082
0000052263290520131833012682353543
0000052273290520131849012700519606
0000052283290520131855012231148805
0000052293290520131900016142184981
0000052303290520131900016683233986
0000052313290520131901012319553284
0000052323290520131903020484709415
0000052333290520131903016478362974
0000052343290520131907020682605209
0000052353290520131907013256857549
0000052363290520131908013113381583
0000052373290520131914020944806842
0000052383290520131915012015168534
0000052393290520131957013038401519
0000052403300520130626020484709415
0000052413300520130627013391243588
0000052423300520130634012396201338
0000052433300520130635012425050894
0000052443300520130636012015168534
0000052453300520130640012743557607
0000052463300520130642012914568543
0000052473300520130643021049847484
0000052483300520130643012759614605
0000052493300520130644012292819270
0000052503300520130645020466482269
0000052513300520130648012873540569
0000052523300520130648013375736605
0000052533300520130648011227821381
0000052543300520130649012889931546
0000052553300520130649012745598548
0000052563300520130654012537707178
0000052573300520130655012122586690
0000052583300520130658019033050822
0000052593300520130658019044050624
0000052603300520130700010852462651
0000052613300520130701020992624082
0000052623300520130702013086327587
0000052633300520130703012700017600
0000052643300520130703012700519606
0000052653300520130703012200282127
0000052663300520130703013141563623
0000052673300520130704016666943245
0000052683300520130705013274152624
0000052693300520130705012712062606
0000052703300520130706013113381583
0000052713300520130707013296437583
0000052723300520130708019023276992
0000052733300520130709016869134112
0000052743300520130709012371191843
0000052753300520130710012917353629
0000052763300520130710012682353543
0000052773300520130711016478362974
0000052783300520130712012973336580
0000052793300520130712012599628549
0000052803300520130713019039736661
0000052813300520130714015720050276
0000052823300520130717012766243587
0000052833300520130722019031632816
0000052843300520130722012537198451
0000052853300520130724020682605209
0000052863300520130731013397847582
0000052873300520130734015594076275
0000052883300520130734013038401519
0000052893300520130738012793049427
0000052903300520130738012905571588
0000052913300520130739012339070327
0000052923300520130741010290465742
0000052933300520130742012474670663
0000052943300520130743012339688584
0000052953300520130744012958651543
0000052963300520130744013392460566
0000052973300520130746012828178600
0000052983300520130823012435237547
0000052993300520131723012122586690
0000053003300520131823012371191843
0000053013300520131830020469807193
0000053023300520131836010655549258
0000053033300520131839012449714377
0000053043300520131840020941875665
0000053053300520131844013215357584
0000053063300520131847012826956568
0000053073300520131848012490205007
0000053083300520131849019035984016
0000053093300520131851010840371044
0000053103300520131852012759614605
0000053113300520131852012745598548
0000053123300520131853020484709415
0000053153300520131854020130683498
0000053163300520131855010852462651
0000053173300520131855020466482269
0000053183300520131856013397847582
0000053193300520131856013086327587
0000053203300520131859015594076275
0000053213300520131900021049847484
0000053223300520131900012700017600
0000053233300520131903012015168534
0000053243300520131914012712062606
0000053253300520131918012339688584
0000053263310520130555012537198451
0000053273310520130555019031632816
0000053283310520130612012015168534
0000053293310520130619020715098637
0000053303310520130627013380280584
0000053313310520130640016683233986
0000053323310520130645013682423817
0000053333310520130646020469759210
0000053343310520130647012231148805
0000053353310520130647012525399104
0000053363310520130648012536849750
0000053373310520130648012537098295
0000053383310520130648012319553284
0000053393310520130648013086327587
0000053403310520130649013179726589
0000053413310520130650019044050624
0000053423310520130651019033050806
0000053433310520130653012538059587
0000053443310520130654012399256591
0000053453310520130654019035984016
0000053463310520130655013263223568
0000053473310520130655012490205007
0000053483310520130656013274152624
0000053493310520130657013121511547
0000053503310520130657012970150540
0000053513310520130657012283126489
0000053523310520130700012396201338
0000053533310520130701020304024613
0000053543310520130701011227821381
0000053553310520130701020130683498
0000053563310520130702020941875665
0000053573310520130702013306559546
0000053583310520130702012766243587
0000053593310520130703016869134112
0000053603310520130705012986407295
0000053613310520130706013121954627
0000053623310520130706012449714377
0000053633310520130706020944806842
0000053643310520130706012743557607
0000053653310520130707012544302234
0000053663310520130709012537707178
0000053673310520130709012292819270
0000053683310520130710012758378541
0000053693310520130710020469807193
0000053703310520130714013215357584
0000053713310520130716012826956568
0000053723310520130716012425050894
0000053733310520130716012914568543
0000053743310520130718010840371044
0000053753310520130719013391243588
0000053763310520130720012873540569
0000053773310520130721016142184981
0000053783310520130722013122081600
0000053793310520130722012889931546
0000053803310520130725019033050822
0000053813310520130741013397847582
0000053823310520130741010655549258
0000053833310520130752012738187600
0000053843310520130800013338027566
0000053853310520130803013182604561
0000053863310520130808012807358588
0000053873310520130815010322806426
0000053883310520130819020649340978
0000053893310520130823012837550584
0000053903310520130827012168241238
