0000259453300920131708020649340978
0000259463300920131713013393325565
0000259473300920131756012807358588
0000259483300920131756019019468661
0000259493300920131804013338027566
0000259503300920131841012973336580
0000259513300920131842020466482269
0000259523300920131844012449714377
0000259533300920131850020469759210
0000259543300920131850020682605209
0000259553300920131855010745439702
0000259563300920131900016683233986
0000259573300920131902012399256591
0000259583300920131902012700519606
0000259593300920131905016142184981
0000259603300920131907012015168534
0000259613300920131908012231148805
0000259623300920131947012738187600
0000259633300920132003013298488568
0000259643300920132009013235792545
0000259653300920132009020304024613
0000259663011020130622013274152624
0000259673011020130644012759614605
0000259683011020130644012889931546
0000259693011020130644021049847484
0000259703011020130646012638303609
0000259713011020130648012679472561
0000259723011020130649012601834627
0000259733011020130650010746442693
0000259743011020130650012562331569
0000259753011020130651012357665485
0000259763011020130652010889012269
0000259773011020130654012380704173
0000259783011020130654020469888185
0000259793011020130654010852462651
0000259803011020130656012552881310
0000259813011020130657012700017600
0000259823011020130657012357262801
0000259833011020130657012319553284
0000259843011020130657012659103625
0000259853011020130657012449714377
0000259863011020130658020129681797
0000259873011020130658012973336580
0000259883011020130659017045925520
0000259893011020130659012182635655
0000259903011020130659012413769600
0000259913011020130659013256857549
0000259923011020130702012789752569
0000259933011020130702020469759210
0000259943011020130702012744228623
0000259953011020130704012731985560
0000259963011020130705012700519606
0000259973011020130705019032483318
0000259983011020130705019031632816
0000259993011020130706012292819270
0000260003011020130707012970150540
0000260013011020130707012371191843
0000260023011020130707012425050894
0000260033011020130708020335199075
0000260043011020130709012809880567
0000260053011020130709012874780628
0000260063011020130710013235792545
0000260073011020130711012674734622
0000260083011020130713017018806044
0000260093011020130715013298488568
0000260103011020130715020106146682
0000260113011020130716016896979314
0000260123011020130716012537198451
0000260133011020130716016869134112
0000260143011020130717019040250866
0000260153011020130718020701749657
0000260163011020130721020682605209
0000260173011020130721012524519874
0000260183011020130724013219359581
0000260193011020130735020304024613
0000260203011020130755012807358588
0000260213011020130800013338027566
0000260223011020130801019039652778
0000260233011020130801013393325565
0000260243011020130802020649340978
0000260253011020130804010655549258
0000260263011020130810012339688584
0000260273011020130832012176184620
0000260283011020130837019019468661
0000260293011020131706012807358588
0000260303011020131726013338027566
0000260313011020131729020649340978
0000260323011020131833013215357584
0000260333011020131843019036847489
0000260343011020131847020484709415
0000260353011020131848020941875665
0000260363011020131849020130683498
0000260373011020131851012732387624
0000260383011020131852021049847484
0000260393011020131856010840371044
0000260403011020131857012371191843
0000260413011020131901012700017600
0000260423011020131902010852462651
0000260433011020131902012679472561
0000260443011020131903012759614605
0000260453011020131903012524519874
0000260463011020131904019035984016
0000260473011020131907012319553284
0000260483011020131912012292819270
0000260493011020131916019040250866
0000260503011020131921012490205007
0000260513011020131924013235792545
0000260523011020131953012874780628
0000260533021020130630013215357584
0000260543021020130630020106146682
0000260553021020130637020466482269
0000260563021020130639012537198451
0000260573021020130639012396201338
0000260583021020130640012970150540
0000260593021020130645012958651543
0000260603021020130647010290465742
0000260613021020130649012474670663
0000260623021020130649019031632816
0000260633021020130649016142184981
0000260643021020130651019017985626
0000260653021020130652012917353629
0000260663021020130652012231148805
0000260673021020130652013392460566
0000260683021020130653012399256591
0000260693021020130657013086327587
0000260703021020130658012357262801
0000260713021020130700016666943245
0000260723021020130701020484709415
0000260733021020130701012524519874
0000260743021020130701016869134112
0000260753021020130702019032483318
0000260763021020130702020130683498
0000260773021020130702016683233986
0000260783021020130703012413769600
0000260793021020130703010840371044
0000260803021020130703012659103625
0000260813021020130704013256857549
0000260823021020130705012599628549
0000260833021020130705012889931546
0000260843021020130706013637405937
0000260853021020130706020941875665
0000260863021020130708019035984016
0000260873021020130708012357665485
0000260883021020130711019022125974
0000260893021020130711013338074580
0000260903021020130712012738187600
0000260913021020130713010632593587
0000260923021020130714012200282127
0000260933021020130716012292819270
0000260943021020130719012732387624
0000260953021020130723020129957598
0000260963021020130723012380704173
0000260973021020130726017018806044
0000260983021020130727012828178600
0000260993021020130730012339688584
0000261003021020130731020335199075
0000261013021020130731012552881310
0000261023021020130731012601834627
0000261033021020130731012674734622
0000261043021020130732019036847489
0000261053021020130738020469888185
0000261063021020130738012793049427
0000261073021020130740012807358588
0000261083021020130809013338027566
0000261093021020130824020649340978
0000261103021020130834012479133062
0000261113021020130844010655549258
0000261123021020130936019019468661
0000261133021020131231013122081600
0000261143021020131440016142184981
0000261153021020131658013086327587
0000261163021020131706012807358588
0000261173021020131707013338027566
0000261183021020131807012973336580
0000261193021020131834012874780628
0000261203021020131840020466482269
0000261213021020131850012700519606
0000261223021020131854019019468661
0000261233021020131854020469759210
0000261243021020131857013353190561
0000261253021020131901012399256591
0000261263021020131901013637405937
0000261273021020131903012809880567
0000261283021020131904012231148805
0000261293021020131908012738187600
0000261303021020131912016683233986
0000261313021020131916020129957598
0000261323021020131916013122081600
0000261333021020131923020682605209
0000261343021020131924012479133062
0000261353021020131947020649340978
0000261363021020132008013113381583
0000261373031020130636012874780628
0000261383031020130638012759614605
0000261393031020130638012679472561
0000261403031020130642012700017600
0000261413031020130643012292819270
0000261423031020130643012712062606
0000261433031020130649011227821381
0000261443031020130649020701749657
0000261453031020130650019022125974
0000261463031020130652012319553284
0000261473031020130655012122586690
0000261483031020130656021049847484
0000261493031020130656010852462651
0000261503031020130656013113381583
0000261513031020130657016666943245
0000261523031020130657012283010499
0000261533031020130658012599628549
0000261543031020130658012425050894
0000261553031020130659012745598548
0000261563031020130700019033050822
0000261573031020130700013391243588
0000261583031020130700013375736605
0000261593031020130700012914568543
0000261603031020130701012537707178
0000261613031020130701012973336580
0000261623031020130703012700519606
0000261633031020130703020469759210
0000261643031020130704012917353629
0000261653031020130706019017985626
0000261663031020130706012193084663
0000261673031020130707013307141588
0000261683031020130708010632593587
0000261693031020130709013141563623
0000261703031020130709012396201338
0000261713031020130710019040250866
0000261723031020130712012905571588
0000261733031020130713012371191843
0000261743031020130714010290465742
0000261753031020130715012200282127
0000261763031020130716015594076275
0000261773031020130717016869134112
0000261783031020130718012793049427
0000261793031020130719012743557607
0000261803031020130719012809880567
0000261813031020130722013397847582
0000261823031020130726013338074580
0000261833031020130730013392460566
0000261843031020130732012970150540
0000261853031020130734012524519874
0000261863031020130734012958651543
0000261873031020130738012537198451
0000261883031020130751013338027566
0000261893031020130800012828178600
0000261903031020130811020649340978
0000261913031020130812012474670663
0000261923031020130828012807358588
0000261933031020130953012339688584
0000261943031020131241019019468661
0000261953031020131357020649340978
0000261963031020131744012807358588
0000261973031020131755013338027566
0000261983031020131758019040250866
0000261993031020131827013138725421
0000262003031020131849012371191843
0000262013031020131850010840371044
0000262023031020131850020941875665
0000262033031020131853019035984016
0000262043031020131853020130683498
0000262053031020131857020304024613
0000262063031020131857020484709415
0000262073031020131858012700017600
0000262083031020131902020701749657
0000262093031020131905013397847582
0000262103031020131907012759614605
0000262113031020131908010852462651
0000262123031020131912021049847484
0000262133031020131914012319553284
0000262143031020131914012970150540
0000262153031020131926012479133062
0000262163041020130628020304024613
0000262173041020130638012537198451
0000262183041020130643012712062606
0000262193041020130647013256857549
0000262203041020130647012413769600
0000262213041020130649012015168534
0000262223041020130653013121511547
0000262233041020130653012396201338
0000262243041020130653013086327587
0000262253041020130654012700519606
0000262263041020130654020130683498
0000262273041020130656012873540569
0000262283041020130656015594076275
0000262293041020130657012479133062
0000262303041020130657020715098637
0000262313041020130700012544302234
0000262323041020130700013391243588
0000262333041020130700012986407295
0000262343041020130701016869134112
0000262353041020130703010322806426
0000262363041020130704011227821381
0000262373041020130705013306559546
0000262383041020130705013380280584
0000262393041020130706013138725421
0000262403041020130706019033050806
0000262413041020130707016683233986
0000262423041020130708013141563623
0000262433041020130708019044123087
0000262443041020130709013370765585
0000262453041020130709010840371044
0000262463041020130710019035984016
0000262473041020130713013215357584
0000262483041020130713020941875665
0000262493041020130713020484709415
0000262503041020130715012537707178
0000262513041020130715019022125974
0000262523041020130716012283010499
0000262533041020130716012745598548
0000262543041020130716012292819270
0000262553041020130717012914568543
0000262563041020130717019033050822
0000262573041020130718013307141588
0000262583041020130718012425050894
0000262593041020130719012905571588
0000262603041020130719012339688584
0000262613041020130719012679472561
0000262623041020130721013121954627
0000262633041020130721012193084663
0000262643041020130723012537098295
0000262653041020130723012122586690
0000262663041020130723013338027566
0000262673041020130723012536849750
0000262683041020130725013375736605
0000262693041020130726012538059587
0000262703041020130727012743557607
0000262713041020130729012738187600
0000262723041020130735012807358588
0000262733041020130738019036847489
0000262743041020130744012283126489
0000262753041020130747012823918568
0000262763041020130749013392460566
0000262773041020130816020649340978
0000262783041020130817019019468661
0000262793041020130831013393325565
0000262803041020130858013122081600
0000262813041020131634012807358588
0000262823041020131710020649340978
0000262833041020131826013393325565
0000262843041020131844013338027566
0000262853041020131845012973336580
0000262863041020131845020682605209
0000262873041020131847013086327587
0000262883041020131849013179726589
0000262893041020131850012449714377
0000262903041020131854020469759210
0000262913041020131856012292819270
0000262923041020131900016683233986
0000262933041020131901012823918568
0000262943041020131901012399256591
0000262953041020131902012015168534
0000262963041020131904020466482269
0000262973041020131912013256857549
0000262983041020131912012413769600
0000262993041020131954013113381583
0000263003041020132135019019468661
0000263013051020130615020903798063
0000263023051020130628013122081600
0000263033051020130638012759614605
0000263043051020130640019028770049
0000263053051020130641013121511547
0000263063051020130641012986407295
0000263073051020130642010322806426
0000263083051020130644012587148563
0000263093051020130644012587148563
0000263103051020130645017040097808
0000263113051020130647013121954627
0000263123051020130647012548910239
0000263133051020130651013113381583
0000263143051020130651012122586690
0000263153051020130653010852462651
0000263163051020130657013080703625
0000263173051020130658021049847484
0000263183051020130659012425050894
0000263193051020130659012674734622
0000263203051020130659012363335726
0000263213051020130701012435493101
0000263223051020130701012679472561
0000263233051020130703019008103144
0000263243051020130704012319553284
0000263253051020130705012454198284
0000263263051020130707020715098637
0000263273051020130708019035984016
0000263283051020130708012449714377
0000263293051020130709019022125974
0000263303051020130709012973336580
0000263313051020130710013306559546
0000263323051020130710019044123087
0000263333051020130711020469759210
0000263343051020130711012544302234
0000263353051020130712012283126489
0000263363051020130712012826956568
0000263373051020130714012396201338
0000263383051020130717012700519606
0000263393051020130717013370765585
0000263403051020130717012292819270
0000263413051020130719013179726589
0000263423051020130721012524519874
0000263433051020130722019033050806
0000263443051020130723012537098295
0000263453051020130723012738187600
0000263463051020130724013307141588
0000263473051020130728012536849750
0000263483051020130729013392460566
0000263493051020130731012538059587
0000263503051020130733013637405937
0000263513051020130736012283010499
0000263523051020130739020682605209
0000263533051020130759012339070327
0000263543051020130803013380280584
0000263553051020130816012873540569
0000263563051020130954010792519555
0000263573051020131848020484709415
0000263583051020131852020941875665
0000263593051020131853010840371044
0000263603051020131901010632593587
0000263613051020131902012874780628
0000263623051020131903012319553284
0000263633051020131903020130683498
0000263643051020131904013215357584
0000263653051020131905012759614605
0000263663051020131908021049847484
0000263673051020131920012679472561
0000263683051020131922013307141588
0000263693051020131926010852462651
0000263703051020131930012490205007
0000263713061020130632020701749657
0000263723061020130635012731985560
0000263733061020130636012015168534
0000263743061020130645016896979314
0000263753071020130945013338027566
0000263763071020130955020649340978
0000263773071020131542019039652778
0000263783071020131700020649340978
0000263793071020131702013338027566
0000263803071020131708012807358588
0000263813071020131722013393325565
0000263823071020131737019019468661
0000263833071020131755020941875665
0000263843071020131830012490205007
0000263853071020131848020130683498
0000263863071020131849020484709415
0000263873071020131850010840371044
0000263883071020131851012732387624
0000263893071020131854013338074580
0000263903071020131854019035984016
0000263913071020131856010745439702
0000263923071020131857012700017600
0000263933071020131858012679472561
0000263943071020131859013215357584
0000263953071020131902012524519874
0000263963071020131903010852462651
0000263973071020131905012759614605
0000263983071020131908012319553284
0000263993071020131910019040250866
0000264003071020131914019039652778
0000264013071020131930012371191843
0000264023081020130628020106146682
0000264033081020130635012474670663
0000264043081020130646016142184981
0000264053081020130647010290465742
0000264063081020130649020469888185
0000264073081020130651012809880567
0000264083081020130655013086327587
0000264093081020130655012231148805
0000264103081020130656012917353629
0000264113081020130658012490205007
0000264123081020130659012357262801
0000264133081020130700013215357584
0000264143081020130700013392460566
0000264153081020130700012524519874
0000264163081020130700020130683498
0000264173081020130701016683233986
0000264183081020130701010889012269
0000264193081020130701012292819270
0000264203081020130701012744228623
0000264213081020130701012889931546
0000264223081020130702020466482269
0000264233081020130702019035984016
0000264243081020130703012399256591
0000264253081020130703020941875665
0000264263081020130704019032483318
0000264273081020130704012824784549
0000264283081020130704012537198451
0000264293081020130705012789752569
0000264303081020130705016666943245
0000264313081020130705020484709415
0000264323081020130705020129681797
0000264333081020130707012413769600
0000264343081020130711017018806044
0000264353081020130712012970150540
0000264363081020130712012732387624
0000264373081020130713010840371044
0000264383081020130715012339688584
0000264393081020130719012200282127
0000264403081020130721013235792545
0000264413081020130722012674734622
0000264423081020130722012601834627
0000264433081020130722013256857549
0000264443081020130730013637405937
0000264453081020130733012793049427
0000264463081020130737020335199075
0000264473081020130739012552881310
0000264483081020130741012435237547
0000264493081020130743012807358588
0000264503081020130744013338074580
0000264513081020130811013338027566
0000264523081020130828019031632816
0000264533081020130830010655549258
0000264543081020130845020649340978
0000264553081020130855019019468661
0000264563081020130857019039652778
