0000000001107813739000404000000000000Instituto dos Lagos - Rio                                                                                                                             000270011200037851301201413012014140120141650
0000341313130120140627012745598548
0000341323130120140630020903798063
0000341333130120140639012700017600
0000341343130120140639012789752569
0000341353130120140642012425050894
0000341363130120140642012744228623
0000341373130120140650020129681797
0000341383130120140650013113381583
0000341393130120140652020120227082
0000341403130120140652012759614605
0000341413130120140653019033050822
0000341423130120140653012292819270
0000341433130120140654012679472561
0000341443130120140655010852462651
0000341453130120140655013389682545
0000341463130120140655012200282127
0000341473130120140656010889012269
0000341483130120140658013375736605
0000341493130120140700013380280584
0000341503130120140701012984574607
0000341513130120140701013138725421
0000341523130120140702013279160935
0000341533130120140704012537707178
0000341543130120140704010840371044
0000341553130120140705012184316883
0000341563130120140706012973336580
0000341573130120140706012449714377
0000341583130120140706012449714377
0000341593130120140706012381129822
0000341603130120140709012580492757
0000341613130120140712013036270549
0000341623130120140713012193084663
0000341633130120140713014996805273
0000341643130120140714012750146544
0000341653130120140715013095330609
0000341663130120140716012700519606
0000341673130120140717012809880567
0000341683130120140719012905571588
0000341693130120140720012454198284
0000341703130120140720016666943245
0000341713130120140722013235792545
0000341723130120140725010290465742
0000341733130120140725010290465742
0000341743130120140725010290465742
0000341753130120140727013392460566
0000341763130120140728012182412362
0000341773130120140728020106153034
0000341783130120140732013336711605
0000341793130120140734012474670663
0000341803130120140735012525399104
0000341813130120140736010745439702
0000341823130120140758012793049427
0000341833130120140801013393325565
0000341843130120140801012917353629
0000341853130120140802012917353629
0000341863130120140802012917353629
0000341873130120140807020682605209
0000341883130120140814012746564620
0000341893130120140816020649340978
0000341903130120140819013338027566
0000341913130120140836010792519555
0000341923130120141729012746564620
0000341933130120141730013393325565
0000341943130120141732013338027566
0000341953130120141734020649340978
0000341963130120141841019036847489
0000341973130120141842013215357584
0000341983130120141845020941875665
0000341993130120141849020484709415
0000342003130120141851010745439702
0000342013130120141855020130683498
0000342023130120141857010852462651
0000342033130120141900013235792545
0000342043130120141901012679472561
0000342053130120141901010840371044
0000342063130120141902012759614605
0000342073130120141910020466482269
0000342083130120141912013279160935
0000342093130120141914012371191843
0000342103130120141921013338074580
0000342113130120141922010792519555
0000342123130120142024012525399104
9999999990000000000000000820000000000000000009
