0000186333300820131700020649340978
0000186343300820131716013338027566
0000186353300820131820012474670663
0000186363300820131849020469807193
0000186373300820131849020682605209
0000186383300820131850012973336580
0000186393300820131852012357262801
0000186403300820131853012449714377
0000186413300820131854016478362974
0000186423300820131855012823918568
0000186433300820131855010852462651
0000186443300820131855012587148563
0000186453300820131856012679472561
0000186463300820131857020130683498
0000186473300820131900012015168534
0000186483300820131901021049847484
0000186493300820131902019040250866
0000186503300820131903012759614605
0000186513300820131903020466482269
0000186523300820131907012490205007
0000186533300820131911012674734622
0000186543300820132018012396201338
0000186553310820130614020693378950
0000186563310820130623012731985560
0000186573310820130640012656999563
0000186583310820130641013307141588
0000186593310820130644010322806426
0000186603310820130645013219359581
0000186613310820130645017040097808
0000186623310820130645012283010499
0000186633310820130646012319553284
0000186643310820130647013080703625
0000186653310820130649013122081600
0000186663310820130650012182635655
0000186673310820130651020944806842
0000186683310820130651016683233986
0000186693310820130651012231148805
0000186703310820130656012490205007
0000186713310820130656020130683498
0000186723310820130659012015168534
0000186733310820130700013380280584
0000186743310820130700012399256591
0000186753310820130700016478362974
0000186763310820130701016142184981
0000186773310820130701013086327587
0000186783310820130702019036847489
0000186793310820130702020715098637
0000186803310820130703020469807193
0000186813310820130704012973336580
0000186823310820130705012638303609
0000186833310820130705013682423817
0000186843310820130707012449714377
0000186853310820130710012562331569
0000186863310820130710012809880567
0000186873310820130712016896979314
0000186883310820130712010746442693
0000186893310820130714012435493101
0000186903310820130714012435493101
0000186913310820130717019033050822
0000186923310820130718019022125974
0000186933310820130718013274152624
0000186943310820130719012524519874
0000186953310820130720019008103144
0000186963310820130721012548910239
0000186973310820130726020682605209
0000186983310820130731012357262801
0000186993310820130732012363335726
0000187003310820130737012339070327
0000187013310820130738012339070327
0000187023310820130740019028770049
0000187033310820130740012738187600
0000187043310820130741012874780628
0000187053310820130743020304024613
0000187063310820130749013637405937
0000187073310820131849013371053589
0000187083310820131849020682605209
0000187093310820131850016478362974
0000187103310820131854012357262801
0000187113310820131856012700519606
0000187123310820131857012319553284
0000187133310820131858013086327587
0000187143310820131900012015168534
0000187153310820131900019036847489
0000187163310820131901012973336580
0000187173310820131902012399256591
0000187183310820131902016683233986
0000187193310820131902012399256591
0000187203310820131902019023276992
0000187213310820131903013274152624
0000187223310820131906012231148805
0000187233310820131911013113381583
0000187243310820131912020992624082
0000187253310820131915013219359581
0000187263310820131915012474670663
0000187273310820131916016142184981
0000187283310820131917020944806842
0000187293310820131919013298488568
0000187303310820131923013080703625
0000187313310820131925012738187600
0000187323010920130626012601834627
0000187333010920130639012731985560
0000187343010920130646012889931546
0000187353010920130650012759614605
0000187363010920130652012674734622
0000187373010920130652013235792545
0000187383010920130652013095330609
0000187393010920130653012712062606
0000187403010920130653013370765585
0000187413010920130653013392460566
0000187423010920130654012750146544
0000187433010920130654020469759210
0000187443010920130655010852462651
0000187453010920130656012679472561
0000187463010920130656012700017600
0000187473010920130657021049847484
0000187483010920130657020466482269
0000187493010920130658012184316883
0000187503010920130659012399256591
0000187513010920130700013307141588
0000187523010920130701012357665485
0000187533010920130701012973336580
0000187543010920130702013113381583
0000187553010920130702012970150540
0000187563010920130702012700519606
0000187573010920130703020335199075
0000187583010920130705012357262801
0000187593010920130706012638303609
0000187603010920130707012193084663
0000187613010920130709019040250866
0000187623010920130710012435493101
0000187633010920130711012562331569
0000187643010920130712010746442693
0000187653010920130713019022125974
0000187663010920130715013371053589
0000187673010920130715012182635655
0000187683010920130717012552881310
0000187693010920130717017040097808
0000187703010920130717012283010499
0000187713010920130718016478362974
0000187723010920130719020129957598
0000187733010920130719020682605209
0000187743010920130722019023276992
0000187753010920130730020992624082
0000187763010920130731016896979314
0000187773010920130732013298488568
0000187783010920130732019036847489
0000187793010920130748020304024613
0000187803010920130749012524519874
0000187813010920130751012809880567
0000187823010920130758012738187600
0000187833010920130758017064167733
0000187843010920130827012182412362
0000187853010920130918012380704173
0000187863010920131201013396537628
0000187873010920131828020941875665
0000187883010920131846020484709415
0000187893010920131851012973336580
0000187903010920131854012413769600
0000187913010920131858012759614605
0000187923010920131859012679472561
0000187933010920131859012525399104
0000187943010920131859010840371044
0000187953010920131859012732387624
0000187963010920131859010852462651
0000187973010920131900020469759210
0000187983010920131900020130683498
0000187993010920131901021049847484
0000188003010920131901012700017600
0000188013010920131909013392460566
0000188023010920131909019032483318
0000188033010920131910013370765585
0000188043010920131913012738187600
0000188053010920131916012524519874
0000188063010920131933020120227082
0000188073010920131950020129957598
0000188083010920131951013396537628
0000188093010920131956012758378541
0000188103010920132008012712062606
0000188113020920130520012182412362
0000188123020920130615020120227082
0000188133020920130617012917353629
0000188143020920130628012970150540
0000188153020920130628012601834627
0000188163020920130649020129681797
0000188173020920130651012744228623
0000188183020920130652012449714377
0000188193020920130653012231148805
0000188203020920130653010290465742
0000188213020920130654012474670663
0000188223020920130654013392460566
0000188233020920130655013086327587
0000188243020920130656010889012269
0000188253020920130657016683233986
0000188263020920130658012789752569
0000188273020920130659020130683498
0000188283020920130659012750146544
0000188293020920130700016142184981
0000188303020920130701012809880567
0000188313020920130702012319553284
0000188323020920130702017064167733
0000188333020920130704012973336580
0000188343020920130705020944806842
0000188353020920130705019017985626
0000188363020920130705012357665485
0000188373020920130706020466482269
0000188383020920130708012889931546
0000188393020920130708010840371044
0000188403020920130711013219359581
0000188413020920130711013256857549
0000188423020920130713011982791335
0000188433020920130713012552881310
0000188443020920130713012413769600
0000188453020920130713012674734622
0000188463020920130714012193084663
0000188473020920130716016666943245
0000188483020920130716012435237547
0000188493020920130716019040250866
0000188503020920130719013095330609
0000188513020920130719020941875665
0000188523020920130720012524519874
0000188533020920130720013336711605
0000188543020920130721012184316883
0000188553020920130721012525399104
0000188563020920130724012732387624
0000188573020920130724012380704173
0000188583020920130725012738187600
0000188593020920130728019032483318
0000188603020920130728012176184620
0000188613020920130729013235792545
0000188623020920130732020335199075
0000188633020920130733012793049427
0000188643020920130733012200282127
0000188653020920130734019022125974
0000188663020920130736012958651543
0000188673020920130740020484709415
0000188683020920130741012807358588
0000188693020920130742010745439702
0000188703020920130743013182604561
0000188713020920130750012837550584
0000188723020920130800013338027566
0000188733020920130807019039652778
0000188743020920130824020649340978
0000188753020920130844010792519555
0000188763020920130934012700017600
