0000161793310720131707012807358588
0000161803310720131715020649340978
0000161813310720131723012837550584
0000161823310720131730013338027566
0000161833310720131815013215357584
0000161843310720131815020941875665
0000161853310720131837012449714377
0000161863310720131842013338074580
0000161873310720131845010840371044
0000161883310720131847012700017600
0000161893310720131857021049847484
0000161903310720131859010852462651
0000161913310720131902020466482269
0000161923310720131902020469759210
0000161933310720131903012759614605
0000161943310720131904013301860604
0000161953310720131906012679472561
0000161963310720131910020130683498
0000161973310720131915020129957598
0000161983310720131929020469807193
0000161993310720131947020682605209
0000162003310720131959019040250866
0000162013010820130615012587148563
0000162023010820130625012319553284
0000162033010820130626017045925520
0000162043010820130633013393325565
0000162053010820130634012809880567
0000162063010820130636012396201338
0000162073010820130639016683233986
0000162083010820130641012731985560
0000162093010820130642012292819270
0000162103010820130643016142184981
0000162113010820130644012750146544
0000162123010820130645016896979314
0000162133010820130646013307141588
0000162143010820130646012231148805
0000162153010820130648012656999563
0000162163010820130649012496933101
0000162173010820130649011227821381
0000162183010820130652012182635655
0000162193010820130652020944806842
0000162203010820130653012873540569
0000162213010820130655019031632816
0000162223010820130656020903798063
0000162233010820130656013086327587
0000162243010820130656012015168534
0000162253010820130656012399256591
0000162263010820130658012023019984
0000162273010820130700012449714377
0000162283010820130700013296437583
0000162293010820130701012599628549
0000162303010820130701012562331569
0000162313010820130702016869134112
0000162323010820130703020469807193
0000162333010820130703013215357584
0000162343010820130704013219359581
0000162353010820130704020941875665
0000162363010820130705015594076275
0000162373010820130706012828178600
0000162383010820130708012548910239
0000162393010820130708012638303609
0000162403010820130710010840371044
0000162413010820130710019008103144
0000162423010820130711020130683498
0000162433010820130711012826956568
0000162443010820130711012339070327
0000162453010820130712010632593587
0000162463010820130713019028770049
0000162473010820130713012454198284
0000162483010820130713013141563623
0000162493010820130713013298488568
0000162503010820130715013256857549
0000162513010820130715020682605209
0000162523010820130718019022125974
0000162533010820130719012371191843
0000162543010820130719019039736661
0000162553010820130725012807358588
0000162563010820130726013274152624
0000162573010820130727020304024613
0000162583010820130728013397847582
0000162593010820130730010055668914
0000162603010820130737013637405937
0000162613010820130737012363335726
0000162623010820130747012339688584
0000162633010820130809012168241238
0000162643010820130811020649340978
0000162653010820130812013338027566
0000162663010820130814013182604561
0000162673010820131039019044050624
0000162683010820131629013182604561
0000162693010820131741020649340978
0000162703010820131741020649340978
0000162713010820131741013338027566
0000162723010820131819019023276992
0000162733010820131824012973336580
0000162743010820131834013113381583
0000162753010820131835016478362974
0000162763010820131839012371191843
0000162773010820131843016142184981
0000162783010820131847012700519606
0000162793010820131852012231148805
0000162803010820131857020335199075
0000162813010820131859020992624082
0000162823010820131900012319553284
0000162833010820131900012015168534
0000162843010820131901012399256591
0000162853010820131901020682605209
0000162863010820131904013086327587
0000162873010820131912016683233986
0000162883010820131918020944806842
0000162893010820131922013393325565
0000162903010820131930013397847582
0000162913010820131932012479133062
0000162923010820131936012339688584
0000162933020820130655019040250866
0000162943020820130655013113381583
0000162953020820130658020992624082
0000162963020820130659012638303609
0000162973020820130700013219359581
0000162983020820130700012562331569
0000162993020820130700012396201338
0000163003020820130701019036847489
0000163013020820130702011227821381
0000163023020820130702012973336580
0000163033020820130702015594076275
0000163043020820130702019031632816
0000163053020820130702012122586690
0000163063020820130703012873540569
0000163073020820130704012182635655
0000163083020820130704012524519874
0000163093020820130705010055668914
0000163103020820130706013298488568
0000163113020820130706012674734622
0000163123020820130707019032483318
0000163133020820130708012809880567
0000163143020820130710020682605209
0000163153020820130711013307141588
0000163163020820130712016869134112
0000163173020820130712012823918568
0000163183020820130713012731985560
0000163193020820130714016896979314
0000163203020820130714016478362974
0000163213020820130717020304024613
0000163223020820130717012700519606
0000163233020820130720020335199075
0000163243020820130720020335199075
0000163253020820130720012750146544
0000163263020820130721012807358588
0000163273020820130721020715098637
0000163283020820130722019023276992
0000163293020820130723012759614605
0000163303020820130724013338027566
0000163313020820130724020466482269
0000163323020820130724013263223568
0000163333020820130725012679472561
0000163343020820130725013682423817
0000163353020820130725013256857549
0000163363020820130729019022125974
0000163373020820130741013122081600
0000163383020820130745012015168534
0000163393020820130806020649340978
0000163403020820130830013182604561
0000163413020820131617012807358588
0000163423020820131717020649340978
0000163433020820131745013338027566
0000163443020820131839012973336580
0000163453020820131856012490205007
0000163463020820131856012524519874
0000163473020820131859019035984016
0000163483020820131900012823918568
0000163493020820131900012479133062
0000163503020820131905010852462651
0000163513020820131907019040250866
0000163523020820131915021049847484
0000163533020820131915020130683498
0000163543020820131916012015168534
0000163553020820131920013307141588
0000163563020820131923012758378541
0000163573020820131936012679472561
0000163583020820131936020469807193
0000163593020820131936012449714377
0000163603020820131937020466482269
0000163613020820131938010840371044
0000163623020820131946013393325565
0000163633020820131947012759614605
0000163643020820131951020335199075
0000163653020820131955013256857549
0000163663020820132003019039736661
0000163673030820130607017040097808
0000163683030820130610012015168534
0000163693030820130620012712062606
0000163703030820130630016683233986
0000163713030820130631010290465742
0000163723030820130637012231148805
0000163733030820130640012809880567
0000163743030820130640010322806426
0000163753030820130641012758378541
0000163763030820130647020944806842
0000163773030820130650020701749657
0000163783030820130652013080703625
0000163793030820130652012283010499
0000163803030820130654019017985626
0000163813030820130657012435493101
0000163823030820130659012490205007
0000163833030820130700012380704173
0000163843030820130701020469807193
0000163853030820130702013380280584
0000163863030820130703012973336580
0000163873030820130703012738187600
0000163883030820130703012474670663
0000163893030820130703016666943245
0000163903030820130704012659103625
0000163913030820130704012449714377
0000163923030820130704020715098637
0000163933030820130707011982791335
0000163943030820130709013256857549
0000163953030820130710012319553284
0000163963030820130710013086327587
0000163973030820130710019035984016
0000163983030820130711010840371044
0000163993030820130713019036847489
0000164003030820130716020130683498
0000164013030820130722019032483318
0000164023030820130722016142184981
0000164033030820130722012435237547
0000164043030820130722013682423817
0000164053030820130723012413769600
0000164063030820130724013122081600
0000164073030820130725012122586690
0000164083030820130725012288507804
0000164093030820130729013307141588
0000164103030820130729013393325565
0000164113030820130730012674734622
0000164123030820130743012193084663
0000164133030820130743019039736661
0000164143030820130743013263223568
0000164153030820130751019022125974
0000164163030820131031012807358588
0000164173030820131122012292819270
0000164183030820131331012807358588
0000164193030820131740012973336580
0000164203030820131807019028770049
0000164213030820131835012548910239
0000164223030820131844012700519606
0000164233030820131848013256857549
0000164243030820131851013113381583
0000164253030820131855020682605209
0000164263030820131857020992624082
0000164273030820131900016683233986
0000164283030820131901013086327587
0000164293030820131903012319553284
0000164303030820131904012231148805
0000164313030820131916019023276992
0000164323030820131920016142184981
0000164333030820131920016478362974
0000164343030820131923012015168534
0000164353030820131925020944806842
0000164363030820131930010632593587
0000164373040820130636012744228623
0000164383040820130638012396201338
0000164393040820130641012759614605
0000164403040820130644011982791335
0000164413040820130644012425050894
0000164423040820130645012674734622
0000164433040820130645010852462651
0000164443040820130647012873540569
0000164453040820130650020466482269
0000164463040820130655012745598548
0000164473040820130655012905571588
0000164483040820130655012679472561
0000164493040820130656012413769600
0000164503040820130658020701749657
0000164513040820130701017064167733
0000164523040820130701019017985626
0000164533040820130702010290465742
0000164543040820130703010632593587
0000164553040820130703013113381583
0000164563040820130704017040097808
0000164573040820130705012638303609
0000164583040820130705012758378541
0000164593040820130705012809880567
0000164603040820130705012474670663
0000164613040820130706013307141588
0000164623040820130707019023276992
0000164633040820130708012435493101
0000164643040820130708020992624082
0000164653040820130708012973336580
0000164663040820130710013256857549
0000164673040820130712019040250866
0000164683040820130712013637405937
0000164693040820130714012292819270
0000164703040820130717016666943245
0000164713040820130717012700519606
0000164723040820130718012524519874
0000164733040820130718012435237547
0000164743040820130718012524519874
0000164753040820130718012548910239
0000164763040820130720016478362974
0000164773040820130722012182412362
0000164783040820130728020682605209
0000164793040820130729012738187600
0000164803040820130737021049847484
0000164813040820130737021049847484
0000164823040820130744013080703625
0000164833040820130745020129957598
0000164843040820130746012283010499
0000164853040820130846013307141588
0000164863040820131215013375736605
0000164873040820131323013182604561
0000164883040820131446012889931546
0000164893040820131501019028770049
0000164903040820131719020304024613
0000164913040820131740012674734622
0000164923040820131804012973336580
0000164933040820131831012288507804
0000164943040820131837012449714377
0000164953040820131847012193084663
0000164963040820131848012490205007
0000164973040820131856012292819270
0000164983040820131858010852462651
0000164993040820131858021049847484
0000165003040820131900012743557607
0000165013040820131900019035984016
0000165023040820131901014996805273
0000165033040820131902010840371044
0000165043040820131902019040250866
0000165053040820131904020469807193
0000165063040820131908012758378541
0000165073040820131911012679472561
0000165083040820131912020466482269
0000165093040820131914020120227082
0000165103040820131914012759614605
0000165113040820131920020130683498
0000165123040820131925012413769600
0000165133050820130623020120227082
0000165143050820130625012015168534
0000165153050820130629014996805273
0000165163050820130631016683233986
0000165173050820130632012319553284
0000165183050820130636012288507804
0000165193050820130637020944806842
0000165203050820130641016142184981
0000165213050820130644010889012269
0000165223050820130645012537098295
0000165233050820130645012750146544
0000165243050820130651012490205007
0000165253050820130652013086327587
0000165263050820130655012283126489
0000165273050820130658012789752569
0000165283050820130659019033050806
0000165293050820130659012231148805
0000165303050820130700012449714377
0000165313050820130700012744228623
0000165323050820130701012399256591
0000165333050820130701020130683498
0000165343050820130702019035984016
0000165353050820130702019036847489
0000165363050820130702012544302234
0000165373050820130704013256857549
0000165383050820130705012738187600
0000165393050820130707012396201338
0000165403050820130708010840371044
0000165413050820130708012986407295
0000165423050820130710013306559546
0000165433050820130710020469807193
0000165443050820130711012873540569
0000165453050820130714012970150540
0000165463050820130715013274152624
0000165473050820130719012292819270
0000165483050820130719019044123087
0000165493050820130721017064167733
0000165503050820130721012973336580
0000165513050820130723012889931546
0000165523050820130723012743557607
0000165533050820130725013375736605
0000165543050820130728012425050894
0000165553050820130728020304024613
0000165563050820130730020129957598
0000165573050820130733012745598548
0000165583050820130735010745439702
0000165593050820130737013179726589
0000165603050820130739012182412362
0000165613050820130742012905571588
0000165623050820130743012176184620
0000165633050820130744012807358588
0000165643050820130746013336711605
0000165653050820130749012758378541
0000165663050820130752020129681797
0000165673050820130754019039652778
0000165683050820130757012193084663
0000165693050820130804013338027566
0000165703050820130804013182604561
0000165713050820130809020649340978
0000165723050820130815012168241238
0000165733050820130816013637405937
0000165743050820131716013338027566
0000165753050820131722012807358588
0000165763050820131729013182604561
0000165773050820131818012973336580
0000165783050820131826020992624082
0000165793050820131849013219359581
0000165803050820131852012700519606
0000165813050820131854019023276992
0000165823050820131856016142184981
0000165833050820131856012537198451
0000165843050820131858010745439702
0000165853050820131858013113381583
0000165863050820131900012231148805
0000165873050820131902016683233986
0000165883050820131902020944806842
0000165893050820131902019036847489
0000165903050820131903012319553284
0000165913050820131904012399256591
0000165923050820131905012537198451
0000165933050820131905016478362974
0000165943050820131906012537198451
0000165953050820131916012371191843
0000165963050820131919013256857549
0000165973050820131931020682605209
0000165983050820131932012809880567
0000165993050820131932012015168534
0000166003060820130451013336711605
0000166013060820130556012363335726
0000166023060820130604012679472561
0000166033060820130618012587148563
0000166043060820130632021049847484
0000166053060820130633012826956568
0000166063060820130633012548910239
0000166073060820130633012357262801
0000166083060820130638019028770049
0000166093060820130641012524519874
0000166103060820130643012015168534
0000166113060820130645012759614605
0000166123060820130645020469888185
0000166133060820130646010852462651
0000166143060820130646020466482269
0000166153060820130653013113381583
0000166163060820130653012874780628
0000166173060820130654012656999563
0000166183060820130654012496933101
0000166193060820130659017018806044
0000166203060820130700013219359581
0000166213060820130702019040250866
0000166223060820130702012986407295
0000166233060820130702012758378541
0000166243060820130704012789752569
0000166253060820130705019044123087
0000166263060820130708010889012269
0000166273060820130710020682605209
0000166283060820130710012973336580
0000166293060820130711012674734622
0000166303060820130713012809880567
0000166313060820130714013179726589
0000166323060820130714016478362974
0000166333060820130715012700519606
0000166343060820130716012544302234
0000166353060820130717012807358588
0000166363060820130717020106146682
0000166373060820130718012970150540
0000166383060820130718013306559546
0000166393060820130718019033050806
0000166403060820130719012537098295
0000166413060820130722020992624082
0000166423060820130724019023276992
0000166433060820130725012283126489
0000166443060820130729019031632816
0000166453060820130730020129681797
0000166463060820130730013637405937
0000166473060820130735019044050624
0000166483060820130736012750146544
0000166493060820130737020649340978
0000166503060820130748012176184620
0000166513060820130749012339688584
0000166523060820130803012339070327
0000166533060820130820012168241238
0000166543060820130823019039652778
0000166553060820130827013338027566
0000166563060820130837012738187600
0000166573060820130958010655549258
0000166583060820130958010655549258
0000166593060820131351013182604561
0000166603060820131554012807358588
0000166613060820131701013338027566
0000166623060820131704012168241238
0000166633060820131724020649340978
0000166643060820131753019039652778
0000166653060820131807012973336580
0000166663060820131844012490205007
0000166673060820131850012371191843
0000166683060820131854010840371044
0000166693060820131856021049847484
0000166703060820131859012449714377
0000166713060820131902012738187600
0000166723060820131903020130683498
0000166733060820131904012679472561
0000166743060820131905019008103144
0000166753060820131907020466482269
0000166763060820131907012759614605
0000166773060820131907010852462651
0000166783060820131908019035984016
0000166793060820131910012015168534
0000166803060820131910013256857549
0000166813060820131915020469807193
0000166823060820131921012548910239
0000166833070820130617012587148563
0000166843070820130622017045925520
0000166853070820130623012015168534
0000166863070820130630012292819270
0000166873070820130630012319553284
0000166883070820130636020106146682
0000166893070820130637013296437583
0000166903070820130639016683233986
0000166913070820130639012731985560
0000166923070820130641020944806842
0000166933070820130642012537198451
0000166943070820130645013141563623
0000166953070820130647012231148805
0000166963070820130647016142184981
0000166973070820130648013393325565
0000166983070820130648016896979314
0000166993070820130649012490205007
0000167003070820130652013086327587
0000167013070820130653020130683498
0000167023070820130654012496933101
0000167033070820130655013219359581
0000167043070820130657012826956568
0000167053070820130657019039736661
0000167063070820130700019035984016
0000167073070820130701012809880567
0000167083070820130702012449714377
0000167093070820130704020469807193
0000167103070820130704019008103144
0000167113070820130704012656999563
0000167123070820130705013307141588
0000167133070820130705012562331569
0000167143070820130706020304024613
0000167153070820130707012399256591
0000167163070820130708019031632816
0000167173070820130708019044050624
0000167183070820130709010840371044
0000167193070820130714017018806044
0000167203070820130714012973336580
0000167213070820130716012474670663
0000167223070820130716012638303609
0000167233070820130717012738187600
0000167243070820130717012357262801
0000167253070820130721020469888185
0000167263070820130722012339688584
0000167273070820130722012674734622
0000167283070820130729013338074580
0000167293070820130729013274152624
0000167303070820130730010632593587
0000167313070820130732012182635655
0000167323070820130733012874780628
0000167333070820130734012524519874
0000167343070820130735020129957598
0000167353070820130738012828178600
0000167363070820130745013298488568
0000167373070820130748020649340978
0000167383070820130749019022125974
0000167393070820130752017064167733
0000167403070820130754010655549258
0000167413070820130755013637405937
0000167423070820130755019028770049
0000167433070820130755012363335726
0000167443070820130800012339070327
0000167453070820130801012807358588
0000167463070820130801012479133062
0000167473070820130806013338027566
0000167483070820130959013301860604
0000167493070820131734013338027566
0000167503070820131800013086327587
0000167513070820131806019023276992
0000167523070820131811020992624082
0000167533070820131813012973336580
0000167543070820131840013393325565
0000167553070820131848012700519606
0000167563070820131849016478362974
0000167573070820131850012122586690
0000167583070820131900012319553284
0000167593070820131900016683233986
0000167603070820131901019036847489
0000167613070820131904013301860604
0000167623070820131907012231148805
0000167633070820131908020129957598
0000167643070820131909020944806842
0000167653070820131909012399256591
0000167663070820131912020682605209
0000167673070820131912013307141588
0000167683070820131920012479133062
0000167693070820131921012015168534
0000167703070820131933013353190561
0000167713070820131934020649340978
0000167723070820131950013113381583
0000167733080820130526019039736661
0000167743080820130553012731985560
0000167753080820130623012750146544
0000167763080820130629012413769600
0000167773080820130631012396201338
0000167783080820130632012380704173
0000167793080820130638017045925520
0000167803080820130638012288507804
0000167813080820130638020466482269
0000167823080820130641012679472561
0000167833080820130642021049847484
0000167843080820130642010852462651
0000167853080820130642013370765585
0000167863080820130645012759614605
0000167873080820130649012712062606
0000167883080820130649011227821381
0000167893080820130655013113381583
0000167903080820130656013274152624
0000167913080820130656012873540569
0000167923080820130656015594076275
0000167933080820130657012562331569
0000167943080820130657012638303609
0000167953080820130702019022125974
0000167963080820130703012399256591
0000167973080820130703019044050624
0000167983080820130704016478362974
0000167993080820130705013219359581
0000168003080820130705020335199075
0000168013080820130705012193084663
0000168023080820130705019040250866
0000168033080820130708010632593587
0000168043080820130708020304024613
0000168053080820130709013353190561
0000168063080820130709012973336580
0000168073080820130710013141563623
0000168083080820130712017064167733
0000168093080820130713012674734622
0000168103080820130714013338074580
0000168113080820130716019023276992
0000168123080820130717013256857549
0000168133080820130717020992624082
0000168143080820130722012970150540
0000168153080820130722013298488568
0000168163080820130722016896979314
0000168173080820130726013296437583
0000168183080820130727012700519606
0000168193080820130730012537198451
0000168203080820130731012182635655
0000168213080820130732012122586690
0000168223080820130733012292819270
0000168233080820130735012122586690
0000168243080820130740016869134112
0000168253080820130744012371191843
0000168263080820130752020682605209
0000168273080820130755019032483318
0000168283080820130756010055668914
0000168293080820130758019036847489
0000168303080820130803012807358588
0000168313080820130807012809880567
0000168323080820130807012828178600
0000168333080820130821013338027566
0000168343080820130828013182604561
0000168353080820130829020649340978
