0000186333300820131700020649340978
0000186343300820131716013338027566
0000186353300820131820012474670663
0000186363300820131849020469807193
0000186373300820131849020682605209
0000186383300820131850012973336580
0000186393300820131852012357262801
0000186403300820131853012449714377
0000186413300820131854016478362974
0000186423300820131855012823918568
0000186433300820131855010852462651
0000186443300820131855012587148563
0000186453300820131856012679472561
0000186463300820131857020130683498
0000186473300820131900012015168534
0000186483300820131901021049847484
0000186493300820131902019040250866
0000186503300820131903012759614605
0000186513300820131903020466482269
0000186523300820131907012490205007
0000186533300820131911012674734622
0000186543300820132018012396201338
0000186553310820130614020693378950
0000186563310820130623012731985560
0000186573310820130640012656999563
0000186583310820130641013307141588
0000186593310820130644010322806426
0000186603310820130645013219359581
0000186613310820130645017040097808
0000186623310820130645012283010499
0000186633310820130646012319553284
0000186643310820130647013080703625
0000186653310820130649013122081600
0000186663310820130650012182635655
0000186673310820130651020944806842
0000186683310820130651016683233986
0000186693310820130651012231148805
0000186703310820130656012490205007
0000186713310820130656020130683498
0000186723310820130659012015168534
0000186733310820130700013380280584
0000186743310820130700012399256591
0000186753310820130700016478362974
0000186763310820130701016142184981
0000186773310820130701013086327587
0000186783310820130702019036847489
0000186793310820130702020715098637
0000186803310820130703020469807193
0000186813310820130704012973336580
0000186823310820130705012638303609
0000186833310820130705013682423817
0000186843310820130707012449714377
0000186853310820130710012562331569
0000186863310820130710012809880567
0000186873310820130712016896979314
0000186883310820130712010746442693
0000186893310820130714012435493101
0000186903310820130714012435493101
0000186913310820130717019033050822
0000186923310820130718019022125974
0000186933310820130718013274152624
0000186943310820130719012524519874
0000186953310820130720019008103144
0000186963310820130721012548910239
0000186973310820130726020682605209
0000186983310820130731012357262801
0000186993310820130732012363335726
0000187003310820130737012339070327
0000187013310820130738012339070327
0000187023310820130740019028770049
0000187033310820130740012738187600
0000187043310820130741012874780628
0000187053310820130743020304024613
0000187063310820130749013637405937
0000187073310820131849013371053589
0000187083310820131849020682605209
0000187093310820131850016478362974
0000187103310820131854012357262801
0000187113310820131856012700519606
0000187123310820131857012319553284
0000187133310820131858013086327587
0000187143310820131900012015168534
0000187153310820131900019036847489
0000187163310820131901012973336580
0000187173310820131902012399256591
0000187183310820131902016683233986
0000187193310820131902012399256591
0000187203310820131902019023276992
0000187213310820131903013274152624
0000187223310820131906012231148805
0000187233310820131911013113381583
0000187243310820131912020992624082
0000187253310820131915013219359581
0000187263310820131915012474670663
0000187273310820131916016142184981
0000187283310820131917020944806842
0000187293310820131919013298488568
0000187303310820131923013080703625
0000187313310820131925012738187600
0000187323010920130626012601834627
0000187333010920130639012731985560
0000187343010920130646012889931546
0000187353010920130650012759614605
0000187363010920130652012674734622
0000187373010920130652013235792545
0000187383010920130652013095330609
0000187393010920130653012712062606
0000187403010920130653013370765585
0000187413010920130653013392460566
0000187423010920130654012750146544
0000187433010920130654020469759210
0000187443010920130655010852462651
0000187453010920130656012679472561
0000187463010920130656012700017600
0000187473010920130657021049847484
0000187483010920130657020466482269
0000187493010920130658012184316883
0000187503010920130659012399256591
0000187513010920130700013307141588
0000187523010920130701012357665485
0000187533010920130701012973336580
0000187543010920130702013113381583
0000187553010920130702012970150540
0000187563010920130702012700519606
0000187573010920130703020335199075
0000187583010920130705012357262801
0000187593010920130706012638303609
0000187603010920130707012193084663
0000187613010920130709019040250866
0000187623010920130710012435493101
0000187633010920130711012562331569
0000187643010920130712010746442693
0000187653010920130713019022125974
0000187663010920130715013371053589
0000187673010920130715012182635655
0000187683010920130717012552881310
0000187693010920130717017040097808
0000187703010920130717012283010499
0000187713010920130718016478362974
0000187723010920130719020129957598
0000187733010920130719020682605209
0000187743010920130722019023276992
0000187753010920130730020992624082
0000187763010920130731016896979314
0000187773010920130732013298488568
0000187783010920130732019036847489
0000187793010920130748020304024613
0000187803010920130749012524519874
0000187813010920130751012809880567
0000187823010920130758012738187600
0000187833010920130758017064167733
0000187843010920130827012182412362
0000187853010920130918012380704173
0000187863010920131201013396537628
0000187873010920131828020941875665
0000187883010920131846020484709415
0000187893010920131851012973336580
0000187903010920131854012413769600
0000187913010920131858012759614605
0000187923010920131859012679472561
0000187933010920131859012525399104
0000187943010920131859010840371044
0000187953010920131859012732387624
0000187963010920131859010852462651
0000187973010920131900020469759210
0000187983010920131900020130683498
0000187993010920131901021049847484
0000188003010920131901012700017600
0000188013010920131909013392460566
0000188023010920131909019032483318
0000188033010920131910013370765585
0000188043010920131913012738187600
0000188053010920131916012524519874
0000188063010920131933020120227082
0000188073010920131950020129957598
0000188083010920131951013396537628
0000188093010920131956012758378541
0000188103010920132008012712062606
0000188113020920130520012182412362
0000188123020920130615020120227082
0000188133020920130617012917353629
0000188143020920130628012970150540
0000188153020920130628012601834627
0000188163020920130649020129681797
0000188173020920130651012744228623
0000188183020920130652012449714377
0000188193020920130653012231148805
0000188203020920130653010290465742
0000188213020920130654012474670663
0000188223020920130654013392460566
0000188233020920130655013086327587
0000188243020920130656010889012269
0000188253020920130657016683233986
0000188263020920130658012789752569
0000188273020920130659020130683498
0000188283020920130659012750146544
0000188293020920130700016142184981
0000188303020920130701012809880567
0000188313020920130702012319553284
0000188323020920130702017064167733
0000188333020920130704012973336580
0000188343020920130705020944806842
0000188353020920130705019017985626
0000188363020920130705012357665485
0000188373020920130706020466482269
0000188383020920130708012889931546
0000188393020920130708010840371044
0000188403020920130711013219359581
0000188413020920130711013256857549
0000188423020920130713011982791335
0000188433020920130713012552881310
0000188443020920130713012413769600
0000188453020920130713012674734622
0000188463020920130714012193084663
0000188473020920130716016666943245
0000188483020920130716012435237547
0000188493020920130716019040250866
0000188503020920130719013095330609
0000188513020920130719020941875665
0000188523020920130720012524519874
0000188533020920130720013336711605
0000188543020920130721012184316883
0000188553020920130721012525399104
0000188563020920130724012732387624
0000188573020920130724012380704173
0000188583020920130725012738187600
0000188593020920130728019032483318
0000188603020920130728012176184620
0000188613020920130729013235792545
0000188623020920130732020335199075
0000188633020920130733012793049427
0000188643020920130733012200282127
0000188653020920130734019022125974
0000188663020920130736012958651543
0000188673020920130740020484709415
0000188683020920130741012807358588
0000188693020920130742010745439702
0000188703020920130743013182604561
0000188713020920130750012837550584
0000188723020920130800013338027566
0000188733020920130807019039652778
0000188743020920130824020649340978
0000188753020920130844010792519555
0000188763020920130934012700017600
0000195223020920131701012807358588
0000195233020920131718013182604561
0000195243020920131731012837550584
0000195253020920131736020649340978
0000195263020920131811013338027566
0000195273020920131848012973336580
0000195283020920131849012700017600
0000195293020920131850020992624082
0000195303020920131853012231148805
0000195313020920131854016142184981
0000195323020920131855019023276992
0000195333020920131857012700519606
0000195343020920131858010745439702
0000195353020920131858016478362974
0000195363020920131900016683233986
0000195373020920131901012449714377
0000195383020920131905020944806842
0000195393020920131905013113381583
0000195403020920131911012319553284
0000195413020920131911013086327587
0000195423020920131917010792519555
0000195433020920131928013338074580
0000195443020920131929020682605209
0000195453020920131931012371191843
0000195463020920131948012738187600
0000195473030920130623013336711605
0000195483030920130640013138725421
0000195493030920130646021049847484
0000195503030920130647010852462651
0000195513030920130648020466482269
0000195523030920130650013113381583
0000195533030920130650020469888185
0000195543030920130651020469759210
0000195553030920130651012914568543
0000195563030920130652012679472561
0000195573030920130654012357262801
0000195583030920130654012292819270
0000195593030920130655012193084663
0000195603030920130656019033050822
0000195613030920130656019036847489
0000195623030920130657012700017600
0000195633030920130700012789752569
0000195643030920130700020130683498
0000195653030920130700012744228623
0000195663030920130700012905571588
0000195673030920130701012745598548
0000195683030920130702012973336580
0000195693030920130702010889012269
0000195703030920130703013219359581
0000195713030920130703012122586690
0000195723030920130705019040250866
0000195733030920130705012700017600
0000195743030920130709019023276992
0000195753030920130710016478362974
0000195763030920130713012700519606
0000195773030920130713012793049427
0000195783030920130714020992624082
0000195793030920130714020129681797
0000195803030920130715019017985626
0000195813030920130716012425050894
0000195823030920130716012766243587
0000195833030920130717012524519874
0000195843030920130718010290465742
0000195853030920130719012917353629
0000195863030920130719012537198451
0000195873030920130719013392460566
0000195883030920130720012200282127
0000195893030920130722019031632816
0000195903030920130724020106146682
0000195913030920130726012435237547
0000195923030920130726016666943245
0000195933030920130730012958651543
0000195943030920130730011982791335
0000195953030920130733013235792545
0000195963030920130733013338027566
0000195973030920130733012809880567
0000195983030920130733012807358588
0000195993030920130734012537707178
0000196003030920130734019044050624
0000196013030920130736012743557607
0000196023030920130737017018806044
0000196033030920130741020682605209
0000196043030920130743012837550584
0000196053030920130744010655549258
0000196063030920130746012474670663
0000196073030920130754013182604561
0000196083030920130756012339688584
0000196093030920130811019039652778
0000196103030920130819013086327587
0000196113030920130824013338074580
0000196123030920130840012176184620
0000196133030920131654012807358588
0000196143030920131657013182604561
0000196153030920131659012837550584
0000196163030920131719013338027566
0000196173030920131724013086327587
0000196183030920131819013215357584
0000196193030920131849012371191843
0000196203030920131850020941875665
0000196213030920131855019035984016
0000196223030920131900020469807193
0000196233030920131900020484709415
0000196243030920131901021049847484
0000196253030920131902020304024613
0000196263030920131904012490205007
0000196273030920131904010852462651
0000196283030920131910012679472561
0000196293030920131910020469759210
0000196303030920131916020466482269
0000196313030920131920010840371044
0000196323030920131927019040250866
0000196333030920131938013235792545
0000196343040920130631020106146682
0000196353040920130634012766243587
0000196363040920130639019044050624
0000196373040920130640012537198451
0000196383040920130644013370765585
0000196393040920130647013086327587
0000196403040920130648013121511547
0000196413040920130650016142184981
0000196423040920130651012537707178
0000196433040920130652013296437583
0000196443040920130652012231148805
0000196453040920130653019033050806
0000196463040920130653012319553284
0000196473040920130653012122586690
0000196483040920130654012490205007
0000196493040920130655016683233986
0000196503040920130656012449714377
0000196513040920130657013306559546
0000196523040920130657012914568543
0000196533040920130658012745598548
0000196543040920130659012425050894
0000196553040920130700012537098295
0000196563040920130700019044123087
0000196573040920130700012905571588
0000196583040920130702012193084663
0000196593040920130703012292819270
0000196603040920130704013138725421
0000196613040920130704012283126489
0000196623040920130704020484709415
0000196633040920130705013141563623
0000196643040920130705020469807193
0000196653040920130706012544302234
0000196663040920130706012357262801
0000196673040920130706020130683498
0000196683040920130706010840371044
0000196693040920130707019035984016
0000196703040920130707020469888185
0000196713040920130707012986407295
0000196723040920130708020941875665
0000196733040920130710012700017600
0000196743040920130711012758378541
0000196753040920130712012599628549
0000196763040920130714012536849750
0000196773040920130715012525399104
0000196783040920130716013179726589
0000196793040920130717020944806842
0000196803040920130718012538059587
0000196813040920130720019036847489
0000196823040920130721012399256591
0000196833040920130721012828178600
0000196843040920130723019033050822
0000196853040920130723020304024613
0000196863040920130724012743557607
0000196873040920130737013215357584
0000196883040920130740012837550584
0000196893040920130740012807358588
0000196903040920130743012479133062
0000196913040920130747020129957598
0000196923040920130749013182604561
0000196933040920130752017018806044
0000196943040920130756019022125974
0000196953040920130757010632593587
0000196963040920130759019031632816
0000196973040920130811013338027566
0000196983040920130813019039736661
0000196993040920130822020649340978
0000197003040920130850012339688584
0000197013040920131710012807358588
0000197023040920131716013086327587
0000197033040920131717012837550584
0000197043040920131745013338027566
0000197053040920131849012973336580
0000197063040920131851019023276992
0000197073040920131852013392460566
0000197083040920131854020992624082
0000197093040920131856012399256591
0000197103040920131857012700017600
0000197113040920131857016478362974
0000197123040920131900012231148805
0000197133040920131901012700519606
0000197143040920131902012449714377
0000197153040920131906020944806842
0000197163040920131908012479133062
0000197173040920131911020129957598
0000197183040920131912012319553284
0000197193040920131915016683233986
0000197203040920131915016142184981
0000197213040920131921020682605209
0000197223040920131941020649340978
0000197233040920131945013113381583
0000197243050920130604012525399104
0000197253050920130638019028770049
0000197263050920130638012759614605
0000197273050920130639012700017600
0000197283050920130640012396201338
0000197293050920130640012679472561
0000197303050920130641013113381583
0000197313050920130642012548910239
0000197323050920130643012587148563
0000197333050920130644010852462651
0000197343050920130649020903798063
0000197353050920130652020469759210
0000197363050920130652019044123087
0000197373050920130653013392460566
0000197383050920130655012873540569
0000197393050920130655013391243588
0000197403050920130656012454198284
0000197413050920130656015594076275
0000197423050920130656011227821381
0000197433050920130657012544302234
0000197443050920130657012986407295
0000197453050920130659012536849750
0000197463050920130700012599628549
0000197473050920130701012363335726
0000197483050920130702020466482269
0000197493050920130703013397847582
0000197503050920130703010632593587
0000197513050920130704019023276992
0000197523050920130704012973336580
0000197533050920130704020992624082
0000197543050920130705012674734622
0000197553050920130705012758378541
0000197563050920130706012656999563
0000197573050920130706012524519874
0000197583050920130706021049847484
0000197593050920130708013179726589
0000197603050920130708012283126489
0000197613050920130709012537098295
0000197623050920130709012538059587
0000197633050920130709016478362974
0000197643050920130712013141563623
0000197653050920130712013121511547
0000197663050920130712020693378950
0000197673050920130712012700519606
0000197683050920130713013296437583
0000197693050920130714012874780628
0000197703050920130718019033050806
0000197713050920130718013306559546
0000197723050920130720012828178600
0000197733050920130720013370765585
0000197743050920130723019040250866
0000197753050920130735012339688584
0000197763050920130737012807358588
0000197773050920130742013637405937
0000197783050920130742012339070327
0000197793050920130742012339070327
0000197803050920130750019039736661
0000197813050920130750019022125974
0000197823050920130753020649340978
0000197833050920130755020682605209
0000197843050920130804019031632816
0000197853050920130815012537198451
0000197863050920130830013338027566
0000197873050920130840019044050624
0000197883050920131004012292819270
0000197893050920131702012837550584
0000197903050920131702012807358588
0000197913050920131712013338027566
0000197923050920131742020649340978
0000197933050920131744013182604561
0000197943050920131840020469807193
0000197953050920131846012826956568
0000197963050920131849013215357584
0000197973050920131851020941875665
0000197983050920131857020484709415
0000197993050920131859020130683498
0000198003050920131859019035984016
0000198013050920131859012292819270
0000198023050920131901020469759210
0000198033050920131901021049847484
0000198043050920131902020466482269
0000198053050920131903010852462651
0000198063050920131904010840371044
0000198073050920131904012679472561
0000198083050920131904019040250866
0000198093050920131904019008103144
0000198103050920131904012700017600
0000198113050920131908012490205007
0000198123050920131926012339070327
0000198133050920131931012479133062
0000198143050920131932013397847582
0000198153050920131936012339688584
0000198163060920130610019044050624
0000198173060920130630012873540569
0000198183060920130631012537198451
0000198193060920130635012447665867
0000198203060920130643012435493101
0000198213060920130643012435493101
0000198223060920130643013263223568
0000198233060920130643013682423817
0000198243060920130647012231148805
0000198253060920130648017045925520
0000198263060920130648012656999563
0000198273060920130649020701749657
0000198283060920130650012449714377
0000198293060920130651011227821381
0000198303060920130652013235792545
0000198313060920130652013086327587
0000198323060920130654012292819270
0000198333060920130655012319553284
0000198343060920130655016683233986
0000198353060920130656020130683498
0000198363060920130656012490205007
0000198373060920130657013371053589
0000198383060920130658020944806842
0000198393060920130658019008103144
0000198403060920130659013393325565
0000198413060920130659013274152624
0000198423060920130700013391243588
0000198433060920130701012396201338
0000198443060920130702012587148563
0000198453060920130702020484709415
0000198463060920130702020941875665
0000198473060920130703013215357584
0000198483060920130703012548910239
0000198493060920130703020715098637
0000198503060920130704019035984016
0000198513060920130704010746442693
0000198523060920130705019022125974
0000198533060920130706012399256591
0000198543060920130706016896979314
0000198553060920130707012562331569
0000198563060920130707020469807193
0000198573060920130708012479133062
0000198583060920130708020903798063
0000198593060920130709015594076275
0000198603060920130711012182635655
0000198613060920130711019032483318
0000198623060920130712010840371044
0000198633060920130712019031632816
0000198643060920130713013121954627
0000198653060920130713010322806426
0000198663060920130713012454198284
0000198673060920130714019028770049
0000198683060920130718016142184981
0000198693060920130719012524519874
0000198703060920130729012874780628
0000198713060920130729012674734622
0000198723060920130740012807358588
0000198733060920130741012363335726
0000198743060920130749012837550584
0000198753060920130751013637405937
0000198763060920130754013122081600
0000198773060920130800013338027566
0000198783060920130807013182604561
0000198793060920130815020649340978
0000198803060920131651012807358588
0000198813060920131757020649340978
0000198823060920131757013338027566
0000198833060920131850013138725421
0000198843060920131851012973336580
0000198853060920131900020682605209
0000198863060920131902013274152624
0000198873060920131903012399256591
0000198883060920131903016478362974
0000198893060920131904016142184981
0000198903060920131905012700519606
0000198913060920131907016683233986
0000198923060920131907013086327587
0000198933060920131909012449714377
0000198943060920131911012231148805
0000198953060920131915013235792545
0000198963060920131920020944806842
0000198973060920131924020992624082
0000198983060920131951013113381583
0000198993060920131955012319553284
0000199003060920132010013375736605
0000199013060920132127019023276992
0000199023070920130543013122081600
0000199033070920130634017045925520
0000199043070920130636012731985560
0000199053070920130644013256857549
0000199063070920130644012601834627
0000199073070920130646010322806426
0000199083070920130647012889931546
0000199093070920130648012826956568
0000199103070920130649017040097808
0000199113070920130650012712062606
0000199123070920130650012283010499
0000199133070920130650013380280584
0000199143070920130651012674734622
0000199153070920130655012738187600
0000199163070920130656012659103625
0000199173070920130656013392460566
0000199183070920130657012182635655
0000199193070920130658010852462651
0000199203070920130659021049847484
0000199213070920130701012973336580
0000199223070920130701013113381583
0000199233070920130701012759614605
0000199243070920130703012732387624
0000199253070920130703020992624082
0000199263070920130703012447665867
0000199273070920130703020466482269
0000199283070920130704012413769600
0000199293070920130704013371053589
0000199303070920130704013080703625
0000199313070920130705020469759210
0000199323070920130705012700017600
0000199333070920130705012435493101
0000199343070920130705016478362974
0000199353070920130705013121954627
0000199363070920130706012809880567
0000199373070920130709020715098637
0000199403070920130711019022125974
0000199413070920130712019040250866
0000199423070920130712020335199075
0000199433070920130712020701749657
0000199443070920130713013375736605
0000199453070920130713013682423817
0000199463070920130714016896979314
0000199473070920130715019032483318
0000199483070920130715013393325565
0000199493070920130716012700519606
0000199503070920130717013263223568
0000199513070920130718019023276992
0000199523070920130724012562331569
0000199533070920130724010746442693
0000199543070920130727013138725421
0000199553070920130727012292819270
0000199563070920130742013235792545
0000199573070920130746012357665485
0000199583070920130749012525399104
0000199593070920130800012339688584
0000199603070920130802020682605209
0000199613070920130807010792519555
0000199623070920131847020130683498
0000199633070920131850010840371044
0000199643070920131850019035984016
0000199653070920131857012700017600
0000199663070920131857020484709415
0000199673070920131900020469759210
0000199683070920131901020466482269
0000199693070920131901012490205007
0000199703070920131903019040250866
0000199713070920131904021049847484
0000199723070920131912013215357584
0000199733070920131918012826956568
0000199743070920131919010632593587
0000199753070920131922010852462651
0000199763070920131923012339688584
0000199773070920131941020941875665
0000199783080920130532012732387624
0000199793080920130619013396537628
0000199803080920130625012712062606
0000199813080920130643010792519555
0000199823080920130643010290465742
0000199833080920130643012474670663
0000199843080920130647012319553284
0000199853080920130650012917353629
0000199863080920130651019017985626
0000199873080920130653012015168534
0000199883080920130657012449714377
0000199893080920130658013095330609
0000199903080920130659012738187600
0000199913080920130659020484709415
0000199923080920130700012283010499
0000199933080920130700013215357584
0000199943080920130700016683233986
0000199953080920130700013380280584
0000199963080920130700012759614605
0000199973080920130701020130683498
0000199983080920130702017064167733
0000199993080920130702010632593587
0000200003080920130703017040097808
0000200013080920130704012490205007
0000200023080920130705013392460566
0000200033080920130706012231148805
0000200043080920130706012809880567
0000200053080920130707012731985560
0000200063080920130708013086327587
0000200073080920130708013138725421
0000200083080920130708010840371044
0000200093080920130709012659103625
0000200103080920130709020941875665
0000200113080920130714012184316883
0000200123080920130714013080703625
0000200133080920130714012889931546
0000200143080920130715012793049427
0000200153080920130715019035984016
0000200163080920130716012958651543
0000200173080920130716012413769600
0000200183080920130718013256857549
0000200193080920130722014996805273
0000200203080920130726012552881310
0000200213080920130726012674734622
0000200223080920130729013235792545
0000200233080920130731016142184981
0000200243080920130733011982791335
0000200253080920130733012524519874
0000200263080920130735019036847489
0000200273080920130735012357665485
0000200283080920130741012601834627
0000200293080920130749012435237547
0000200303080920130750016666943245
0000200313080920130759020335199075
0000200323080920130807012750146544
0000200333080920131708012525399104
0000200343080920131823020682605209
0000200353080920131838013086327587
0000200363080920131842020992624082
0000200373080920131848016683233986
0000200383080920131853012973336580
0000200393080920131853016478362974
0000200403080920131853012449714377
0000200413080920131855013392460566
0000200423080920131856013219359581
0000200433080920131900012231148805
0000200443080920131901013396537628
0000200453080920131907012015168534
0000200463080920131908013138725421
0000200473080920131908013113381583
0000200483080920131909012700519606
0000200493080920131912012319553284
0000200503080920131930019023276992
0000200513080920131951016142184981
0000200523080920132022012738187600
0000200533080920132103020120227082
0000200543090920130641012759614605
0000200553090920130645013219359581
0000200563090920130645012905571588
0000200573090920130646020129681797
0000200583090920130647011982791335
0000200593090920130649010840371044
0000200603090920130650012914568543
0000200613090920130651012744228623
0000200623090920130652012679472561
0000200633090920130652019033050822
0000200643090920130654010852462651
0000200653090920130654016666943245
0000200663090920130655020469759210
0000200673090920130657012435237547
0000200683090920130657012537707178
0000200693090920130658020120227082
0000200703090920130658012745598548
0000200713090920130658012766243587
0000200723090920130658021049847484
0000200733090920130659014996805273
0000200743090920130659013375736605
0000200753090920130659013113381583
0000200763090920130701013138725421
0000200773090920130702013392460566
0000200783090920130703012292819270
0000200793090920130704019040250866
0000200803090920130705010889012269
0000200813090920130705012973336580
0000200823090920130705016478362974
0000200833090920130705017064167733
0000200843090920130707012789752569
0000200853090920130707012809880567
0000200863090920130708019036847489
0000200873090920130709019017985626
0000200883090920130710013095330609
0000200893090920130711012700519606
0000200903090920130712013307141588
0000200913090920130712012700017600
0000200923090920130712012193084663
0000200933090920130713020992624082
0000200943090920130713019023276992
0000200953090920130713020682605209
0000200963090920130715012738187600
0000200973090920130716012122586690
0000200983090920130716012524519874
0000200993090920130716012793049427
0000201003090920130718013256857549
0000201013090920130720012184316883
0000201023090920130723012474670663
0000201033090920130726012807358588
0000201043090920130728012917353629
0000201053090920130730012750146544
0000201063090920130732012958651543
0000201073090920130733010290465742
0000201083090920130734013338027566
0000201093090920130736013336711605
0000201103090920130740010745439702
0000201113090920130746012837550584
0000201123090920130804012182412362
0000201133090920130812020649340978
0000201143090920130918019039652778
0000201153090920130918019039652778
0000201163090920131212013338027566
0000201173090920131703020649340978
0000201183090920131710012837550584
0000201193090920131842013215357584
0000201203090920131843020941875665
0000201213090920131855020130683498
0000201223090920131859010745439702
0000201233090920131859013338074580
0000201243090920131859021049847484
0000201253090920131901019039652778
0000201263090920131901012700017600
0000201273090920131902020484709415
0000201283090920131904012679472561
0000201293090920131907020469759210
0000201303090920131907020469807193
0000201313090920131908012759614605
0000201323090920131910019035984016
0000201333090920131912013256857549
0000201343090920131913010852462651
0000201353090920131916019040250866
0000201363090920131922012490205007
0000201373090920131929013637405937
0000201383090920131929012371191843
0000201393100920130550013336711605
0000201403100920130620012525399104
0000201413100920130629012766243587
0000201423100920130632019033050806
0000201433100920130635013121511547
0000201443100920130636013375736605
0000201453100920130640016142184981
0000201463100920130645020106146682
0000201473100920130645012319553284
0000201483100920130646012449714377
0000201493100920130649012231148805
0000201503100920130649012357262801
0000201513100920130653012399256591
0000201523100920130653013370765585
0000201533100920130654012490205007
0000201543100920130655020130683498
0000201553100920130655012986407295
0000201563100920130655019044050624
0000201573100920130656012015168534
0000201583100920130657013215357584
0000201593100920130657010889012269
0000201603100920130658020941875665
0000201613100920130658012283126489
0000201623100920130700013179726589
0000201633100920130700012537098295
0000201643100920130701012536849750
0000201653100920130701013086327587
0000201663100920130701012538059587
0000201673100920130701013338074580
0000201683100920130701012745598548
0000201693100920130702012122586690
0000201703100920130702010840371044
0000201713100920130702019044123087
0000201723100920130703012193084663
0000201733100920130703019035984016
0000201743100920130704020469807193
0000201753100920130704012292819270
0000201763100920130706019036847489
0000201773100920130707012744228623
0000201783100920130707020469888185
0000201793100920130707012544302234
0000201803100920130708012789752569
0000201813100920130708012905571588
0000201823100920130708019033050822
0000201833100920130708016683233986
0000201843100920130709020129681797
0000201853100920130710013138725421
0000201863100920130711012970150540
0000201873100920130712017018806044
0000201883100920130712019031632816
0000201893100920130712020484709415
0000201903100920130712013307141588
0000201913100920130727012537198451
0000201923100920130731013306559546
0000201933100920130731012914568543
0000201943100920130732012425050894
0000201953100920130733012738187600
0000201963100920130742013338027566
0000201973100920130745013637405937
0000201983100920130753012339688584
0000201993100920130754019039652778
0000202003100920130754013393325565
0000202013100920130755012807358588
0000202023100920130802012837550584
0000202033100920130815020649340978
0000204123100920131702012837550584
0000204133100920131703013393325565
0000204143100920131706013086327587
0000204153100920131714012807358588
0000204163100920131715013338027566
0000204173100920131805019039652778
0000204183100920131831013113381583
0000204193100920131849012371191843
0000204203100920131851012973336580
0000204213100920131855020682605209
0000204223100920131902019023276992
0000204233100920131902012700519606
0000204243100920131903012319553284
0000204253100920131905012231148805
0000204263100920131907012399256591
0000204273100920131907012449714377
0000204283100920131908016683233986
0000204293100920131914012015168534
0000204303100920131915012524519874
0000204313100920131916016142184981
0000204323100920131919013121511547
0000204333100920131920013370765585
0000204343100920131937020649340978
0000204353100920131943013235792545
0000204363100920131958016478362974
0000204373110920130614012525399104
0000204383110920130616019031632816
0000204393110920130616012537198451
0000204403110920130619012363335726
0000204413110920130630020106146682
0000204423110920130633012023019984
0000204433110920130638020903798063
0000204443110920130644012759614605
0000204453110920130646012826956568
0000204463110920130646012587148563
0000204473110920130646012548910239
0000204483110920130646010852462651
0000204493110920130647012544302234
0000204503110920130649019044050624
0000204513110920130649013296437583
0000204523110920130650019028770049
0000204533110920130651019044123087
0000204543110920130651013263223568
0000204553110920130653012496933101
0000204563110920130654021049847484
0000204573110920130654012679472561
0000204583110920130655013113381583
0000204593110920130656019039736661
0000204603110920130657012536849750
0000204613110920130658012599628549
0000204623110920130658012454198284
0000204633110920130659012357262801
0000204643110920130700012537098295
0000204653110920130700013637405937
0000204663110920130700020466482269
0000204673110920130701012674734622
0000204683110920130702012538059587
0000204693110920130703013306559546
0000204703110920130703012970150540
0000204713110920130703020469759210
0000204723110920130704020682605209
0000204733110920130704019040250866
0000204743110920130705012122586690
0000204753110920130705013179726589
0000204763110920130705019033050806
0000204773110920130706020469888185
0000204783110920130707012524519874
0000204793110920130707013235792545
0000204803110920130709012524519874
0000204813110920130711020693378950
0000204823110920130712019022125974
0000204833110920130713012738187600
0000204843110920130713016478362974
0000204853110920130714012986407295
0000204863110920130716012700017600
0000204873110920130717013256857549
0000204883110920130718020129957598
0000204893110920130718012700519606
0000204903110920130722012973336580
0000204913110920130723012339688584
0000204923110920130723017018806044
0000204933110920130728019023276992
0000204943110920130729012283126489
0000204953110920130730012828178600
0000204963110920130730013338074580
0000204973110920130730010632593587
0000204983110920130740012807358588
0000204993110920130751012339070327
0000205003110920130752020649340978
0000205013110920130755013393325565
0000205023110920130756012479133062
0000205033110920130758013338027566
0000205043110920131659012807358588
0000205053110920131703019040250866
0000205063110920131722013338027566
0000205073110920131725012837550584
0000205083110920131840020466482269
0000205093110920131847012656999563
0000205103110920131851020484709415
0000205113110920131851019035984016
0000205123110920131852019008103144
0000205133110920131853020130683498
0000205143110920131855012490205007
0000205153110920131900020649340978
0000205163110920131900020941875665
0000205173110920131900013215357584
0000205183110920131901012700017600
0000205193110920131902021049847484
0000205203110920131903020129957598
0000205213110920131903020469759210
0000205223110920131904012679472561
0000205233110920131905012524519874
0000205243110920131905010852462651
0000205253110920131906013256857549
0000205263110920131907012122586690
0000205273110920131908010840371044
0000205283110920131908012674734622
0000205293110920131910020469807193
0000205303110920131914012759614605
0000205313110920131927012479133062
0000205323110920131942012474670663
0000205333120920130553012809880567
0000205343120920130630012587148563
0000205353120920130633020693378950
0000205363120920130633012023019984
0000205373120920130634012454198284
0000205383120920130639012656999563
0000205393120920130642012396201338
0000205403120920130642012319553284
0000205413120920130643016142184981
0000205423120920130645012490205007
0000205433120920130645012826956568
0000205443120920130645012826956568
0000205453120920130647019022125974
0000205463120920130647012292819270
0000205473120920130648012449714377
0000205483120920130648012231148805
0000205493120920130651011227821381
0000205503120920130651020903798063
0000205513120920130652012182635655
0000205523120920130652020304024613
0000205533120920130653013219359581
0000205543120920130654020130683498
0000205553120920130655012015168534
0000205563120920130656012425050894
0000205573120920130657012363335726
0000205583120920130657012425050894
0000205593120920130658012399256591
0000205603120920130658012399256591
0000205613120920130658016896979314
0000205623120920130658020701749657
0000205633120920130658012873540569
0000205643120920130659013296437583
0000205653120920130659012599628549
0000205663120920130659019035984016
0000205673120920130700013391243588
0000205683120920130700013215357584
0000205693120920130700013086327587
0000205703120920130701016683233986
0000205713120920130702019044050624
0000205723120920130705020941875665
0000205733120920130706013338074580
0000205743120920130706010840371044
0000205753120920130706012122586690
0000205763120920130707015594076275
0000205773120920130707020469807193
0000205783120920130708012562331569
0000205793120920130712013263223568
0000205803120920130713012537198451
0000205813120920130714012474670663
0000205823120920130715013274152624
0000205833120920130715012738187600
0000205843120920130715019032483318
0000205853120920130716012548910239
0000205863120920130716012371191843
0000205873120920130716019031632816
0000205883120920130719013397847582
0000205893120920130720019008103144
0000205903120920130722013637405937
0000205913120920130723012496933101
0000205923120920130725020484709415
0000205933120920130728010746442693
0000205943120920130728019028770049
0000205953120920130741012807358588
0000205963120920130750013338027566
0000205973120920130802012828178600
0000205983120920130802013393325565
0000205993120920130818012339070327
0000206003120920130819012339070327
0000206013120920130829020649340978
0000206023120920130857012837550584
0000206033120920130909012339688584
0000222983120920131703020649340978
0000222993120920131730012837550584
0000223003120920131732012807358588
0000223013120920131734013393325565
0000223023120920131742013086327587
0000223033120920131742020682605209
0000223043120920131755013338027566
0000223053120920131840013371053589
0000223063120920131842013113381583
0000223073120920131844012371191843
0000223083120920131855012638303609
0000223093120920131855013138725421
0000223103120920131856016478362974
0000223113120920131857019023276992
0000223123120920131858012973336580
0000223133120920131900012015168534
0000223143120920131901012399256591
0000223153120920131902012231148805
0000223163120920131903012700519606
0000223173120920131903016142184981
0000223183120920131906016683233986
0000223193120920131907012319553284
0000223203120920131909012449714377
0000223213120920131910012738187600
0000223223120920131911012425050894
0000223233120920131918010746442693
0000223243120920131926017045925520
0000223253120920131927013397847582
0000223263120920131929012339688584
0000223273120920131935012479133062
0000223283130920130605019044050624
0000223293130920130620010322806426
0000223303130920130632013274152624
0000223313130920130637012759614605
0000223323130920130640012537198451
0000223333130920130640013682423817
0000223343130920130640012122586690
0000223353130920130640012601834627
0000223363130920130640015594076275
0000223373130920130642012889931546
0000223383130920130644012659103625
0000223393130920130646012679472561
0000223403130920130646010852462651
0000223413130920130647020715098637
0000223423130920130648013141563623
0000223433130920130650012700017600
0000223443130920130653012479133062
0000223453130920130653013113381583
0000223463130920130653012562331569
0000223473130920130653020701749657
0000223483130920130654012380704173
0000223493130920130654013392460566
0000223503130920130654012712062606
0000223513130920130655017045925520
0000223523130920130655012292819270
0000223533130920130655012552881310
0000223543130920130656011227821381
0000223553130920130656012638303609
0000223563130920130656012413769600
0000223573130920130657013138725421
0000223583130920130657020469759210
0000223593130920130700013391243588
0000223603130920130700012357665485
0000223613130920130701019040250866
0000223623130920130701020466482269
0000223633130920130702021049847484
0000223643130920130702012182635655
0000223653130920130702012524519874
0000223663130920130703017064167733
0000223673130920130703013235792545
0000223683130920130704019023276992
0000223693130920130705012396201338
0000223703130920130706020682605209
0000223713130920130707012970150540
0000223723130920130707020335199075
0000223733130920130709016896979314
0000223743130920130710012873540569
0000223753130920130710013256857549
0000223763130920130712012973336580
0000223773130920130713019022125974
0000223783130920130718019032483318
0000223793130920130718013219359581
0000223803130920130720016478362974
0000223813130920130726020304024613
0000223823130920130728013371053589
0000223833130920130730019031632816
0000223843130920130730012823918568
0000223853130920130739012700519606
0000223863130920130739012807358588
0000223873130920130742012731985560
0000223883130920130743013122081600
0000223893130920130748013338027566
0000223903130920130804013393325565
0000223913130920131658012807358588
0000223923130920131703013393325565
0000223933130920131720020649340978
0000223943130920131740013338027566
0000223953130920131851020130683498
0000223963130920131852020941875665
0000223973130920131853013215357584
0000223983130920131854010840371044
0000223993130920131857019035984016
0000224003130920131858012700017600
0000224013130920131858012759614605
0000224023130920131900012970150540
0000224033130920131900013392460566
0000224043130920131901012525399104
0000224053130920131904020466482269
0000224063130920131904020484709415
0000224073130920131910012490205007
0000224083130920131910020469759210
0000224093130920131911012679472561
0000224103130920131911010852462651
0000224113130920131928012823918568
0000224123130920131937021049847484
0000224133130920132017012732387624
0000224143130920132032020469807193
0000224153130920132142013336711605
0000224163140920130621012712062606
0000224173140920130630019022125974
0000224183140920130639012015168534
0000224193140920130641017040097808
0000224203140920130646010322806426
0000224213140920130647012449714377
0000224223140920130647012490205007
0000224233140920130649012435493101
0000224243140920130649012435493101
0000224253140920130649010290465742
0000224263140920130650012548910239
0000224273140920130650012319553284
0000224283140920130650012283010499
0000224293140920130651012474670663
0000224303140920130654016683233986
0000224313140920130655012231148805
0000224323140920130658013080703625
0000224333140920130658020770230355
0000224343140920130659012357665485
0000224353140920130659012399256591
0000224363140920130700013215357584
0000224373140920130700020469807193
0000224383140920130701016666943245
0000224393140920130702020484709415
0000224403140920130703013086327587
0000224413140920130704020130683498
0000224423140920130704020715098637
0000224433140920130704020941875665
0000224443140920130704013141563623
0000224453140920130705020335199075
0000224463140920130705012809880567
0000224473140920130706012380704173
0000224483140920130708013682423817
0000224493140920130710019035984016
0000224503140920130710010840371044
0000224513140920130712013392460566
0000224523140920130712013122081600
0000224533140920130713012970150540
0000224543140920130714012889931546
0000224553140920130715012601834627
0000224563140920130715012552881310
0000224573140920130716012732387624
0000224583140920130721019017985626
0000224593140920130724020304024613
0000224603140920130725013256857549
0000224613140920130725012413769600
0000224623140920130726013235792545
0000224633140920130727012524519874
0000224643140920130729017064167733
0000224653140920130730012200282127
0000224663140920130735012435237547
0000224673140920130735012659103625
0000224683140920130735016142184981
0000224693140920130738012731985560
0000224703140920130743012339688584
0000224713140920130745012525399104
0000224723140920131012010792519555
0000224733140920131813012917353629
0000224743140920131844020304024613
0000224753140920131845012759614605
0000224763140920131845012738187600
0000224773140920131847012973336580
0000224783140920131851019035984016
0000224793140920131852012700519606
0000224803140920131853013113381583
0000224813140920131854020992624082
0000224823140920131855012319553284
0000224833140920131856019023276992
0000224843140920131858012231148805
0000224853140920131900012015168534
0000224863140920131900016683233986
0000224873140920131902016142184981
0000224883140920131903012449714377
0000224893140920131907012970150540
0000224903140920131948012339688584
0000224913150920130641012759614605
0000224923150920130643012914568543
0000224933150920130643012679472561
0000224943150920130644012396201338
0000224953150920130646012292819270
0000224963150920130647012425050894
0000224973150920130647011227821381
0000224983150920130648012700017600
0000224993150920130650013375736605
0000225003150920130651012905571588
0000225013150920130652012759614605
0000225023150920130654012750146544
0000225033150920130656012193084663
0000225043150920130656012184316883
0000225053150920130657020469807193
0000225063150920130657012537707178
0000225073150920130659012745598548
0000225083150920130701020469759210
0000225093150920130702012435493101
0000225103150920130703013138725421
0000225113150920130704012973336580
0000225123150920130704010290465742
0000225133150920130705012766243587
0000225143150920130707010852462651
0000225153150920130707017040097808
0000225163150920130708013256857549
0000225173150920130709012738187600
0000225183150920130710013396537628
0000225193150920130710019036847489
0000225203150920130710013113381583
0000225213150920130712013307141588
0000225223150920130714012917353629
0000225233150920130714012548910239
0000225243150920130716012700519606
0000225253150920130718013392460566
0000225263150920130719020129957598
0000225273150920130719012809880567
0000225283150920130721012200282127
0000225293150920130721021049847484
0000225303150920130721019040250866
0000225313150920130724016666943245
0000225323150920130724012435237547
0000225333150920130724020770230355
0000225343150920130725020992624082
0000225353150920130725019023276992
0000225363150920130728012743557607
0000225373150920130729014996805273
0000225383150920130732019017985626
0000225393150920130733013080703625
0000225403150920130737012474670663
0000225413150920130738012283010499
0000225423150920130921010792519555
0000225433150920130953019035984016
0000225443150920131844020941875665
0000225453150920131845019008103144
0000225463150920131853020484709415
0000225473150920131853010840371044
0000225483150920131857012700017600
0000225493150920131900010852462651
0000225503150920131901013256857549
0000225513150920131901012759614605
0000225523150920131903020469759210
0000225533150920131904021049847484
0000225543150920131905020130683498
0000225553150920131905020129957598
0000225563150920131906013396537628
0000225573150920131916020120227082
0000225583150920131919012679472561
0000225593150920131919013215357584
0000225603150920131953019035984016
0000225613160920130627013375736605
0000225623160920130631012745598548
0000225633160920130640012015168534
0000225643160920130640016142184981
0000225653160920130644014996805273
0000225663160920130646012474670663
0000225673160920130646011227821381
0000225683160920130647012914568543
0000225693160920130647019044123087
0000225703160920130648012536849750
0000225713160920130648013179726589
0000225723160920130648012231148805
0000225733160920130648012319553284
0000225743160920130648010889012269
0000225753160920130650012449714377
0000225763160920130651019033050806
0000225773160920130651012744228623
0000225783160920130651012537098295
0000225793160920130656012743557607
0000225803160920130657020469807193
0000225813160920130658020129681797
0000225823160920130658012283126489
0000225833160920130659013086327587
0000225843160920130700013215357584
0000225853160920130700012544302234
0000225863160920130700012789752569
0000225873160920130700012399256591
0000225883160920130703013306559546
0000225893160920130704016683233986
0000225903160920130705012524519874
0000225913160920130706020941875665
0000225923160920130706010840371044
0000225933160920130708020130683498
0000225943160920130708013235792545
0000225953160920130708020484709415
0000225963160920130708012396201338
0000225973160920130709012750146544
0000225983160920130709013256857549
0000225993160920130712012193084663
0000226003160920130713012184316883
0000226013160920130718012738187600
0000226023160920130720012766243587
0000226033160920130725020120227082
0000226043160920130725019008103144
0000226053160920130726013336711605
0000226063160920130728012176184620
0000226073160920130732010745439702
0000226083160920130753013338027566
0000226093160920130755012837550584
0000226103160920130758010792519555
0000226113160920130802020649340978
0000226123160920130805012537707178
0000226133160920130805013138725421
0000226143160920130805012292819270
0000226153160920130806012425050894
0000226163160920130806012905571588
0000226173160920130806013393325565
0000226203160920130808012659103625
0000228303160920130812013307141588
0000228313160920130815019039652778
0000228323160920130815012807358588
0000232543160920131638012449714377
0000232573160920131703020649340978
0000232583160920131710013338027566
0000232593160920131711012807358588
0000232603160920131713019019468661
0000232613160920131725012837550584
0000232623160920131725013393325565
0000232633160920131829012538059587
0000232643160920131833012525399104
0000232653160920131834013113381583
0000232663160920131837013256857549
0000232673160920131846019023276992
0000232683160920131854013392460566
0000232693160920131856020992624082
0000232703160920131856012015168534
0000232713160920131856016478362974
0000232723160920131857012399256591
0000232733160920131858010745439702
0000232743160920131901012319553284
0000232753160920131902013086327587
0000232763160920131902020682605209
0000232773160920131902020682605209
0000232783160920131903012700519606
0000232793160920131903016683233986
0000232803160920131906012231148805
0000232813160920131908013235792545
0000232823160920131908013338074580
0000232833160920131908012973336580
0000232843160920131921016142184981
0000232853160920131921012524519874
0000232863160920131923019039652778
0000232873160920131925012474670663
0000232883160920131949012371191843
0000232893160920132003012986407295
0000232903170920130514013336711605
0000232913170920130620012363335726
0000232923170920130635020903798063
0000232933170920130643012679472561
0000232943170920130643020466482269
0000232953170920130643020693378950
0000232963170920130644012023019984
0000232973170920130646012759614605
0000232983170920130646012700017600
0000232993170920130649019028770049
0000233003170920130649012548910239
0000233013170920130649012496933101
0000233023170920130650012587148563
0000233033170920130652012826956568
0000233043170920130652012454198284
0000233053170920130653012357262801
0000233063170920130654020469888185
0000233073170920130656019044123087
0000233083170920130656012544302234
0000233093170920130657012122586690
0000233103170920130657020469759210
0000233113170920130657010889012269
0000233123170920130658017018806044
0000233133170920130659021049847484
0000233143170920130700010852462651
0000233153170920130701013113381583
0000233163170920130703012674734622
0000233173170920130703012744228623
0000233183170920130705019040250866
0000233193170920130707012537198451
0000233203170920130711012789752569
0000233213170920130713012874780628
0000233223170920130713013256857549
0000233233170920130714016478362974
0000233243170920130714012738187600
0000233253170920130714012700519606
0000233263170920130715019033050806
0000233273170920130715012973336580
0000233283170920130715013637405937
0000233293170920130717013179726589
0000233303170920130717020129681797
0000233313170920130717013392460566
0000233323170920130718020992624082
0000233333170920130720012176184620
0000233343170920130721012986407295
0000233353170920130721013306559546
0000233363170920130722012283126489
0000233373170920130726019023276992
0000233383170920130726012339070327
0000233393170920130728020106146682
0000233403170920130729012807358588
0000233413170920130735012525399104
0000233423170920130735013338074580
0000233433170920130737020682605209
0000233443170920130738019044050624
0000233453170920130804013393325565
0000233463170920130811012536849750
0000233473170920130815020649340978
0000233483170920130823013338027566
0000233493170920130828012538059587
0000233503170920130856012339688584
0000233513170920130919019019468661
0000233523170920131123019031632816
0000235633170920131702012807358588
0000235643170920131704012837550584
0000235653170920131706013393325565
0000235663170920131706020649340978
0000235673170920131707019019468661
0000235683170920131844012656999563
0000235693170920131850020130683498
0000235703170920131852012700017600
0000235713170920131854019035984016
0000235723170920131855012490205007
0000235733170920131856012371191843
0000235743170920131859010852462651
0000235753170920131859012122586690
0000235763170920131900021049847484
0000235773170920131901020484709415
0000235783170920131902019008103144
0000235793170920131902012679472561
0000235803170920131910013256857549
0000235813170920131910010840371044
0000235823170920131911020469759210
0000235833170920131913012759614605
0000235843170920131914019040250866
0000235853170920131914020466482269
0000235863170920131928020469807193
0000235873170920131957020941875665
0000235883180920130630020106146682
0000235893180920130630012023019984
0000235903180920130631020693378950
0000235913180920130631012015168534
0000235923180920130632012537198451
0000235933180920130633019031632816
0000235943180920130636016896979314
0000235953180920130640012292819270
0000235963180920130641012656999563
0000235973180920130643020130683498
0000235983180920130644012490205007
0000235993180920130645020701749657
0000236003180920130647016142184981
0000236013180920130649013141563623
0000236023180920130651013296437583
0000236033180920130651016683233986
0000236043180920130651012731985560
0000236053180920130651013219359581
0000236063180920130651013219359581
0000236073180920130653020469807193
0000236083180920130654012231148805
0000236093180920130655013371053589
0000236103180920130657013086327587
0000236113180920130658012496933101
0000236123180920130659012599628549
0000236133180920130659013274152624
0000236143180920130659012399256591
0000236153180920130700012454198284
0000236163180920130700019039736661
0000236173180920130701019044050624
0000236183180920130701012587148563
0000236193180920130701020903798063
0000236203180920130701012738187600
0000236213180920130702010746442693
0000236223180920130702012826956568
0000236233180920130702012562331569
0000236243180920130703013235792545
0000236253180920130705010840371044
0000236263180920130709012357262801
0000236273180920130709020941875665
0000236283180920130709019035984016
0000236293180920130712012874780628
0000236303180920130713020469888185
0000236313180920130716012809880567
0000236323180920130720012363335726
0000236333180920130720019022125974
0000236343180920130720017018806044
0000236353180920130720019008103144
0000236363180920130723012339688584
0000236373180920130724017045925520
0000236383180920130727010632593587
0000236393180920130728013338074580
0000236403180920130733019028770049
0000236413180920130734012674734622
0000236423180920130734013637405937
0000236433180920130734012339070327
0000236443180920130734012339070327
0000236453180920130734012182635655
0000236463180920130742012479133062
0000236473180920130745012837550584
0000236483180920130746013393325565
0000236493180920130749012828178600
0000236503180920130750012807358588
0000236513180920130802020649340978
0000236523180920130814020484709415
0000236533180920130842020129957598
0000236543180920131703012807358588
0000236553180920131713013086327587
0000236563180920131717013393325565
0000236573180920131718012837550584
0000236583180920131820019019468661
0000236593180920131825020649340978
0000236603180920131834012638303609
0000236613180920131840020304024613
0000236623180920131845012973336580
0000236633180920131849013138725421
0000236643180920131850013353190561
0000236653180920131850012700519606
0000236663180920131858012319553284
0000236673180920131858016478362974
0000236683180920131858020682605209
0000236693180920131901012231148805
0000236703180920131901019023276992
0000236713180920131902016683233986
0000236723180920131902012479133062
0000236733180920131907012015168534
0000236743180920131908012738187600
0000236753180920131911013235792545
0000236763180920131913016142184981
0000236773180920131915020129957598
0000236783180920131920020992624082
0000236793180920131951013113381583
0000236803180920132010010746442693
0000236813190920130620013274152624
0000236823190920130623020304024613
0000236833190920130635012601834627
0000236843190920130639012679472561
0000236853190920130639012759614605
0000236863190920130641012659103625
0000236873190920130644012889931546
0000236883190920130645012552881310
0000236893190920130646020466482269
0000236903190920130646019032483318
0000236913190920130646012700017600
0000236923190920130648012380704173
0000236933190920130654020469759210
0000236943190920130654012873540569
0000236953190920130655012638303609
0000236963190920130655012524519874
0000236973190920130655017045925520
0000236983190920130656012562331569
0000236993190920130656010852462651
0000237003190920130656012399256591
0000237013190920130656013113381583
0000237023190920130657021049847484
0000237033190920130657013371053589
0000237043190920130657012357665485
0000237053190920130658011227821381
0000237063190920130659013338074580
0000237073190920130659013296437583
0000237083190920130659012674734622
0000237093190920130700013391243588
0000237103190920130701012700519606
0000237113190920130702020335199075
0000237123190920130703012599628549
0000237133190920130704010632593587
0000237143190920130704019022125974
0000237153190920130704012396201338
0000237163190920130705012809880567
0000237173190920130706012973336580
0000237183190920130706013235792545
0000237193190920130707016896979314
0000237203190920130708013256857549
0000237213190920130708012413769600
0000237223190920130709019040250866
0000237233190920130709015594076275
0000237243190920130709020682605209
0000237253190920130709013138725421
0000237263190920130710020992624082
0000237273190920130710012292819270
0000237283190920130712012371191843
0000237293190920130712012537198451
0000237303190920130713013141563623
0000237313190920130714012339688584
0000237323190920130714012182635655
0000237333190920130715020701749657
0000237343190920130716013397847582
0000237353190920130717019031632816
0000237363190920130717019023276992
0000237373190920130718012712062606
0000237383190920130732019039736661
0000237393190920130735013219359581
0000237403190920130740012807358588
0000237413190920130742013392460566
0000237423190920130744013338027566
0000237433190920130749012731985560
0000237443190920130750016478362974
0000237453190920130802013393325565
0000237463190920130804020649340978
0000237473190920130827012828178600
0000237483190920130850019044050624
0000237493190920131240012809880567
0000237503190920131240012970150540
0000237513190920131654020649340978
0000237523190920131715012807358588
0000237533190920131720013393325565
0000237543190920131839012122586690
0000237553190920131841020941875665
0000237563190920131848019035984016
0000237573190920131848013256857549
0000237583190920131850012371191843
0000237593190920131850020484709415
0000237603190920131850012732387624
0000237613190920131852010840371044
0000237623190920131852012490205007
0000237633190920131853012525399104
0000237643190920131854013215357584
0000237653190920131854010852462651
0000237663190920131854012759614605
0000237673190920131855012700017600
0000237683190920131855012524519874
0000237693190920131858019040250866
0000237703190920131858020130683498
0000237713190920131900021049847484
0000237723190920131901012193084663
0000237733190920131901012679472561
0000237743190920131903020469759210
0000237753190920131904013338027566
0000237763190920131907020466482269
0000237773190920131909020469807193
0000237783190920131909013392460566
0000237793190920131913012712062606
0000237803190920131914013397847582
0000237813190920131919012339688584
0000237823190920131922012479133062
0000237833200920130524012732387624
0000237843200920130532020469807193
0000237853200920130623012537198451
0000237863200920130636012525399104
0000237873200920130639013682423817
0000237883200920130639010290465742
0000237893200920130641019044050624
0000237903200920130642010322806426
0000237913200920130646012319553284
0000237923200920130646012231148805
0000237933200920130646015594076275
0000237943200920130647016142184981
0000237953200920130647012474670663
0000237963200920130648016683233986
0000237973200920130650020715098637
0000237983200920130650012490205007
0000237993200920130650013086327587
0000238003200920130652012917353629
0000238013200920130654012958651543
0000238023200920130656012479133062
0000238033200920130657016666943245
0000238043200920130657012122586690
0000238053200920130657013263223568
0000238063200920130658012380704173
0000238073200920130659020130683498
0000238083200920130659012193084663
0000238093200920130659012399256591
0000238103200920130700013391243588
0000238113200920130700013380280584
0000238123200920130701019035984016
0000238133200920130701012413769600
0000238143200920130703012524519874
0000238153200920130703011227821381
0000238163200920130704012396201338
0000238173200920130704020941875665
0000238183200920130705019017985626
0000238193200920130706013392460566
0000238203200920130706013215357584
0000238213200920130708020484709415
0000238223200920130708012659103625
0000238233200920130709019032483318
0000238243200920130709010840371044
0000238253200920130710012873540569
0000238263200920130712012889931546
0000238273200920130713019022125974
0000238283200920130713019031632816
0000238293200920130715012674734622
0000238303200920130715019040250866
0000238313200920130717012200282127
0000238323200920130717012970150540
0000238333200920130718012357665485
0000238343200920130720013235792545
0000238353200920130720013637405937
0000238363200920130721020770230355
0000238373200920130724012435237547
0000238383200920130730020335199075
0000238393200920130730012601834627
0000238403200920130731012793049427
0000238413200920130731012552881310
0000238423200920130734012823918568
0000238433200920130743012837550584
0000238443200920130745013338027566
0000238453200920130801012807358588
0000238463200920130801013393325565
0000238473200920130814019019468661
0000238483200920130831013122081600
0000238493200920130848020649340978
0000244843200920131259019040250866
0000244853200920131601012807358588
0000244863200920131713013393325565
0000244873200920131753019019468661
0000244883200920131754013121954627
0000244893200920131808013338027566
0000244903200920131850012973336580
0000244913200920131851013086327587
0000244923200920131851020682605209
0000244933200920131857012700519606
0000244943200920131857016478362974
0000244953200920131857012231148805
0000244963200920131900012823918568
0000244973200920131906020992624082
0000244983200920131907016142184981
0000244993200920131907013336711605
0000245003200920131907016683233986
0000245013200920131909012399256591
0000245023200920131918013256857549
0000245033200920131922012874780628
0000245043200920131931012319553284
0000245053200920131942013637405937
0000245063200920131956013113381583
0000245073200920132113019023276992
0000245083210920130638012759614605
0000245093210920130640013122081600
0000245103210920130641010322806426
0000245113210920130642019022125974
0000245123210920130644013080703625
0000245133210920130644012283010499
0000245143210920130645017040097808
0000245153210920130647012914568543
0000245163210920130647019036847489
0000245173210920130647010852462651
0000245183210920130647012435493101
0000245193210920130651012743557607
0000245203210920130651012712062606
0000245213210920130652019033050822
0000245223210920130652012425050894
0000245233210920130654012292819270
0000245243210920130657013113381583
0000245253210920130658012766243587
0000245263210920130659013138725421
0000245273210920130701012122586690
0000245283210920130703012399256591
0000245293210920130704020715098637
0000245303210920130706020992624082
0000245313210920130706012905571588
0000245323210920130707012973336580
0000245333210920130708012700017600
0000245343210920130708013392460566
0000245353210920130708020466482269
0000245363210920130709021049847484
0000245373210920130710010290465742
0000245383210920130710012970150540
0000245393210920130711013375736605
0000245403210920130713016478362974
0000245413210920130713012700519606
0000245423210920130715012537707178
0000245433210920130715016666943245
0000245443210920130715019023276992
0000245453210920130715012435237547
0000245463210920130718013121954627
0000245473210920130720013380280584
0000245483210920130721013256857549
0000245493210920130723013263223568
0000245503210920130725012793049427
0000245513210920130729019040250866
0000245523210920130730012524519874
0000245533210920130731013682423817
0000245543210920130731012874780628
0000245553210920130735019017985626
0000245563210920130741012319553284
0000245573210920130743013336711605
0000245583210920130744012917353629
0000245593210920130745012958651543
0000245603210920130745012474670663
0000245613210920130746012200282127
0000245623210920130746020682605209
0000245633210920130850013307141588
0000245643210920131005010792519555
0000251893210920131154012339688584
0000251903210920131741012914568543
0000251913210920131802012674734622
0000251923210920131848019008103144
0000251933210920131848020484709415
0000251943210920131849010840371044
0000251953210920131851012700017600
0000251963210920131852013336711605
0000251973210920131852012679472561
0000251983210920131855012759614605
0000251993210920131855012413769600
0000252003210920131855013256857549
0000252013210920131855020130683498
0000252023210920131856010852462651
0000252033210920131859019035984016
0000252043210920131900012319553284
0000252053210920131903012399256591
0000252063210920131905012712062606
0000252073210920131907020469807193
0000252083210920131914012537707178
0000252093210920131914012339688584
0000252103210920131926010632593587
0000252113210920132051020466482269
0000252123220920130638013121511547
0000252133220920130645012538059587
0000252143220920130646019033050806
0000252153220920130646012750146544
0000252163220920130648012536849750
0000252173220920130648012449714377
0000252183220920130649012319553284
0000252193220920130651016683233986
0000252203220920130651012015168534
0000252213220920130652012986407295
0000252223220920130652012537098295
0000252233220920130653013392460566
0000252243220920130653013306559546
0000252253220920130654019044123087
0000252263220920130655012231148805
0000252273220920130655013095330609
0000252283220920130657013179726589
0000252293220920130657013371053589
0000252303220920130657020682605209
0000252313220920130658012525399104
0000252323220920130700012435493101
0000252333220920130700012425050894
0000252343220920130700012743557607
0000252353220920130701012905571588
0000252363220920130701012766243587
0000252373220920130702012184316883
0000252383220920130702020484709415
0000252393220920130702017064167733
0000252403220920130703021049847484
0000252413220920130703013080703625
0000252423220920130704012283010499
0000252433220920130704020469807193
0000252443220920130704012679472561
0000252453220920130705019033050822
0000252463220920130705020130683498
0000252473220920130707016142184981
0000252483220920130708010840371044
0000252493220920130709010632593587
0000252503220920130709012679472561
0000252513220920130709012544302234
0000252523220920130712019035984016
0000252533220920130713017040097808
0000252543220920130713013307141588
0000252553220920130714012638303609
0000252563220920130715012970150540
0000252573220920130717019008103144
0000252583220920130718012292819270
0000252593220920130718013138725421
0000252603220920130718012283126489
0000252613220920130720013256857549
0000252623220920130721012413769600
0000252633220920130721012674734622
0000252643220920130723013396537628
0000252653220920130725019036847489
0000252663220920130727012182412362
0000252673220920130728013375736605
0000252683220920130754014996805273
0000252693220920131846020992624082
0000252703220920131849012973336580
0000252713220920131855016478362974
0000252723220920131855013086327587
0000252733220920131856013371053589
0000252743220920131900012738187600
0000252753220920131902012015168534
0000252763220920131902012679472561
0000252773220920131903012231148805
0000252783220920131903012449714377
0000252793220920131906016142184981
0000252803220920131908012700519606
0000252813220920131911016683233986
0000252823220920131912012638303609
0000252833220920131914012319553284
0000252843220920131917013396537628
0000252853220920131920020682605209
0000252863220920131942013113381583
0000252873220920132129020120227082
0000252883230920130606020120227082
0000252893230920130624012363335726
0000252903230920130628020903798063
0000252913230920130638012744228623
0000252923230920130639012759614605
0000252933230920130640010889012269
0000252943230920130641020693378950
0000252953230920130643020466482269
0000252963230920130644012023019984
0000252973230920130646013121511547
0000252983230920130649012986407295
0000252993230920130651012544302234
0000253003230920130652012587148563
0000253013230920130652012548910239
0000253023230920130653019028770049
0000253033230920130654012826956568
0000253043230920130655020129681797
0000253053230920130655012744228623
0000253063230920130656012973336580
0000253073230920130656012973336580
0000253083230920130656016478362974
0000253093230920130659012789752569
0000253103230920130700013392460566
0000253113230920130700013095330609
0000253123230920130700017064167733
0000253133230920130701012525399104
0000253143230920130702013256857549
0000253153230920130702012413769600
0000253163230920130702013113381583
0000253173230920130703012750146544
0000253183230920130704013306559546
0000253193230920130707014996805273
0000253203230920130707014996805273
0000253213230920130707012738187600
0000253223230920130708012536849750
0000253233230920130708020992624082
0000253243230920130710012537098295
0000253253230920130711019044123087
0000253263230920130712012700519606
0000253273230920130712019033050806
0000253283230920130713012283126489
0000253293230920130714012674734622
0000253303230920130714013179726589
0000253313230920130714012184316883
0000253323230920130717021049847484
0000253333230920130719020469759210
0000253343230920130723019040250866
0000253353230920130724012538059587
0000253363230920130724013086327587
0000253373230920130726013637405937
0000253383230920130728012454198284
0000253393230920130739012807358588
0000253403230920130741012339070327
0000253413230920130741012339070327
0000253423230920130742012874780628
0000253433230920130744012176184620
0000253443230920130750013336711605
0000253453230920130753010745439702
0000253463230920130757013338027566
0000253473230920130800013393325565
0000253483230920130817020649340978
0000253493230920130828019039652778
0000253503230920130829012182412362
0000253513230920131700013393325565
0000253523230920131716012807358588
0000253533230920131718020649340978
0000253543230920131755012656999563
0000253553230920131806013256857549
0000253563230920131808013338027566
0000253573230920131838012496933101
0000253583230920131838020941875665
0000253593230920131843020484709415
0000253603230920131844020466482269
0000253613230920131845012490205007
0000253623230920131847010840371044
0000253633230920131848013215357584
0000253643230920131856012973336580
0000253653230920131856019035984016
0000253663230920131857010745439702
0000253673230920131858012413769600
0000253683230920131900012679472561
0000253693230920131902020469759210
0000253703230920131903013338074580
0000253713230920131904012122586690
0000253723230920131909019008103144
0000253733230920131911020130683498
0000253743230920131912019040250866
0000253753230920131913021049847484
0000253763230920131926012371191843
0000253773240920130637013298488568
0000253783240920130643012656999563
0000253793240920130645020130683498
0000253803240920130646020466482269
0000253813240920130647012292819270
0000253823240920130648016142184981
0000253833240920130649012231148805
0000253843240920130649020469888185
0000253853240920130649012357262801
0000253863240920130649013274152624
0000253873240920130649012490205007
0000253883240920130650017045925520
0000253893240920130654012496933101
0000253903240920130654012454198284
0000253913240920130655012454198284
0000253923240920130655016683233986
0000253933240920130655020701749657
0000253943240920130656012023019984
0000253953240920130658012122586690
0000253963240920130700012789752569
0000253973240920130700010889012269
0000253983240920130702017018806044
0000253993240920130702013371053589
0000254003240920130702012809880567
0000254013240920130702013086327587
0000254023240920130702012744228623
0000254033240920130703012731985560
0000254043240920130703013215357584
0000254053240920130705012399256591
0000254063240920130707012562331569
0000254073240920130708020484709415
0000254083240920130708012537198451
0000254093240920130708010746442693
0000254103240920130709020903798063
0000254113240920130711010840371044
0000254123240920130711012738187600
0000254133240920130713020304024613
0000254143240920130714020106146682
0000254153240920130716012826956568
0000254163240920130716012015168534
0000254173240920130716020693378950
0000254183240920130716020129681797
0000254193240920130716012587148563
0000254203240920130717019028770049
0000254213240920130717012548910239
0000254223240920130718012363335726
0000254233240920130720019008103144
0000254243240920130720020941875665
0000254253240920130721013637405937
0000254263240920130721012874780628
0000254273240920130724012674734622
0000254283240920130726019031632816
0000254293240920130728019035984016
0000254303240920130741012807358588
0000254313240920130752013336711605
0000254323240920130754013393325565
0000254333240920130757013338027566
0000254343240920130808013338074580
0000254353240920130811012339070327
0000254363240920130812012176184620
0000254373240920130827019019468661
0000254383240920130909020649340978
0000254393240920131152019044050624
0000254403240920131507012339688584
0000254413240920131706013086327587
0000254423240920131715019019468661
0000254433240920131718013393325565
0000254443240920131720012807358588
0000254453240920131805019039652778
0000254463240920131811013338027566
0000254473240920131830012371191843
0000254483240920131833013113381583
0000254493240920131835012122586690
0000254503240920131835012638303609
0000254513240920131843012973336580
0000254523240920131843012449714377
0000254533240920131848012700519606
0000254543240920131850020682605209
0000254553240920131859012399256591
0000254563240920131900016683233986
0000254573240920131901020466482269
0000254583240920131903012015168534
0000254593240920131905016142184981
0000254603240920131905012738187600
0000254613240920131906019036847489
0000254623240920131911012231148805
0000254633240920131916016896979314
0000254643240920131920020304024613
0000254653240920131929020649340978
0000254663250920130615019044050624
0000254673250920130625013274152624
0000254683250920130631020106146682
0000254693250920130632013113381583
0000254703250920130634012537198451
0000254713250920130641012759614605
0000254723250920130642012319553284
0000254733250920130643012889931546
0000254743250920130645012638303609
0000254753250920130645021049847484
0000254763250920130648010852462651
0000254773250920130649012700017600
0000254783250920130649017045925520
0000254793250920130650012562331569
0000254803250920130650012122586690
0000254813250920130651012712062606
0000254823250920130653012552881310
0000254833250920130653013371053589
0000254843250920130653012292819270
0000254853250920130654012599628549
0000254863250920130655013296437583
0000254873250920130656012679472561
0000254883250920130656012809880567
0000254893250920130657013235792545
0000254903250920130658019032483318
0000254913250920130701020701749657
0000254923250920130701019040250866
0000254933250920130702013141563623
0000254943250920130702012809880567
0000254953250920130702012524519874
0000254963250920130703012449714377
0000254973250920130703012413769600
0000254983250920130704012738187600
0000254993250920130705010746442693
0000255003250920130709020469888185
0000255013250920130709013298488568
0000255023250920130709012674734622
0000255033250920130711012357262801
0000255043250920130713019031632816
0000255053250920130718012973336580
0000255063250920130719020335199075
0000255073250920130719013637405937
0000255083250920130719020129957598
0000255093250920130720012339688584
0000255103250920130721017018806044
0000255113250920130722012700519606
0000255123250920130722016896979314
0000255133250920130723012731985560
0000255143250920130725013256857549
0000255153250920130727013338074580
0000255163250920130735012479133062
0000255173250920130738012807358588
0000255183250920130744012828178600
0000255193250920130749013393325565
0000255203250920130752020649340978
0000255213250920130752019036847489
0000255223250920130754020682605209
0000255233250920130801013338027566
0000255243250920130859012357665485
0000255253250920131001010632593587
0000255263250920131001010632593587
0000255273250920131150013122081600
0000255283250920131237012809880567
0000255293250920131237012970150540
0000255303250920131700019040250866
0000255313250920131705020649340978
0000255323250920131706012807358588
0000255333250920131710013393325565
0000255343250920131746013338027566
0000255353250920131829012525399104
0000255363250920131843020484709415
0000255373250920131844012601834627
0000255383250920131850020941875665
0000255393250920131850013215357584
0000255403250920131851010840371044
0000255413250920131852012490205007
0000255423250920131853013256857549
0000255433250920131854012524519874
0000255443250920131854012826956568
0000255453250920131857013392460566
0000255463250920131900012700017600
0000255473250920131900012759614605
0000255483250920131901019035984016
0000255493250920131902013353190561
0000255503250920131904010852462651
0000255513250920131906012679472561
0000255523250920131906021049847484
0000255533250920131909013637405937
0000255543250920131917012766243587
0000255553250920131918020130683498
0000255563250920131921013122081600
0000255573250920131921020129957598
0000255583250920131921012479133062
0000255593250920131928020335199075
0000255603260920130620012970150540
0000255613260920130624012601834627
0000255623260920130642012490205007
0000255633260920130644020466482269
0000255643260920130644012474670663
0000255653260920130645012396201338
0000255663260920130645012712062606
0000255673260920130647016142184981
0000255683260920130648012231148805
0000255693260920130650010290465742
0000255703260920130650012917353629
0000255713260920130653012958651543
0000255723260920130655013392460566
0000255733260920130656012015168534
0000255743260920130656013086327587
0000255753260920130658012873540569
0000255763260920130658012809880567
0000255773260920130658012599628549
0000255783260920130658012200282127
0000255793260920130659016683233986
0000255803260920130700020484709415
0000255813260920130700013391243588
0000255823260920130700017064167733
0000255833260920130701012826956568
0000255843260920130701013296437583
0000255853260920130703013338074580
0000255863260920130704010632593587
0000255873260920130705015594076275
0000255883260920130706019017985626
0000255893260920130706013215357584
0000255903260920130706016666943245
0000255913260920130709020130683498
0000255923260920130710010840371044
0000255933260920130710019035984016
0000255943260920130711012122586690
0000255953260920130712013141563623
0000255963260920130714012537198451
0000255973260920130714020941875665
0000255983260920130716019031632816
0000255993260920130718012357665485
0000256003260920130719012413769600
0000256013260920130720012674734622
0000256023260920130720012193084663
0000256033260920130720012435237547
0000256043260920130721019032483318
0000256053260920130723012399256591
0000256063260920130723013637405937
0000256073260920130723013397847582
0000256083260920130723012889931546
0000256093260920130726012793049427
0000256103260920130727012371191843
0000256113260920130729013235792545
0000256123260920130737012807358588
0000256133260920130742012525399104
0000256143260920130743020649340978
0000256153260920130743012552881310
0000256163260920130746019044050624
0000256173260920130756013393325565
0000256183260920130813012339688584
0000256193260920130816013338027566
0000256203260920130831012828178600
0000256213260920130920012738187600
0000256223260920131049019019468661
0000256233260920131655012807358588
0000256243260920131702013086327587
0000256253260920131722013338027566
0000256263260920131731013393325565
0000256273260920131755019019468661
0000256283260920131816012745598548
0000256293260920131844012973336580
0000256303260920131850012449714377
0000256313260920131850020469759210
0000256323260920131850013113381583
0000256333260920131851012122586690
0000256343260920131852020682605209
0000256353260920131900012015168534
0000256363260920131901012371191843
0000256373260920131901016683233986
0000256383260920131901016142184981
0000256393260920131902020649340978
0000256403260920131904020466482269
0000256413260920131906012700519606
0000256423260920131906012231148805
0000256433260920131907012399256591
0000256443260920131911013397847582
0000256453260920131921013637405937
0000256463260920131924012339688584
0000256473260920131924012479133062
0000256483260920132202012745598548
0000256493270920130611020715098637
0000256503270920130612019044050624
0000256513270920130631012015168534
0000256523270920130639013113381583
0000256533270920130640012759614605
0000256543270920130641012743557607
0000256553270920130642015594076275
0000256563270920130642012479133062
0000256573270920130643012537198451
0000256583270920130643013682423817
0000256593270920130645012537707178
0000256603270920130645021049847484
0000256613270920130646012425050894
0000256623270920130648012122586690
0000256633270920130649012193084663
0000256643270920130651010322806426
0000256653270920130651012292819270
0000256663270920130653013263223568
0000256673270920130653012319553284
0000256683270920130655019033050822
0000256693270920130656013375736605
0000256703270920130658013235792545
0000256713270920130659012700017600
0000256723270920130659013380280584
0000256733270920130659019036847489
0000256743270920130700012809880567
0000256753270920130700013391243588
0000256763270920130701019040250866
0000256773270920130701012396201338
0000256783270920130702012449714377
0000256793270920130702020469759210
0000256803270920130703010852462651
0000256813270920130704013121954627
0000256823270920130704012873540569
0000256833270920130708012745598548
0000256843270920130708012973336580
0000256853270920130709017064167733
0000256863270920130709012700519606
0000256873270920130711019031632816
0000256883270920130711020682605209
0000256893270920130712012738187600
0000256903270920130713012674734622
0000256913270920130717019017985626
0000256923270920130721012200282127
0000256933270920130722012793049427
0000256943270920130724010290465742
0000256953270920130727014996805273
0000256963270920130728012958651543
0000256973270920130729013392460566
0000256983270920130729012917353629
0000256993270920130730012905571588
0000257003270920130730012474670663
0000257013270920130732016666943245
0000257023270920130732012435237547
0000257033270920130737012823918568
0000257043270920130753013393325565
0000257053270920130756020649340978
0000257063270920130757013338027566
