0000161793310720131707012807358588
0000161803310720131715020649340978
0000161813310720131723012837550584
0000161823310720131730013338027566
0000161833310720131815013215357584
0000161843310720131815020941875665
0000161853310720131837012449714377
0000161863310720131842013338074580
0000161873310720131845010840371044
0000161883310720131847012700017600
0000161893310720131857021049847484
0000161903310720131859010852462651
0000161913310720131902020466482269
0000161923310720131902020469759210
0000161933310720131903012759614605
0000161943310720131904013301860604
0000161953310720131906012679472561
0000161963310720131910020130683498
0000161973310720131915020129957598
0000161983310720131929020469807193
0000161993310720131947020682605209
0000162003310720131959019040250866
0000162013010820130615012587148563
0000162023010820130625012319553284
0000162033010820130626017045925520
0000162043010820130633013393325565
0000162053010820130634012809880567
0000162063010820130636012396201338
0000162073010820130639016683233986
0000162083010820130641012731985560
0000162093010820130642012292819270
0000162103010820130643016142184981
0000162113010820130644012750146544
0000162123010820130645016896979314
0000162133010820130646013307141588
0000162143010820130646012231148805
0000162153010820130648012656999563
0000162163010820130649012496933101
0000162173010820130649011227821381
0000162183010820130652012182635655
0000162193010820130652020944806842
0000162203010820130653012873540569
0000162213010820130655019031632816
0000162223010820130656020903798063
0000162233010820130656013086327587
0000162243010820130656012015168534
0000162253010820130656012399256591
0000162263010820130658012023019984
0000162273010820130700012449714377
0000162283010820130700013296437583
0000162293010820130701012599628549
0000162303010820130701012562331569
0000162313010820130702016869134112
0000162323010820130703020469807193
0000162333010820130703013215357584
0000162343010820130704013219359581
0000162353010820130704020941875665
0000162363010820130705015594076275
0000162373010820130706012828178600
0000162383010820130708012548910239
0000162393010820130708012638303609
0000162403010820130710010840371044
0000162413010820130710019008103144
0000162423010820130711020130683498
0000162433010820130711012826956568
0000162443010820130711012339070327
0000162453010820130712010632593587
0000162463010820130713019028770049
0000162473010820130713012454198284
0000162483010820130713013141563623
0000162493010820130713013298488568
0000162503010820130715013256857549
0000162513010820130715020682605209
0000162523010820130718019022125974
0000162533010820130719012371191843
0000162543010820130719019039736661
0000162553010820130725012807358588
0000162563010820130726013274152624
0000162573010820130727020304024613
0000162583010820130728013397847582
0000162593010820130730010055668914
0000162603010820130737013637405937
0000162613010820130737012363335726
0000162623010820130747012339688584
0000162633010820130809012168241238
0000162643010820130811020649340978
0000162653010820130812013338027566
0000162663010820130814013182604561
0000162673010820131039019044050624
0000162683010820131629013182604561
0000162693010820131741020649340978
0000162703010820131741020649340978
0000162713010820131741013338027566
0000162723010820131819019023276992
0000162733010820131824012973336580
0000162743010820131834013113381583
0000162753010820131835016478362974
0000162763010820131839012371191843
0000162773010820131843016142184981
0000162783010820131847012700519606
0000162793010820131852012231148805
0000162803010820131857020335199075
0000162813010820131859020992624082
0000162823010820131900012319553284
0000162833010820131900012015168534
0000162843010820131901012399256591
0000162853010820131901020682605209
0000162863010820131904013086327587
0000162873010820131912016683233986
0000162883010820131918020944806842
0000162893010820131922013393325565
0000162903010820131930013397847582
0000162913010820131932012479133062
0000162923010820131936012339688584
0000162933020820130655019040250866
0000162943020820130655013113381583
0000162953020820130658020992624082
0000162963020820130659012638303609
0000162973020820130700013219359581
0000162983020820130700012562331569
0000162993020820130700012396201338
0000163003020820130701019036847489
0000163013020820130702011227821381
0000163023020820130702012973336580
0000163033020820130702015594076275
0000163043020820130702019031632816
0000163053020820130702012122586690
0000163063020820130703012873540569
0000163073020820130704012182635655
0000163083020820130704012524519874
0000163093020820130705010055668914
0000163103020820130706013298488568
0000163113020820130706012674734622
0000163123020820130707019032483318
0000163133020820130708012809880567
0000163143020820130710020682605209
0000163153020820130711013307141588
0000163163020820130712016869134112
0000163173020820130712012823918568
0000163183020820130713012731985560
0000163193020820130714016896979314
0000163203020820130714016478362974
0000163213020820130717020304024613
0000163223020820130717012700519606
0000163233020820130720020335199075
0000163243020820130720020335199075
0000163253020820130720012750146544
0000163263020820130721012807358588
0000163273020820130721020715098637
0000163283020820130722019023276992
0000163293020820130723012759614605
0000163303020820130724013338027566
0000163313020820130724020466482269
0000163323020820130724013263223568
0000163333020820130725012679472561
0000163343020820130725013682423817
0000163353020820130725013256857549
0000163363020820130729019022125974
0000163373020820130741013122081600
0000163383020820130745012015168534
0000163393020820130806020649340978
0000163403020820130830013182604561
0000163413020820131617012807358588
0000163423020820131717020649340978
0000163433020820131745013338027566
0000163443020820131839012973336580
0000163453020820131856012490205007
0000163463020820131856012524519874
0000163473020820131859019035984016
0000163483020820131900012823918568
0000163493020820131900012479133062
0000163503020820131905010852462651
0000163513020820131907019040250866
0000163523020820131915021049847484
0000163533020820131915020130683498
0000163543020820131916012015168534
0000163553020820131920013307141588
0000163563020820131923012758378541
0000163573020820131936012679472561
0000163583020820131936020469807193
0000163593020820131936012449714377
0000163603020820131937020466482269
0000163613020820131938010840371044
0000163623020820131946013393325565
0000163633020820131947012759614605
0000163643020820131951020335199075
0000163653020820131955013256857549
0000163663020820132003019039736661
0000163673030820130607017040097808
0000163683030820130610012015168534
0000163693030820130620012712062606
0000163703030820130630016683233986
0000163713030820130631010290465742
0000163723030820130637012231148805
0000163733030820130640012809880567
0000163743030820130640010322806426
0000163753030820130641012758378541
0000163763030820130647020944806842
0000163773030820130650020701749657
0000163783030820130652013080703625
0000163793030820130652012283010499
0000163803030820130654019017985626
0000163813030820130657012435493101
0000163823030820130659012490205007
0000163833030820130700012380704173
0000163843030820130701020469807193
0000163853030820130702013380280584
0000163863030820130703012973336580
0000163873030820130703012738187600
0000163883030820130703012474670663
0000163893030820130703016666943245
0000163903030820130704012659103625
0000163913030820130704012449714377
0000163923030820130704020715098637
0000163933030820130707011982791335
0000163943030820130709013256857549
0000163953030820130710012319553284
0000163963030820130710013086327587
0000163973030820130710019035984016
0000163983030820130711010840371044
0000163993030820130713019036847489
0000164003030820130716020130683498
0000164013030820130722019032483318
0000164023030820130722016142184981
0000164033030820130722012435237547
0000164043030820130722013682423817
0000164053030820130723012413769600
0000164063030820130724013122081600
0000164073030820130725012122586690
0000164083030820130725012288507804
0000164093030820130729013307141588
0000164103030820130729013393325565
0000164113030820130730012674734622
0000164123030820130743012193084663
0000164133030820130743019039736661
0000164143030820130743013263223568
0000164153030820130751019022125974
0000164163030820131031012807358588
0000164173030820131122012292819270
0000164183030820131331012807358588
0000164193030820131740012973336580
0000164203030820131807019028770049
0000164213030820131835012548910239
0000164223030820131844012700519606
0000164233030820131848013256857549
0000164243030820131851013113381583
0000164253030820131855020682605209
0000164263030820131857020992624082
0000164273030820131900016683233986
0000164283030820131901013086327587
0000164293030820131903012319553284
0000164303030820131904012231148805
0000164313030820131916019023276992
0000164323030820131920016142184981
0000164333030820131920016478362974
0000164343030820131923012015168534
0000164353030820131925020944806842
0000164363030820131930010632593587
0000164373040820130636012744228623
0000164383040820130638012396201338
0000164393040820130641012759614605
0000164403040820130644011982791335
0000164413040820130644012425050894
0000164423040820130645012674734622
0000164433040820130645010852462651
0000164443040820130647012873540569
0000164453040820130650020466482269
0000164463040820130655012745598548
0000164473040820130655012905571588
0000164483040820130655012679472561
0000164493040820130656012413769600
0000164503040820130658020701749657
0000164513040820130701017064167733
0000164523040820130701019017985626
0000164533040820130702010290465742
0000164543040820130703010632593587
0000164553040820130703013113381583
0000164563040820130704017040097808
0000164573040820130705012638303609
0000164583040820130705012758378541
0000164593040820130705012809880567
0000164603040820130705012474670663
0000164613040820130706013307141588
0000164623040820130707019023276992
0000164633040820130708012435493101
0000164643040820130708020992624082
0000164653040820130708012973336580
0000164663040820130710013256857549
0000164673040820130712019040250866
0000164683040820130712013637405937
0000164693040820130714012292819270
0000164703040820130717016666943245
0000164713040820130717012700519606
0000164723040820130718012524519874
0000164733040820130718012435237547
0000164743040820130718012524519874
0000164753040820130718012548910239
0000164763040820130720016478362974
0000164773040820130722012182412362
0000164783040820130728020682605209
0000164793040820130729012738187600
0000164803040820130737021049847484
0000164813040820130737021049847484
0000164823040820130744013080703625
0000164833040820130745020129957598
0000164843040820130746012283010499
0000164853040820130846013307141588
0000164863040820131215013375736605
0000164873040820131323013182604561
0000164883040820131446012889931546
0000164893040820131501019028770049
0000164903040820131719020304024613
0000164913040820131740012674734622
0000164923040820131804012973336580
0000164933040820131831012288507804
0000164943040820131837012449714377
0000164953040820131847012193084663
0000164963040820131848012490205007
0000164973040820131856012292819270
0000164983040820131858010852462651
0000164993040820131858021049847484
0000165003040820131900012743557607
0000165013040820131900019035984016
0000165023040820131901014996805273
0000165033040820131902010840371044
0000165043040820131902019040250866
0000165053040820131904020469807193
0000165063040820131908012758378541
0000165073040820131911012679472561
0000165083040820131912020466482269
0000165093040820131914020120227082
0000165103040820131914012759614605
0000165113040820131920020130683498
0000165123040820131925012413769600
0000165133050820130623020120227082
0000165143050820130625012015168534
0000165153050820130629014996805273
0000165163050820130631016683233986
0000165173050820130632012319553284
0000165183050820130636012288507804
0000165193050820130637020944806842
0000165203050820130641016142184981
0000165213050820130644010889012269
0000165223050820130645012537098295
0000165233050820130645012750146544
0000165243050820130651012490205007
0000165253050820130652013086327587
0000165263050820130655012283126489
0000165273050820130658012789752569
0000165283050820130659019033050806
0000165293050820130659012231148805
0000165303050820130700012449714377
0000165313050820130700012744228623
0000165323050820130701012399256591
0000165333050820130701020130683498
0000165343050820130702019035984016
0000165353050820130702019036847489
0000165363050820130702012544302234
0000165373050820130704013256857549
0000165383050820130705012738187600
0000165393050820130707012396201338
0000165403050820130708010840371044
0000165413050820130708012986407295
0000165423050820130710013306559546
0000165433050820130710020469807193
0000165443050820130711012873540569
0000165453050820130714012970150540
0000165463050820130715013274152624
0000165473050820130719012292819270
0000165483050820130719019044123087
0000165493050820130721017064167733
0000165503050820130721012973336580
0000165513050820130723012889931546
0000165523050820130723012743557607
0000165533050820130725013375736605
0000165543050820130728012425050894
0000165553050820130728020304024613
0000165563050820130730020129957598
0000165573050820130733012745598548
0000165583050820130735010745439702
0000165593050820130737013179726589
0000165603050820130739012182412362
0000165613050820130742012905571588
0000165623050820130743012176184620
0000165633050820130744012807358588
0000165643050820130746013336711605
0000165653050820130749012758378541
0000165663050820130752020129681797
0000165673050820130754019039652778
0000165683050820130757012193084663
0000165693050820130804013338027566
0000165703050820130804013182604561
0000165713050820130809020649340978
0000165723050820130815012168241238
0000165733050820130816013637405937
0000165743050820131716013338027566
0000165753050820131722012807358588
0000165763050820131729013182604561
0000165773050820131818012973336580
0000165783050820131826020992624082
0000165793050820131849013219359581
0000165803050820131852012700519606
0000165813050820131854019023276992
0000165823050820131856016142184981
0000165833050820131856012537198451
0000165843050820131858010745439702
0000165853050820131858013113381583
0000165863050820131900012231148805
0000165873050820131902016683233986
0000165883050820131902020944806842
0000165893050820131902019036847489
0000165903050820131903012319553284
0000165913050820131904012399256591
0000165923050820131905012537198451
0000165933050820131905016478362974
0000165943050820131906012537198451
0000165953050820131916012371191843
0000165963050820131919013256857549
0000165973050820131931020682605209
0000165983050820131932012809880567
0000165993050820131932012015168534
0000166003060820130451013336711605
0000166013060820130556012363335726
0000166023060820130604012679472561
0000166033060820130618012587148563
0000166043060820130632021049847484
0000166053060820130633012826956568
0000166063060820130633012548910239
0000166073060820130633012357262801
0000166083060820130638019028770049
0000166093060820130641012524519874
0000166103060820130643012015168534
0000166113060820130645012759614605
0000166123060820130645020469888185
0000166133060820130646010852462651
0000166143060820130646020466482269
0000166153060820130653013113381583
0000166163060820130653012874780628
0000166173060820130654012656999563
0000166183060820130654012496933101
0000166193060820130659017018806044
0000166203060820130700013219359581
0000166213060820130702019040250866
0000166223060820130702012986407295
0000166233060820130702012758378541
0000166243060820130704012789752569
0000166253060820130705019044123087
0000166263060820130708010889012269
0000166273060820130710020682605209
0000166283060820130710012973336580
0000166293060820130711012674734622
0000166303060820130713012809880567
0000166313060820130714013179726589
0000166323060820130714016478362974
0000166333060820130715012700519606
0000166343060820130716012544302234
0000166353060820130717012807358588
0000166363060820130717020106146682
0000166373060820130718012970150540
0000166383060820130718013306559546
0000166393060820130718019033050806
0000166403060820130719012537098295
0000166413060820130722020992624082
0000166423060820130724019023276992
0000166433060820130725012283126489
0000166443060820130729019031632816
0000166453060820130730020129681797
0000166463060820130730013637405937
0000166473060820130735019044050624
0000166483060820130736012750146544
0000166493060820130737020649340978
0000166503060820130748012176184620
0000166513060820130749012339688584
0000166523060820130803012339070327
0000166533060820130820012168241238
0000166543060820130823019039652778
0000166553060820130827013338027566
0000166563060820130837012738187600
0000166573060820130958010655549258
0000166583060820130958010655549258
0000166593060820131351013182604561
0000166603060820131554012807358588
0000166613060820131701013338027566
0000166623060820131704012168241238
0000166633060820131724020649340978
0000166643060820131753019039652778
0000166653060820131807012973336580
0000166663060820131844012490205007
0000166673060820131850012371191843
0000166683060820131854010840371044
0000166693060820131856021049847484
0000166703060820131859012449714377
0000166713060820131902012738187600
0000166723060820131903020130683498
0000166733060820131904012679472561
0000166743060820131905019008103144
0000166753060820131907020466482269
0000166763060820131907012759614605
0000166773060820131907010852462651
0000166783060820131908019035984016
0000166793060820131910012015168534
0000166803060820131910013256857549
0000166813060820131915020469807193
0000166823060820131921012548910239
0000166833070820130617012587148563
0000166843070820130622017045925520
0000166853070820130623012015168534
0000166863070820130630012292819270
0000166873070820130630012319553284
0000166883070820130636020106146682
0000166893070820130637013296437583
0000166903070820130639016683233986
0000166913070820130639012731985560
0000166923070820130641020944806842
0000166933070820130642012537198451
0000166943070820130645013141563623
0000166953070820130647012231148805
0000166963070820130647016142184981
0000166973070820130648013393325565
0000166983070820130648016896979314
0000166993070820130649012490205007
0000167003070820130652013086327587
0000167013070820130653020130683498
0000167023070820130654012496933101
0000167033070820130655013219359581
0000167043070820130657012826956568
0000167053070820130657019039736661
0000167063070820130700019035984016
0000167073070820130701012809880567
0000167083070820130702012449714377
0000167093070820130704020469807193
0000167103070820130704019008103144
0000167113070820130704012656999563
0000167123070820130705013307141588
0000167133070820130705012562331569
0000167143070820130706020304024613
0000167153070820130707012399256591
0000167163070820130708019031632816
0000167173070820130708019044050624
0000167183070820130709010840371044
0000167193070820130714017018806044
0000167203070820130714012973336580
0000167213070820130716012474670663
0000167223070820130716012638303609
0000167233070820130717012738187600
0000167243070820130717012357262801
0000167253070820130721020469888185
0000167263070820130722012339688584
0000167273070820130722012674734622
0000167283070820130729013338074580
0000167293070820130729013274152624
0000167303070820130730010632593587
0000167313070820130732012182635655
0000167323070820130733012874780628
0000167333070820130734012524519874
0000167343070820130735020129957598
0000167353070820130738012828178600
0000167363070820130745013298488568
0000167373070820130748020649340978
0000167383070820130749019022125974
0000167393070820130752017064167733
0000167403070820130754010655549258
0000167413070820130755013637405937
0000167423070820130755019028770049
0000167433070820130755012363335726
0000167443070820130800012339070327
0000167453070820130801012807358588
0000167463070820130801012479133062
0000167473070820130806013338027566
0000167483070820130959013301860604
0000167493070820131734013338027566
0000167503070820131800013086327587
0000167513070820131806019023276992
0000167523070820131811020992624082
0000167533070820131813012973336580
0000167543070820131840013393325565
0000167553070820131848012700519606
0000167563070820131849016478362974
0000167573070820131850012122586690
0000167583070820131900012319553284
0000167593070820131900016683233986
0000167603070820131901019036847489
0000167613070820131904013301860604
0000167623070820131907012231148805
0000167633070820131908020129957598
0000167643070820131909020944806842
0000167653070820131909012399256591
0000167663070820131912020682605209
0000167673070820131912013307141588
0000167683070820131920012479133062
0000167693070820131921012015168534
0000167703070820131933013353190561
0000167713070820131934020649340978
0000167723070820131950013113381583
0000167733080820130526019039736661
0000167743080820130553012731985560
0000167753080820130623012750146544
0000167763080820130629012413769600
0000167773080820130631012396201338
0000167783080820130632012380704173
0000167793080820130638017045925520
0000167803080820130638012288507804
0000167813080820130638020466482269
0000167823080820130641012679472561
0000167833080820130642021049847484
0000167843080820130642010852462651
0000167853080820130642013370765585
0000167863080820130645012759614605
0000167873080820130649012712062606
0000167883080820130649011227821381
0000167893080820130655013113381583
0000167903080820130656013274152624
0000167913080820130656012873540569
0000167923080820130656015594076275
0000167933080820130657012562331569
0000167943080820130657012638303609
0000167953080820130702019022125974
0000167963080820130703012399256591
0000167973080820130703019044050624
0000167983080820130704016478362974
0000167993080820130705013219359581
0000168003080820130705020335199075
0000168013080820130705012193084663
0000168023080820130705019040250866
0000168033080820130708010632593587
0000168043080820130708020304024613
0000168053080820130709013353190561
0000168063080820130709012973336580
0000168073080820130710013141563623
0000168083080820130712017064167733
0000168093080820130713012674734622
0000168103080820130714013338074580
0000168113080820130716019023276992
0000168123080820130717013256857549
0000168133080820130717020992624082
0000168143080820130722012970150540
0000168153080820130722013298488568
0000168163080820130722016896979314
0000168173080820130726013296437583
0000168183080820130727012700519606
0000168193080820130730012537198451
0000168203080820130731012182635655
0000168213080820130732012122586690
0000168223080820130733012292819270
0000168233080820130735012122586690
0000168243080820130740016869134112
0000168253080820130744012371191843
0000168263080820130752020682605209
0000168273080820130755019032483318
0000168283080820130756010055668914
0000168293080820130758019036847489
0000168303080820130803012807358588
0000168313080820130807012809880567
0000168323080820130807012828178600
0000168333080820130821013338027566
0000168343080820130828013182604561
0000168353080820130829020649340978
0000168363080820130936012339688584
0000168373080820131010013397847582
0000168383080820131706013182604561
0000168393080820131706012807358588
0000168403080820131716020649340978
0000168413080820131731013338027566
0000168423080820131750012973336580
0000168433080820131830012449714377
0000168443080820131838013179726589
0000168453080820131842012371191843
0000168463080820131842012371191843
0000168473080820131848020469807193
0000168483080820131853013307141588
0000168493080820131856010852462651
0000168503080820131857012759614605
0000168513080820131901021049847484
0000168523080820131902013397847582
0000168533080820131905020130683498
0000168543080820131906019035984016
0000168553080820131907019040250866
0000168563080820131908013393325565
0000168573080820131909012339688584
0000168583080820131914012399256591
0000168593080820131915013370765585
0000168603080820131916012679472561
0000168613080820131916012738187600
0000168623080820131919012490205007
0000168633080820131923012122586690
0000168643080820131952012479133062
0000168653090820130613012537198451
0000168663090820130615019044050624
0000168673090820130616012490205007
0000168683090820130635012319553284
0000168693090820130637012015168534
0000168703090820130638016683233986
0000168713090820130639010322806426
0000168723090820130640020944806842
0000168733090820130641016142184981
0000168743090820130642012231148805
0000168753090820130643013380280584
0000168763090820130647013338027566
0000168773090820130647020715098637
0000168783090820130648012712062606
0000168793090820130650013682423817
0000168803090820130650013086327587
0000168813090820130651012474670663
0000168823090820130654011227821381
0000168833090820130656020130683498
0000168843090820130658013263223568
0000168853090820130658016666943245
0000168863090820130659020701749657
0000168873090820130700012793049427
0000168883090820130700012973336580
0000168893090820130700012479133062
0000168903090820130701019035984016
0000168913090820130703013307141588
0000168923090820130703012396201338
0000168933090820130703020466482269
0000168943090820130704015594076275
0000168953090820130705020469807193
0000168963090820130705012873540569
0000168973090820130709012970150540
0000168983090820130710012399256591
0000168993090820130710012738187600
0000169003090820130710019017985626
0000169013090820130712013179726589
0000169023090820130714013393325565
0000169033090820130714012449714377
0000169043090820130715019032483318
0000169053090820130716011982791335
0000169063090820130718012758378541
0000169073090820130719012288507804
0000169083090820130721012809880567
0000169093090820130724012750146544
0000169103090820130725012435237547
0000169113090820130725016869134112
0000169123090820130727019022125974
0000169133090820130730012380704173
0000169143090820130732020335199075
0000169153090820130732012674734622
0000169163090820130733012413769600
0000169173090820130733013256857549
0000169183090820130733013122081600
0000169193090820130736010290465742
0000169203090820130737012193084663
0000169213090820130743012823918568
0000169223090820130757012200282127
0000169233090820130800012807358588
0000169243090820130804020649340978
0000169253090820130808013182604561
0000169263090820130821012958651543
0000169273090820131635013182604561
0000169283090820131707012807358588
0000169293090820131720020649340978
0000169303090820131749013338027566
0000169313090820131836012288507804
0000169323090820131838020992624082
0000169333090820131840019023276992
0000169343090820131848012973336580
0000169353090820131851020682605209
0000169363090820131859012700519606
0000169373090820131904012231148805
0000169383090820131904013086327587
0000169393090820131905016478362974
0000169403090820131907016142184981
0000169413090820131907016683233986
0000169423090820131909012399256591
0000169433090820131913012319553284
0000169443090820131923020944806842
0000169453090820131942010055668914
0000169463090820131951013113381583
0000169473100820130609017040097808
0000169483100820130624012914568543
0000169493100820130635012015168534
0000169503100820130639012759614605
0000169513100820130640010322806426
0000169523100820130640012889931546
0000169533100820130640012425050894
0000169543100820130643010852462651
0000169553100820130646013080703625
0000169563100820130650019040250866
0000169573100820130651012743557607
0000169583100820130652012283010499
0000169593100820130655019033050822
0000169603100820130655012745598548
0000169613100820130659011982791335
0000169623100820130701012193084663
0000169633100820130703020701749657
0000169643100820130705013113381583
0000169653100820130706010290465742
0000169663100820130707020466482269
0000169673100820130707021049847484
0000169683100820130709012122586690
0000169693100820130709020130683498
0000169703100820130709013256857549
0000169713100820130709013682423817
0000169723100820130711012435493101
0000169733100820130713013263223568
0000169743100820130713020715098637
0000169753100820130714012809880567
0000169763100820130715012793049427
0000169773100820130716019036847489
0000169783100820130716020992624082
0000169793100820130716019023276992
0000169803100820130717016666943245
0000169813100820130718012973336580
0000169823100820130718012435237547
0000169833100820130730012700519606
0000169843100820130730016478362974
0000169853100820130732020682605209
0000169863100820130733012288507804
0000169873100820130733012758378541
0000169883100820130733013637405937
0000169893100820130735019022125974
0000169903100820130736013122081600
0000169913100820130736019017985626
0000169923100820130736012474670663
0000169933100820130736012958651543
0000169943100820130751012339688584
0000169953100820131037013380280584
0000169963100820131810012973336580
0000169973100820131842012449714377
0000169983100820131842012449714377
0000169993100820131842012288507804
0000170003100820131855010840371044
0000170013100820131900021049847484
0000170023100820131900010632593587
0000170033100820131901020469807193
0000170043100820131902020466482269
0000170053100820131903019035984016
0000170063100820131905010852462651
0000170073100820131905019040250866
0000170083100820131905012490205007
0000170093100820131906012758378541
0000170103100820131911012015168534
0000170113100820131913020304024613
0000170123100820131914019036847489
0000170133100820131932012339688584
0000170143110820130601012288507804
0000170153110820130608012750146544
0000170163110820130610012015168534
0000170173110820130622012914568543
0000170183110820130628012319553284
0000170193110820130639013121511547
0000170203110820130645016683233986
0000170213110820130648012873540569
0000170223110820130649013307141588
0000170233110820130649020944806842
0000170243110820130650012396201338
0000170253110820130650012231148805
0000170263110820130651013370765585
0000170273110820130651019033050806
0000170283110820130652012986407295
0000170293110820130652012425050894
0000170303110820130654012743557607
0000170313110820130658012283126489
0000170323110820130701012449714377
0000170333110820130701019044123087
0000170343110820130702013306559546
0000170353110820130702020469807193
0000170363110820130703012283010499
0000170373110820130704012745598548
0000170383110820130704012490205007
0000170393110820130705020130683498
0000170403110820130705012182412362
0000170413110820130705012970150540
0000170423110820130705012292819270
0000170433110820130706012738187600
0000170443110820130706012435493101
0000170453110820130707017064167733
0000170463110820130709012889931546
0000170473110820130709012537098295
0000170483110820130709020304024613
0000170493110820130709012544302234
0000170503110820130710013637405937
0000170513110820130711019033050822
0000170523110820130712010632593587
0000170533110820130713017040097808
0000170543110820130715012193084663
0000170553110820130716012973336580
0000170563110820130716010840371044
0000170573110820130724016142184981
0000170583110820130727013396537628
0000170593110820130727014996805273
0000170603110820130730019035984016
0000170613110820130735013179726589
0000170623110820130735013080703625
0000170633110820130758019040250866
0000170643110820131800013396537628
0000170653110820131806012973336580
0000170663110820131831020992624082
0000170673110820131834016478362974
0000170683110820131846013113381583
0000170693110820131854019023276992
0000170703110820131900016683233986
0000170713110820131900016142184981
0000170723110820131908012231148805
0000170733110820131909012700519606
0000170743110820131910012758378541
0000170753110820131911013256857549
0000170763110820131912019040250866
0000170773110820131914012015168534
0000170783110820131916012319553284
0000170793110820131922020944806842
0000170803110820131938020682605209
0000170813110820132014020120227082
0000170823110820132015012809880567
0000170833120820130533012182412362
0000170843120820130534013391244584
0000170853120820130535013391244584
0000170863120820130600020129681797
0000170873120820130603012363335726
0000170883120820130615012587148563
0000170893120820130620012744228623
0000170903120820130626012679472561
0000170913120820130639012759614605
0000170923120820130643010889012269
0000170933120820130644020466482269
0000170943120820130646010852462651
0000170953120820130648012496933101
0000170963120820130648012548910239
0000170973120820130652020120227082
0000170983120820130653021049847484
0000170993120820130654019028770049
0000171003120820130655012656999563
0000171013120820130657012544302234
0000171023120820130658012789752569
0000171033120820130701012986407295
0000171043120820130701012826956568
0000171053120820130702012674734622
0000171063120820130702012873540569
0000171073120820130702012399256591
0000171083120820130704013113381583
0000171093120820130704013179726589
0000171103120820130704019033050806
0000171113120820130704012537098295
0000171123120820130705019040250866
0000171133120820130705019008103144
0000171143120820130708013306559546
0000171153120820130708012524519874
0000171163120820130709016478362974
0000171173120820130709013121511547
0000171183120820130710012973336580
0000171193120820130712012396201338
0000171203120820130713019044123087
0000171213120820130713019023276992
0000171223120820130714012176184620
0000171233120820130714012874780628
0000171243120820130716017064167733
0000171253120820130717020992624082
0000171263120820130718012700519606
0000171273120820130718013307141588
0000171283120820130721014996805273
0000171293120820130721012750146544
0000171303120820130722020682605209
0000171313120820130723012807358588
0000171323120820130724012283126489
0000171333120820130731020693378950
0000171343120820130733010745439702
0000171353120820130735013370765585
0000171363120820130735013637405937
0000171373120820130737012738187600
0000171383120820130740013336711605
0000171393120820130740012809880567
0000171403120820130753013338027566
0000171413120820130754019039652778
0000171423120820130754012339070327
0000171433120820130810020649340978
0000171443120820130831012168241238
0000171453120820131624013338027566
0000171463120820131654012168241238
0000171473120820131718012807358588
0000171483120820131822012973336580
0000171493120820131846013338074580
0000171503120820131848020130683498
0000171513120820131857010745439702
0000171523120820131857010840371044
0000171533120820131859012449714377
0000171543120820131900019039652778
0000171553120820131901020469807193
0000171563120820131902010852462651
0000171573120820131903012399256591
0000171583120820131904019035984016
0000171593120820131905020466482269
0000171603120820131906012759614605
0000171613120820131906012679472561
0000171623120820131908021049847484
0000171633120820131909020649340978
0000171643120820131916012490205007
0000171653120820131927012371191843
0000171663130820130539020693378950
0000171673130820130601012015168534
0000171683130820130605012809880567
0000171693130820130621012490205007
0000171703130820130623012319553284
0000171713130820130624017045925520
0000171723130820130635020944806842
0000171733130820130635020944806842
0000171743130820130637012292819270
0000171753130820130640020469888185
0000171763130820130646016142184981
0000171773130820130648012656999563
0000171783130820130649012357262801
0000171793130820130653016896979314
0000171803130820130653012496933101
0000171813130820130655012231148805
0000171823130820130655016683233986
0000171833130820130656013086327587
0000171843130820130656013298488568
0000171853130820130659013393325565
0000171863130820130700012789752569
0000171873130820130701012744228623
0000171883130820130701013219359581
0000171893130820130702012537198451
0000171903130820130703012562331569
0000171913130820130705020130683498
0000171923130820130705012587148563
0000171933130820130705012449714377
0000171943130820130706012973336580
0000171953130820130707017018806044
0000171963130820130707012638303609
0000171973130820130707012182635655
0000171983130820130708013307141588
0000171993130820130709019035984016
0000172003130820130710020129681797
0000172013130820130710012731985560
0000172023130820130713020304024613
0000172033130820130714020106146682
0000172043130820130716012807358588
0000172053130820130716010840371044
0000172063130820130716012524519874
0000172073130820130717020469807193
0000172083130820130717012826956568
0000172093130820130718016869134112
0000172103130820130718012548910239
0000172113130820130719019008103144
0000172123130820130722010655549258
0000172133130820130723013274152624
0000172143130820130730012674734622
0000172153130820130736019044050624
0000172163130820130742019028770049
0000172173130820130743012339070327
0000172183130820130743012874780628
0000172193130820130802013338027566
0000172203130820130807020649340978
0000172213130820130815013182604561
0000172223130820130831013637405937
0000172233130820130831012363335726
0000172243130820130858019031632816
0000172253130820131008012339688584
0000172263130820131706012807358588
0000172273130820131711013086327587
0000172283130820131711012168241238
0000172293130820131712013182604561
0000172303130820131744013338027566
0000172313130820131751019023276992
0000172323130820131752012973336580
0000172333130820131825020992624082
0000172343130820131832016478362974
0000172353130820131842012371191843
0000172363130820131845012700519606
0000172373130820131859016142184981
0000172383130820131900016683233986
0000172393130820131900012319553284
0000172403130820131900020944806842
0000172413130820131901012231148805
0000172423130820131909013113381583
0000172433130820131919012015168534
0000172443130820131919020682605209
0000172453130820131947020649340978
0000172463140820130613012015168534
0000172473140820130615012659103625
0000172483140820130628012679472561
0000172493140820130630019044050624
0000172503140820130630020106146682
0000172513140820130632012413769600
0000172523140820130634012537198451
0000172533140820130636013296437583
0000172543140820130637012380704173
0000172553140820130640012759614605
0000172563140820130642017045925520
0000172573140820130643013370765585
0000172583140820130643020466482269
0000172593140820130645010852462651
0000172603140820130645012292819270
0000172613140820130647013141563623
0000172623140820130654013298488568
0000172633140820130656012731985560
0000172643140820130656012562331569
0000172653140820130700016869134112
0000172663140820130700020992624082
0000172673140820130700019040250866
0000172683140820130701012712062606
0000172693140820130701021049847484
0000172703140820130702012122586690
0000172713140820130703012973336580
0000172723140820130703013307141588
0000172733140820130704016478362974
0000172743140820130704012638303609
0000172753140820130705012700519606
0000172763140820130705012674734622
0000172773140820130706019039736661
0000172783140820130707020304024613
0000172793140820130707013219359581
0000172803140820130708013393325565
0000172813140820130708013113381583
0000172823140820130708019031632816
0000172833140820130708017018806044
0000172843140820130711019036847489
0000172853140820130712012193084663
0000172863140820130717019023276992
0000172873140820130717012809880567
0000172883140820130718012182635655
0000172893140820130718016896979314
0000172903140820130719012357262801
0000172913140820130719013256857549
0000172923140820130719012524519874
0000172933140820130720012738187600
0000172943140820130721010655549258
0000172953140820130721020335199075
0000172963140820130723012807358588
0000172973140820130726020129957598
0000172983140820130726019022125974
0000172993140820130727020682605209
0000173003140820130729013274152624
0000173013140820130737013301860604
0000173023140820130741020469888185
0000173033140820130745013338074580
0000173043140820130746010632593587
0000173053140820130748017064167733
0000173063140820130755012339688584
0000173073140820130806013182604561
0000173083140820130809012828178600
0000173093140820130822013338027566
0000173103140820130824012479133062
0000173113140820130838012168241238
0000173123140820130838020649340978
0000173133140820131707013338027566
0000173143140820131744020649340978
0000173153140820131755012807358588
0000173163140820131803012973336580
0000173173140820131828012449714377
0000173183140820131843020466482269
0000173193140820131856020469807193
0000173203140820131857012490205007
0000173213140820131858019035984016
0000173223140820131901010852462651
0000173233140820131903012759614605
0000173243140820131903010840371044
0000173253140820131904021049847484
0000173263140820131904019040250866
0000173273140820131907020130683498
0000173283140820131908013301860604
0000173293140820131909012524519874
0000173303140820131910012479133062
0000173313140820131910012524519874
0000173323140820131911012679472561
0000173333140820131911020304024613
0000173343140820131912012015168534
0000173353140820131914020129957598
0000173363140820131916013370765585
0000173373140820131917013353190561
0000173383150820130607012015168534
0000173393150820130620012958651543
0000173403150820130620012750146544
0000173413150820130637012292819270
0000173423150820130639012319553284
0000173433150820130639020944806842
0000173443150820130640013086327587
0000173453150820130642016683233986
0000173463150820130643012396201338
0000173473150820130646016142184981
0000173483150820130646012231148805
0000173493150820130647012873540569
0000173503150820130651011227821381
0000173513150820130651012712062606
0000173523150820130652016666943245
0000173533150820130654019035984016
0000173543150820130655015594076275
0000173553150820130656010290465742
0000173563150820130659012809880567
0000173573150820130701013141563623
0000173583150820130702010632593587
0000173593150820130702012490205007
0000173603150820130704012449714377
0000173613150820130705013296437583
0000173623150820130705013338074580
0000173633150820130706020130683498
0000173643150820130709020701749657
0000173653150820130710012413769600
0000173663150820130710013256857549
0000173673150820130711012973336580
0000173683150820130716012339688584
0000173693150820130717013397847582
0000173703150820130717011982791335
0000173713150820130718012371191843
0000173723150820130718012380704173
0000173733150820130719016869134112
0000173743150820130720020469807193
0000173753150820130721010840371044
0000173763150820130721019017985626
0000173773150820130722019031632816
0000173783150820130723019039736661
0000173793150820130724019022125974
0000173803150820130725019036847489
0000173813150820130726012435237547
0000173823150820130727012122586690
0000173833150820130729012674734622
0000173843150820130730012659103625
0000173853150820130731017064167733
0000173863150820130733012399256591
0000173873150820130734013182604561
0000173883150820130734012807358588
0000173893150820130737012807358588
0000173903150820130737019044050624
0000173913150820130737020335199075
0000173923150820130740012193084663
0000173933150820130750012793049427
0000173943150820130751012738187600
0000173953150820130753012524519874
0000173963150820130757020304024613
0000173973150820130757010055668914
0000173983150820130758010055668914
0000173993150820130802012828178600
0000174003150820130808013338027566
0000174013150820130814013353190561
0000174023150820130815020649340978
0000174033150820130832012168241238
0000174043150820130944012745598548
0000174053150820131711013182604561
0000174063150820131711012168241238
0000174073150820131711012807358588
0000174083150820131723013086327587
0000174093150820131739012200282127
0000174103150820131741013338027566
0000174113150820131809019023276992
0000174123150820131826016478362974
0000174133150820131827012973336580
0000174143150820131845020992624082
0000174153150820131849012371191843
0000174163150820131849012700519606
0000174173150820131850012674734622
0000174183150820131855020682605209
0000174193150820131855012399256591
0000174203150820131856020770230355
0000174213150820131900016142184981
0000174223150820131900012231148805
0000174233150820131900012738187600
0000174243150820131902020649340978
0000174253150820131903012745598548
0000174263150820131905016683233986
0000174273150820131908012015168534
0000174283150820131908012015168534
0000174293150820131909012292819270
0000174303150820131909020944806842
0000174313150820131913013397847582
0000174323150820131920012339688584
0000174333150820131942012479133062
0000174343150820131958012319553284
0000174353160820130610019044050624
0000174363160820130636012425050894
0000174373160820130637010322806426
0000174383160820130637012679472561
0000174393160820130637013307141588
0000174403160820130638012759614605
0000174413160820130642013682423817
0000174423160820130645012292819270
0000174433160820130645020466482269
0000174443160820130645010852462651
0000174453160820130645012793049427
0000174463160820130647012970150540
0000174473160820130647012889931546
0000174483160820130648012905571588
0000174493160820130652013263223568
0000174503160820130653021049847484
0000174513160820130656013380280584
0000174523160820130658013375736605
0000174533160820130659010055668914
0000174543160820130700012873540569
0000174553160820130700011227821381
0000174563160820130701020715098637
0000174573160820130701013338027566
0000174583160820130702012396201338
0000174593160820130702020770230355
0000174603160820130702012015168534
0000174613160820130702016478362974
0000174623160820130703012738187600
0000174633160820130703019033050822
0000174643160820130703016869134112
0000174653160820130703015594076275
0000174663160820130704012479133062
0000174673160820130704012745598548
0000174683160820130705019040250866
0000174693160820130705020992624082
0000174703160820130705012973336580
0000174713160820130706012700519606
0000174723160820130706019022125974
0000174733160820130707019031632816
0000174743160820130710019023276992
0000174753160820130712012823918568
0000174763160820130714012750146544
0000174773160820130715012193084663
0000174783160820130715012674734622
0000174793160820130716013121954627
0000174803160820130716020701749657
0000174813160820130717012743557607
0000174823160820130719016666943245
0000174833160820130721012435237547
0000174843160820130722019017985626
0000174853160820130724012958651543
0000174863160820130726010290465742
0000174873160820130727012809880567
0000174883160820130731013637405937
0000174893160820130733012807358588
0000174903160820130738020304024613
0000174913160820130740011982791335
0000174923160820130743020682605209
0000174933160820130748012399256591
0000174943160820130813020649340978
0000174953160820130828012200282127
0000174963160820131701020649340978
0000174973160820131748013338027566
0000174983160820131819012449714377
0000174993160820131842020469807193
0000175003160820131853012973336580
0000175013160820131858012759614605
0000175023160820131858020466482269
0000175033160820131859012970150540
0000175043160820131859019035984016
0000175053160820131900013393325565
0000175063160820131902012399256591
0000175073160820131909010840371044
0000175083160820131910020130683498
0000175093160820131910021049847484
0000175103160820131914020304024613
0000175113160820131915019040250866
0000175123160820131930020770230355
0000175133160820131937010852462651
0000175143170820130608017040097808
0000175153170820130611012283010499
0000175163170820130618013080703625
0000175173170820130619012015168534
0000175183170820130626013263223568
0000175193170820130630012809880567
0000175203170820130631012319553284
0000175213170820130632016683233986
0000175223170820130636012679472561
0000175233170820130648012970150540
0000175243170820130649010322806426
0000175253170820130649013370765585
0000175263170820130650012986407295
0000175273170820130651012231148805
0000175283170820130654013179726589
0000175293170820130655020944806842
0000175303170820130656012905571588
0000175313170820130658012182635655
0000175323170820130700013682423817
0000175333170820130700012973336580
0000175343170820130700012537098295
0000175353170820130701012449714377
0000175363170820130701013380280584
0000175373170820130702020715098637
0000175383170820130703012283126489
0000175393170820130703013375736605
0000175403170820130704012292819270
0000175413170820130704019033050806
0000175423170820130704013086327587
0000175433170820130705013307141588
0000175443170820130705012674734622
0000175453170820130706012745598548
0000175463170820130710012544302234
0000175473170820130710020469807193
0000175483170820130711020469807193
0000175493170820130711020770230355
0000175503170820130712010840371044
0000175513170820130714013393325565
0000175523170820130714016142184981
0000175533170820130715019035984016
0000175543170820130717012425050894
0000175553170820130717012889931546
0000175563170820130717012435493101
0000175573170820130717012743557607
0000175583170820130729019033050822
0000175593170820130732012193084663
0000175603170820130733012399256591
0000175613170820130736012738187600
0000175623170820130800013121954627
0000175633170820130801019022125974
0000175643170820130811012339688584
0000175653170820130814012758378541
0000175663170820130834013637405937
0000175673170820131224013256857549
0000175683170820131759012973336580
0000175693170820131800012759614605
0000175703170820131821016478362974
0000175713170820131846016142184981
0000175723170820131900016683233986
0000175733170820131900019023276992
0000175743170820131900012231148805
0000175753170820131901012182635655
0000175763170820131902012700519606
0000175773170820131902012399256591
0000175783170820131903020944806842
0000175793170820131904012674734622
0000175803170820131904012319553284
0000175813170820131908013306559546
0000175823170820131909012015168534
0000175833170820132000010632593587
0000175843170820132003012339688584
0000175853170820132017013113381583
0000175863180820130631012587148563
0000175873180820130632012283010499
0000175883180820130632013080703625
0000175893180820130632012396201338
0000175903180820130636012015168534
0000175913180820130637012548910239
0000175923180820130640012759614605
0000175933180820130642012759614605
0000175943180820130649012873540569
0000175953180820130652012750146544
0000175963180820130652012544302234
0000175973180820130653012319553284
0000175983180820130653019028770049
0000175993180820130654019035984016
0000176003180820130654012435493101
0000176013180820130659012986407295
0000176023180820130700012758378541
0000176033180820130700012674734622
0000176043180820130700010852462651
0000176053180820130703013086327587
0000176063180820130703020693378950
0000176073180820130704013113381583
0000176083180820130706012122586690
0000176093180820130706012537098295
0000176103180820130709012826956568
0000176113180820130709012809880567
0000176123180820130710016478362974
0000176133180820130712010632593587
0000176143180820130713017040097808
0000176153180820130714012283126489
0000176163180820130716012738187600
0000176173180820130717013370765585
0000176183180820130717019023276992
0000176193180820130718019008103144
0000176203180820130718013179726589
0000176213180820130718012700519606
0000176223180820130719012973336580
0000176233180820130722020129957598
0000176243180820130722012200282127
0000176253180820130723021049847484
0000176263180820130727012874780628
0000176273180820130728013306559546
0000176283180820130728019033050806
0000176293180820130733017064167733
0000176303180820130751012970150540
0000176313180820130802013396537628
0000176323180820130804014996805273
0000176333180820130804014996805273
0000176343180820130809012339070327
0000176353180820130848012182412362
0000176363180820130854012679472561
0000176373180820131252013256857549
0000176383180820131320013637405937
0000176393180820131759012973336580
0000176403180820131840020130683498
0000176413180820131845012700519606
0000176423180820131845012200282127
0000176433180820131850010840371044
0000176443180820131855019036847489
0000176453180820131855012490205007
0000176463180820131857021049847484
0000176473180820131858010852462651
0000176483180820131903012679472561
0000176493180820131904012015168534
0000176503180820131904012759614605
0000176513180820131905012319553284
0000176523180820131905019035984016
0000176533180820131909012674734622
0000176543180820131916020469807193
0000176553180820131918020129957598
0000176563180820131919013396537628
0000176573180820131934020120227082
0000176583180820131941019035984016
0000176593190820130600020120227082
0000176603190820130616012744228623
0000176613190820130630012809880567
0000176623190820130633012319553284
0000176633190820130634012015168534
0000176643190820130638016683233986
0000176653190820130641016142184981
0000176663190820130641010889012269
0000176673190820130641012292819270
0000176683190820130643020944806842
0000176693190820130645016896979314
0000176703190820130647012122586690
0000176713190820130652013256857549
0000176723190820130652012638303609
0000176733190820130653012490205007
0000176743190820130653020130683498
0000176753190820130653020129681797
0000176763190820130655013086327587
0000176773190820130655012789752569
0000176783190820130656012182635655
0000176793190820130700019035984016
0000176803190820130700013219359581
0000176813190820130702012231148805
0000176823190820130702014996805273
0000176833190820130703012562331569
0000176843190820130705012973336580
0000176853190820130705013393325565
0000176863190820130706012731985560
0000176873190820130706012873540569
0000176883190820130706012700519606
0000176893190820130709017045925520
0000176903190820130710012548910239
0000176913190820130711012396201338
0000176923190820130711020469807193
0000176933190820130711012738187600
0000176943190820130712012826956568
0000176953190820130712012587148563
0000176963190820130713017064167733
0000176973190820130713020304024613
0000176983190820130714010840371044
0000176993190820130715020693378950
0000177003190820130719019036847489
0000177013190820130719019008103144
0000177023190820130722013336711605
0000177033190820130732013274152624
0000177043190820130735012750146544
0000177053190820130737019028770049
0000177063190820130738012283126489
0000177073190820130739013637405937
0000177083190820130743010745439702
0000177093190820130745012176184620
0000177103190820130758013338027566
0000177113190820130759012874780628
0000177123190820130808012182412362
0000177133190820130809013182604561
0000177143190820130810012339070327
0000177153190820130816020649340978
0000177163190820131639013182604561
0000177173190820131713013338027566
0000177183190820131723020649340978
0000177193190820131850016478362974
0000177203190820131853013086327587
0000177213190820131854012973336580
0000177223190820131854010745439702
0000177233190820131854020682605209
0000177243190820131854020992624082
0000177253190820131856012700519606
0000177263190820131856013113381583
0000177273190820131859019023276992
0000177283190820131901012319553284
0000177293190820131903012015168534
0000177303190820131903020944806842
0000177313190820131904016683233986
0000177323190820131904012231148805
0000177333190820131905012182635655
0000177343190820131909013338074580
0000177353190820131912016142184981
0000177363190820131913013307141588
0000177373190820131921012371191843
0000177383190820131922012738187600
0000177393190820132001013298488568
0000177403200820130521013336711605
0000177413200820130526019032483318
0000177423200820130619013274152624
0000177433200820130647012292819270
0000177443200820130647012659103625
0000177453200820130648012380704173
0000177463200820130648012731985560
0000177473200820130649020466482269
0000177483200820130649012413769600
0000177493200820130649012712062606
0000177503200820130650012357262801
0000177513200820130654012638303609
0000177523200820130654012562331569
0000177533200820130654013113381583
0000177543200820130655010852462651
0000177553200820130655021049847484
0000177563200820130655021049847484
0000177573200820130656012679472561
0000177583200820130656017045925520
0000177593200820130657020469888185
0000177603200820130658017018806044
0000177613200820130700012744228623
0000177623200820130700020335199075
0000177633200820130702019040250866
0000177643200820130702013219359581
0000177653200820130702019036847489
0000177663200820130702012674734622
0000177673200820130703012524519874
0000177683200820130704012973336580
0000177693200820130706020682605209
0000177703200820130708012789752569
0000177713200820130710012399256591
0000177723200820130710019023276992
0000177733200820130711016896979314
0000177743200820130712013256857549
0000177753200820130712012122586690
0000177763200820130712012537198451
0000177773200820130712012700519606
0000177783200820130713012193084663
0000177793200820130714012759614605
0000177803200820130715012970150540
0000177813200820130715013298488568
0000177823200820130715013338074580
0000177833200820130715020106146682
0000177843200820130716020992624082
0000177853200820130716016478362974
0000177863200820130717010889012269
0000177873200820130717012809880567
0000177883200820130721010655549258
0000177893200820130721013307141588
0000177903200820130723020129681797
0000177913200820130728013393325565
0000177923200820130730012176184620
0000177933200820130731019031632816
0000177943200820130732012283126489
0000177953200820130734019044050624
0000177963200820130736020304024613
0000177973200820130757016869134112
0000177983200820130805013338027566
0000177993200820130824020649340978
0000178003200820130825012168241238
0000178013200820130936012339688584
0000178023200820131701013338027566
0000178033200820131815012758378541
0000178043200820131831020649340978
0000178053200820131847012371191843
0000178063200820131849012973336580
0000178073200820131855010840371044
0000178083200820131859012732387624
0000178093200820131859012449714377
0000178103200820131900019035984016
0000178113200820131902012399256591
0000178123200820131902012679472561
0000178133200820131903021049847484
0000178143200820131903021049847484
0000178153200820131903019040250866
0000178163200820131907020130683498
0000178173200820131908020466482269
0000178183200820131908012759614605
0000178193200820131910012490205007
0000178203200820131925012524519874
0000178213200820131927010852462651
0000178223200820131942020469807193
0000178233210820130542019032483318
0000178243210820130542019032483318
0000178253210820130621012809880567
0000178263210820130628019044050624
0000178273210820130629012490205007
0000178283210820130629020106146682
0000178293210820130633010290465742
0000178303210820130633012474670663
0000178313210820130635013296437583
0000178323210820130638012319553284
0000178333210820130642016683233986
0000178343210820130645012712062606
0000178353210820130647012015168534
0000178363210820130648017064167733
0000178373210820130652013141563623
0000178383210820130654016869134112
0000178393210820130655019039736661
0000178403210820130655020130683498
0000178413210820130656012231148805
0000178423210820130657020944806842
0000178433210820130700016142184981
0000178443210820130700020701749657
0000178453210820130700013086327587
0000178463210820130701012357262801
0000178473210820130701013256857549
0000178483210820130701012413769600
0000178493210820130704019017985626
0000178503210820130704012449714377
0000178513210820130705012537198451
0000178523210820130706019031632816
0000178533210820130707019035984016
0000178543210820130707020335199075
0000178553210820130707012193084663
0000178563210820130708012793049427
0000178573210820130709012200282127
0000178583210820130709019022125974
0000178593210820130710012973336580
0000178603210820130710020469888185
0000178613210820130712020469807193
0000178623210820130712012380704173
0000178633210820130714017018806044
0000178643210820130715012339688584
0000178653210820130716020770230355
0000178663210820130716010840371044
0000178673210820130717012659103625
0000178683210820130717012732387624
0000178693210820130718012122586690
0000178703210820130719020129957598
0000178713210820130719012828178600
0000178723210820130722010632593587
0000178733210820130723012758378541
0000178743210820130725013301860604
0000178753210820130730012524519874
0000178763210820130739012674734622
0000178773210820130740019036847489
0000178783210820130742012435237547
0000178793210820130744012479133062
0000178803210820130746012399256591
0000178813210820130750010655549258
0000178823210820130757013338027566
0000178833210820130809013182604561
0000178843210820130838012168241238
0000178853210820130847020649340978
0000178863210820130937012958651543
0000178873210820131029013338074580
0000178883210820131721013086327587
0000178893210820131721013182604561
0000178903210820131730013338027566
0000178913210820131854012700519606
0000178923210820131855019023276992
0000178933210820131856012973336580
0000178943210820131857016478362974
0000178953210820131858020992624082
0000178963210820131859012231148805
0000178973210820131902020944806842
0000178983210820131902012399256591
0000178993210820131902013301860604
0000179003210820131903016683233986
0000179013210820131904016142184981
0000179023210820131904020129957598
0000179033210820131908020682605209
0000179043210820131909012015168534
0000179053210820131909012319553284
0000179063210820131912020649340978
0000179073210820131925012758378541
0000179083210820131925012479133062
0000179093210820131942012015168534
0000179103210820131951013353190561
0000179113210820131956013113381583
0000179123220820130632012914568543
0000179133220820130645012759614605
0000179143220820130650020466482269
0000179153220820130650019033050822
0000179163220820130650011227821381
0000179173220820130651010852462651
0000179183220820130651012679472561
0000179193220820130651012905571588
0000179203220820130652012396201338
0000179213220820130652012015168534
0000179223220820130653013375736605
0000179233220820130655012750146544
0000179243220820130657013113381583
0000179253220820130657016869134112
0000179263220820130657012889931546
0000179273220820130658012745598548
0000179283220820130658012873540569
0000179293220820130659012193084663
0000179303220820130659020992624082
0000179313220820130700012973336580
0000179323220820130700021049847484
0000179333220820130702017064167733
0000179343220820130702012292819270
0000179353220820130703012425050894
0000179363220820130704013307141588
0000179373220820130705012371191843
0000179383220820130705019039736661
0000179393220820130706010290465742
0000179403220820130707020701749657
0000179413220820130709015594076275
0000179423220820130709012809880567
0000179433220820130709012537198451
0000179443220820130710019040250866
0000179453220820130711012122586690
0000179463220820130712019022125974
0000179473220820130712016478362974
0000179483220820130712019023276992
0000179493220820130712013296437583
0000179503220820130714012700519606
0000179513220820130714013141563623
0000179523220820130715020770230355
0000179533220820130718010632593587
0000179543220820130718012793049427
0000179553220820130718012758378541
0000179563220820130723020682605209
0000179573220820130723019031632816
0000179583220820130724013397847582
0000179593220820130724013353190561
0000179603220820130726012743557607
0000179613220820130733013637405937
0000179623220820130737019017985626
0000179633220820130739019044050624
0000179643220820130741012958651543
0000179653220820130741012474670663
0000179663220820130742012524519874
0000179673220820130742012435237547
0000179683220820130747012200282127
0000179693220820130753012807358588
0000179703220820130804020649340978
0000179713220820130807012339688584
0000179723220820130814012828178600
0000179733220820130816013338074580
0000179743220820130818012738187600
0000179753220820130839012168241238
0000179763220820131705020649340978
0000179773220820131706012168241238
0000179783220820131716012807358588
0000179793220820131847010840371044
0000179803220820131849012973336580
0000179813220820131850012413769600
0000179823220820131851012490205007
0000179833220820131853012449714377
0000179843220820131854010852462651
0000179853220820131857012371191843
0000179863220820131900019035984016
0000179873220820131900020130683498
0000179883220820131904019040250866
0000179893220820131904020466482269
0000179903220820131905012759614605
0000179913220820131907021049847484
0000179923220820131908012015168534
0000179933220820131908012679472561
0000179943220820131910020469807193
0000179953220820131917012738187600
0000179963220820131924013397847582
0000179973220820131932012339688584
0000179983220820131941012479133062
0000179993230820130614019044050624
0000180003230820130623012537198451
0000180013230820130636019033050806
0000180023230820130637010322806426
0000180033230820130638013682423817
0000180043230820130643013179726589
0000180053230820130646013380280584
0000180063230820130648019031632816
0000180073230820130648015594076275
0000180083230820130649013121511547
0000180093230820130650012986407295
0000180103230820130650012231148805
0000180113230820130650016142184981
0000180123230820130651011227821381
0000180133230820130653012015168534
0000180143230820130653013370765585
0000180153230820130654012970150540
0000180163230820130655013086327587
0000180173230820130656012537098295
0000180183230820130656012490205007
0000180193230820130657012319553284
0000180203230820130657013263223568
0000180213230820130658016683233986
0000180223230820130658012283126489
0000180233230820130659020130683498
0000180243230820130700012292819270
0000180253230820130700012973336580
0000180263230820130700012873540569
0000180273230820130701012914568543
0000180283230820130701012425050894
0000180293230820130702020715098637
0000180303230820130702012758378541
0000180313230820130703012396201338
0000180323230820130704019044123087
0000180333230820130704013306559546
0000180343230820130704012905571588
0000180353230820130704016869134112
0000180363230820130705019033050822
0000180373230820130706010840371044
0000180383230820130706012544302234
0000180393230820130707020944806842
0000180403230820130707012413769600
0000180413230820130708012750146544
0000180423230820130708012449714377
0000180433230820130709019022125974
0000180443230820130709020469807193
0000180453230820130709012889931546
0000180463230820130710012122586690
0000180473230820130710019035984016
0000180483230820130713013307141588
0000180493230820130726013375736605
0000180503230820130726012743557607
0000180513230820130727013637405937
0000180523230820130728013121954627
0000180533230820130728012399256591
0000180543230820130729012745598548
0000180553230820130733012479133062
0000180563230820130737012193084663
0000180573230820130750012807358588
0000180583230820130754012823918568
0000180593230820130803013338027566
0000180603230820130823020649340978
0000180613230820130828013122081600
0000180623230820130839013182604561
0000180633230820130850012738187600
0000180643230820131649013182604561
0000180653230820131703012807358588
0000180663230820131724020649340978
0000180673230820131748013263223568
0000180683230820131754012396201338
0000180693230820131755013338027566
0000180703230820131855012231148805
0000180713230820131859012973336580
0000180723230820131859012700519606
0000180733230820131900012823918568
0000180743230820131900019036847489
0000180753230820131901020944806842
0000180763230820131902012399256591
0000180773230820131902012015168534
0000180783230820131903013086327587
0000180793230820131903016142184981
0000180803230820131903019023276992
0000180813230820131905012319553284
0000180823230820131907016478362974
0000180833230820131922016683233986
0000180843230820131923020682605209
0000180853230820131938012745598548
0000180863230820131940019044123087
0000180873230820132001013113381583
0000180883240820130622013121511547
0000180893240820130622012986407295
0000180903240820130624012970150540
0000180913240820130646019028770049
0000180923240820130648021049847484
0000180933240820130649010322806426
0000180943240820130649010852462651
0000180953240820130650013080703625
0000180963240820130650012283010499
0000180973240820130650012496933101
0000180983240820130650017040097808
0000180993240820130651012759614605
0000181003240820130651012474670663
0000181013240820130651012587148563
0000181023240820130652020466482269
0000181033240820130652012548910239
0000181043240820130652012826956568
0000181053240820130654012674734622
0000181063240820130658019040250866
0000181073240820130659012435493101
0000181083240820130659012874780628
0000181093240820130659012363335726
0000181103240820130659013306559546
0000181113240820130700019033050806
0000181123240820130702012544302234
0000181133240820130704013380280584
0000181143240820130704012973336580
0000181153240820130705016478362974
0000181163240820130705013179726589
0000181173240820130705013113381583
0000181183240820130705012656999563
0000181193240820130707019023276992
0000181203240820130708012537098295
0000181213240820130710012122586690
0000181223240820130710020715098637
0000181233240820130712012700519606
0000181243240820130713012490205007
0000181253240820130714012396201338
0000181263240820130715012758378541
0000181273240820130720012283126489
0000181283240820130720012524519874
0000181293240820130725020682605209
0000181303240820130726013682423817
0000181313240820130731012745598548
0000181323240820130732013370765585
0000181333240820130734013637405937
0000181343240820130735012339070327
0000181353240820130737019022125974
0000181363240820130738013122081600
0000181373240820130739013121954627
0000181383240820130831012339688584
0000181393240820130921012738187600
0000181403240820131847012973336580
0000181413240820131851010840371044
0000181423240820131851020469807193
0000181433240820131852012449714377
0000181443240820131853019035984016
0000181453240820131857012015168534
0000181463240820131858012490205007
0000181473240820131859012490205007
0000181483240820131900010852462651
0000181493240820131902019008103144
0000181503240820131902012122586690
0000181513240820131903019040250866
0000181523240820131907021049847484
0000181533240820131910020466482269
0000181543240820131911012759614605
0000181553240820131941010632593587
0000181563240820132041012339688584
0000181573250820130638012490205007
0000181583250820130639012396201338
0000181593250820130644012656999563
0000181603250820130654016896979314
0000181613250820130654017064167733
0000181623250820130655012182635655
0000181633250820130655012873540569
0000181643250820130656012809880567
0000181653250820130656013219359581
0000181663250820130656012750146544
0000181673250820130657012231148805
0000181683250820130657012292819270
0000181693250820130657013307141588
0000181703250820130658013298488568
0000181713250820130659012496933101
0000181723250820130700016683233986
0000181733250820130701012973336580
0000181743250820130701012435493101
0000181753250820130701017045925520
0000181763250820130702020469807193
0000181773250820130702019008103144
0000181783250820130703020682605209
0000181793250820130704013393325565
0000181803250820130704019036847489
0000181813250820130704012562331569
0000181823250820130705012638303609
0000181833250820130705013274152624
0000181843250820130708012283010499
0000181853250820130710010632593587
0000181863250820130710020466482269
0000181873250820130711012587148563
0000181883250820130711020304024613
0000181893250820130715010840371044
0000181903250820130715017040097808
0000181913250820130715012449714377
0000181923250820130716020944806842
0000181933250820130717012015168534
0000181943250820130717012015168534
0000181953250820130720012674734622
0000181963250820130720016142184981
0000181973250820130723020129957598
0000181983250820130725012524519874
0000181993250820130728013080703625
0000182003250820130733012548910239
0000182013250820130735012826956568
0000182023250820130737012474670663
0000182033250820130739013637405937
0000182043250820130739019028770049
0000182053250820130751014996805273
0000182063250820130752012339070327
0000182073250820130806012874780628
0000182083250820130848012363335726
0000182093250820131519012731985560
0000182103250820131850020466482269
0000182113250820131853020992624082
0000182123250820131853012700519606
0000182133250820131856012973336580
0000182143250820131900016142184981
0000182153250820131900012015168534
0000182163250820131901012231148805
0000182173250820131906016683233986
0000182183250820131908013113381583
0000182193250820131913020129957598
0000182203250820131918020120227082
0000182213250820131926016478362974
0000182223250820131938020944806842
0000182233250820132015012182412362
0000182243260820130622020129681797
0000182253260820130624012744228623
0000182263260820130634012015168534
0000182273260820130639012182635655
0000182283260820130641012759614605
0000182293260820130641016142184981
0000182303260820130641012679472561
0000182313260820130650012659103625
0000182323260820130650012789752569
0000182333260820130651019032483318
0000182343260820130652017045925520
0000182353260820130653012380704173
0000182363260820130653012712062606
0000182373260820130656020120227082
0000182383260820130657020466482269
0000182393260820130657012413769600
0000182403260820130658012562331569
0000182413260820130659012638303609
0000182423260820130659012809880567
0000182433260820130700010889012269
0000182443260820130700012292819270
0000182453260820130700020992624082
0000182463260820130701017064167733
0000182473260820130701012700519606
0000182483260820130702016478362974
0000182493260820130703013219359581
0000182503260820130703012750146544
0000182513260820130703012973336580
0000182523260820130705021049847484
0000182533260820130705019040250866
0000182543260820130705012193084663
0000182553260820130706012396201338
0000182563260820130706013274152624
0000182573260820130707012873540569
0000182583260820130708012674734622
0000182593260820130708020335199075
0000182603260820130714013298488568
0000182613260820130714013256857549
0000182623260820130718016896979314
0000182633260820130720013307141588
0000182643260820130730013113381583
0000182653260820130731020682605209
0000182663260820130732012970150540
0000182673260820130732013393325565
0000182683260820130734012176184620
0000182693260820130735010745439702
0000182703260820130740019036847489
0000182713260820130745012524519874
0000182723260820130750014996805273
0000182733260820130757012807358588
0000182743260820130758013182604561
0000182753260820130805013338027566
0000182763260820130813012182412362
0000182773260820130839012168241238
0000182783260820130839020649340978
0000182793260820130853013336711605
0000182803260820131618012731985560
0000182813260820131618020304024613
0000182823260820131702013182604561
0000182833260820131711012807358588
0000182843260820131733013338027566
0000182853260820131813012732387624
0000182863260820131843020466482269
0000182873260820131850012449714377
0000182883260820131850012973336580
0000182893260820131853020130683498
0000182903260820131856010745439702
0000182913260820131856019035984016
0000182923260820131902016142184981
0000182933260820131903021049847484
0000182943260820131906013306559546
0000182953260820131907019040250866
0000182963260820131907010840371044
0000182973260820131908012490205007
0000182983260820131910012015168534
0000182993260820131914012679472561
0000183003260820131914012759614605
0000183013260820131919012371191843
0000183023260820131920012524519874
0000183033260820131923020469807193
0000183043260820131923013637405937
0000183053260820131933013338074580
0000183063270820130507013336711605
0000183073270820130524012732387624
0000183083270820130615012958651543
0000183093270820130646016142184981
0000183103270820130648012712062606
0000183113270820130648012490205007
0000183123270820130652020944806842
0000183133270820130653012474670663
0000183143270820130653016666943245
0000183153270820130655013086327587
0000183163270820130657019035984016
0000183173270820130659012357262801
0000183183270820130659020469888185
0000183193270820130659020130683498
0000183203270820130700012809880567
0000183213270820130700012399256591
0000183223270820130701012449714377
0000183233270820130701010889012269
0000183243270820130701016683233986
0000183253270820130701012789752569
0000183263270820130702012015168534
0000183273270820130702012744228623
0000183283270820130703020701749657
0000183293270820130705012537198451
0000183303270820130707017018806044
0000183313270820130707012659103625
0000183323270820130707012231148805
0000183333270820130709010840371044
0000183343270820130709013338074580
0000183353270820130709020469807193
0000183363270820130709012973336580
0000183373270820130715016869134112
0000183383270820130716020335199075
0000183393270820130716019032483318
0000183403270820130716012970150540
0000183413270820130719012413769600
0000183423270820130720012793049427
0000183433270820130721010655549258
0000183443270820130722019031632816
0000183453270820130722020770230355
0000183463270820130724013306559546
0000183473270820130726012758378541
0000183483270820130727020106146682
0000183493270820130732012674734622
0000183503270820130733010290465742
0000183513270820130733020129681797
0000183523270820130734019044050624
0000183533270820130736012380704173
0000183543270820130749012176184620
0000183553270820130750012807358588
0000183563270820130754013637405937
0000183573270820130755020304024613
0000183583270820130757020649340978
0000183593270820130808012193084663
0000183603270820130809012524519874
0000183613270820130811013256857549
0000183623270820130817013338027566
0000183633270820130818012200282127
0000183643270820130822012168241238
0000183653270820130824019017985626
0000183663270820130958012339688584
0000183673270820131705013086327587
0000183683270820131707013338027566
0000183693270820131751012807358588
0000183703270820131835013113381583
0000183713270820131846012548910239
0000183723270820131852012700519606
0000183733270820131854012973336580
0000183743270820131855020992624082
0000183753270820131855016478362974
0000183763270820131857012371191843
0000183773270820131857019023276992
0000183783270820131858019039652778
0000183793270820131900012231148805
0000183803270820131901012319553284
0000183813270820131903012758378541
0000183823270820131904012015168534
0000183833270820131905020682605209
0000183843270820131905020682605209
0000183853270820131906012399256591
0000183863270820131908020944806842
0000183873270820131910020649340978
0000183883270820131914016683233986
0000183893270820131919016142184981
0000183903280820130612019044050624
0000183913280820130632012537198451
0000183923280820130633020106146682
0000183933280820130634012679472561
0000183943280820130635020466482269
0000183953280820130642012759614605
0000183963280820130649012889931546
0000183973280820130649012914568543
0000183983280820130651019039736661
0000183993280820130652016869134112
0000184003280820130652021049847484
0000184013280820130652012496933101
0000184023280820130654017064167733
0000184033280820130655012905571588
0000184043280820130655019031632816
0000184053280820130656012425050894
0000184063280820130659019040250866
0000184073280820130659010852462651
0000184083280820130700012745598548
0000184093280820130700013113381583
0000184103280820130700013296437583
0000184113280820130701013141563623
0000184123280820130702012758378541
0000184133280820130702012809880567
0000184143280820130703012700519606
0000184153280820130705020701749657
0000184163280820130705012292819270
0000184173280820130705019023276992
0000184183280820130706013307141588
0000184193280820130706020770230355
0000184203280820130708016478362974
0000184213280820130711012357262801
0000184223280820130711013393325565
0000184233280820130712013256857549
0000184243280820130712020129957598
0000184253280820130713020469888185
0000184263280820130713020992624082
0000184273280820130715019022125974
0000184283280820130715012973336580
0000184293280820130717017018806044
0000184303280820130717012548910239
0000184313280820130717012743557607
0000184323280820130719012339688584
0000184333280820130723013301860604
0000184343280820130725020682605209
0000184353280820130726013637405937
0000184363280820130727012793049427
0000184373280820130728016666943245
0000184383280820130728012828178600
0000184393280820130730010632593587
0000184403280820130731012524519874
0000184413280820130733019017985626
0000184423280820130735010290465742
0000184433280820130736012479133062
0000184443280820130736012958651543
0000184453280820130739012474670663
0000184463280820130751012807358588
0000184473280820130754012200282127
0000184483280820130757010655549258
0000184493280820130800013338074580
0000184503280820130814013338027566
0000184513280820130825020649340978
0000184523280820130827013182604561
0000184563280820131708020649340978
0000184573280820131718013338027566
0000184583280820131751012807358588
0000184593280820131752013182604561
0000184603280820131831020469807193
0000184613280820131843012490205007
0000184623280820131847012973336580
0000184633280820131853020466482269
0000184643280820131856012679472561
0000184653280820131856012449714377
0000184663280820131858012759614605
0000184673280820131859019035984016
0000184683280820131859020130683498
0000184693280820131902021049847484
0000184703280820131904010840371044
0000184713280820131905010852462651
0000184723280820131906012758378541
0000184733280820131911013301860604
0000184743280820131912019040250866
0000184753280820131915013256857549
0000184763280820131919020304024613
0000184773280820131919012479133062
0000184783280820131921013274152624
0000184793280820131922013393325565
0000184803280820131926020129957598
0000184813280820131939013353190561
0000184823290820130630012537098295
0000184833290820130640012396201338
0000184843290820130646016142184981
0000184853290820130648019033050806
0000184863290820130648012231148805
0000184873290820130649010632593587
0000184883290820130649012873540569
0000184893290820130650013121511547
0000184903290820130651012490205007
0000184913290820130652020944806842
0000184923290820130653012283126489
0000184933290820130654012986407295
0000184943290820130654013179726589
0000184953290820130655020130683498
0000184963290820130656013086327587
0000184973290820130656012319553284
0000184983290820130656012015168534
0000184993290820130657011227821381
0000185003290820130659012973336580
0000185013290820130659012496933101
0000185023290820130700015594076275
0000185033290820130702012537198451
0000185043290820130704013296437583
0000185053290820130704012449714377
0000185063290820130706019022125974
0000185073290820130706013141563623
0000185083290820130707012371191843
0000185093290820130707019044123087
0000185103290820130708016683233986
0000185113290820130708013306559546
0000185123290820130708019035984016
0000185133290820130710020469807193
0000185143290820130710010840371044
0000185153290820130711016869134112
0000185163290820130711012399256591
0000185173290820130713013307141588
0000185183290820130713012544302234
0000185193290820130715019031632816
0000185203290820130715012750146544
0000185213290820130716013256857549
0000185223290820130717013397847582
0000185233290820130719012745598548
0000185243290820130719017064167733
0000185253290820130720012905571588
0000185263290820130722019039736661
0000185273290820130723012889931546
0000185283290820130724012743557607
0000185293290820130726019032483318
0000185303290820130731013274152624
0000185313290820130731013353190561
0000185323290820130732019044050624
0000185333290820130733012758378541
0000185343290820130734012292819270
0000185353290820130739012425050894
0000185363290820130739012914568543
0000185373290820130742012738187600
0000185383290820130756012807358588
0000185393290820130758013338027566
0000185403290820130759012807358588
0000185413290820130802020649340978
0000185423290820130806020304024613
0000185433290820130811012828178600
0000185443290820130824013182604561
0000185453290820130826012339688584
0000185463290820130854013338074580
0000185473290820131252012970150540
0000185483290820131254013637405937
0000185493290820131706012807358588
0000185503290820131713013182604561
0000185513290820131715013086327587
0000185523290820131726013338027566
0000185533290820131855012371191843
0000185543290820131856012700519606
0000185553290820131857013113381583
0000185563290820131857020992624082
0000185573290820131858016478362974
0000185583290820131900019023276992
0000185593290820131900012015168534
0000185603290820131901016683233986
0000185613290820131902012399256591
0000185623290820131905012231148805
0000185633290820131905020682605209
0000185643290820131908016142184981
0000185653290820131910020944806842
0000185663290820131927012479133062
0000185673290820131936013397847582
0000185683290820131946012339688584
0000185693290820132014012319553284
0000185703290820132030020649340978
0000185713290820132041013375736605
0000185723290820132049019044123087
0000185733300820130601012363335726
0000185743300820130605019044050624
0000185753300820130631012986407295
0000185763300820130632013121511547
0000185773300820130639012537198451
0000185783300820130639012679472561
0000185793300820130640012015168534
0000185803300820130640019031632816
0000185813300820130640015594076275
0000185823300820130640013682423817
0000185833300820130644012759614605
0000185843300820130644020466482269
0000185853300820130645019028770049
0000185863300820130650012587148563
0000185873300820130650019033050822
0000185883300820130650010852462651
0000185893300820130650012548910239
0000185903300820130650013380280584
0000185913300820130650012826956568
0000185923300820130654013113381583
0000185933300820130654012656999563
0000185943300820130655021049847484
0000185953300820130656010322806426
0000185963300820130657011227821381
0000185973300820130657012973336580
0000185983300820130659020715098637
0000185993300820130659020992624082
0000186003300820130700012479133062
0000186013300820130701012674734622
0000186023300820130703012544302234
0000186033300820130703012873540569
0000186043300820130704019008103144
0000186053300820130705016869134112
0000186063300820130706013179726589
0000186073300820130708020682605209
0000186083300820130708019040250866
0000186093300820130709012524519874
0000186103300820130710012758378541
0000186113300820130710012970150540
0000186123300820130711013375736605
0000186133300820130712012537098295
0000186143300820130712013306559546
0000186153300820130712019033050806
0000186163300820130715019022125974
0000186173300820130715012700519606
0000186183300820130716019023276992
0000186193300820130717012750146544
0000186203300820130717013256857549
0000186213300820130718019032483318
0000186223300820130720012874780628
0000186233300820130721020693378950
0000186243300820130733012823918568
0000186253300820130738013637405937
0000186263300820130743012283126489
0000186273300820130744012738187600
0000186283300820130745020649340978
0000186293300820130749012339070327
0000186303300820130807013338027566
0000186313300820130812013182604561
0000186323300820130814013122081600
