0000259453300920131708020649340978
0000259463300920131713013393325565
0000259473300920131756012807358588
0000259483300920131756019019468661
0000259493300920131804013338027566
0000259503300920131841012973336580
0000259513300920131842020466482269
0000259523300920131844012449714377
0000259533300920131850020469759210
0000259543300920131850020682605209
0000259553300920131855010745439702
0000259563300920131900016683233986
0000259573300920131902012399256591
0000259583300920131902012700519606
0000259593300920131905016142184981
0000259603300920131907012015168534
0000259613300920131908012231148805
0000259623300920131947012738187600
0000259633300920132003013298488568
0000259643300920132009013235792545
0000259653300920132009020304024613
0000259663011020130622013274152624
0000259673011020130644012759614605
0000259683011020130644012889931546
0000259693011020130644021049847484
0000259703011020130646012638303609
0000259713011020130648012679472561
0000259723011020130649012601834627
0000259733011020130650010746442693
0000259743011020130650012562331569
0000259753011020130651012357665485
0000259763011020130652010889012269
0000259773011020130654012380704173
0000259783011020130654020469888185
0000259793011020130654010852462651
0000259803011020130656012552881310
0000259813011020130657012700017600
0000259823011020130657012357262801
0000259833011020130657012319553284
0000259843011020130657012659103625
0000259853011020130657012449714377
0000259863011020130658020129681797
0000259873011020130658012973336580
0000259883011020130659017045925520
0000259893011020130659012182635655
0000259903011020130659012413769600
0000259913011020130659013256857549
0000259923011020130702012789752569
0000259933011020130702020469759210
0000259943011020130702012744228623
0000259953011020130704012731985560
0000259963011020130705012700519606
0000259973011020130705019032483318
0000259983011020130705019031632816
0000259993011020130706012292819270
0000260003011020130707012970150540
0000260013011020130707012371191843
0000260023011020130707012425050894
0000260033011020130708020335199075
0000260043011020130709012809880567
0000260053011020130709012874780628
0000260063011020130710013235792545
0000260073011020130711012674734622
0000260083011020130713017018806044
0000260093011020130715013298488568
0000260103011020130715020106146682
0000260113011020130716016896979314
0000260123011020130716012537198451
0000260133011020130716016869134112
0000260143011020130717019040250866
0000260153011020130718020701749657
0000260163011020130721020682605209
0000260173011020130721012524519874
0000260183011020130724013219359581
0000260193011020130735020304024613
0000260203011020130755012807358588
0000260213011020130800013338027566
0000260223011020130801019039652778
0000260233011020130801013393325565
0000260243011020130802020649340978
0000260253011020130804010655549258
0000260263011020130810012339688584
0000260273011020130832012176184620
0000260283011020130837019019468661
0000260293011020131706012807358588
0000260303011020131726013338027566
0000260313011020131729020649340978
0000260323011020131833013215357584
0000260333011020131843019036847489
0000260343011020131847020484709415
0000260353011020131848020941875665
0000260363011020131849020130683498
0000260373011020131851012732387624
0000260383011020131852021049847484
0000260393011020131856010840371044
0000260403011020131857012371191843
0000260413011020131901012700017600
0000260423011020131902010852462651
0000260433011020131902012679472561
0000260443011020131903012759614605
0000260453011020131903012524519874
0000260463011020131904019035984016
0000260473011020131907012319553284
0000260483011020131912012292819270
0000260493011020131916019040250866
0000260503011020131921012490205007
0000260513011020131924013235792545
0000260523011020131953012874780628
0000260533021020130630013215357584
0000260543021020130630020106146682
0000260553021020130637020466482269
0000260563021020130639012537198451
0000260573021020130639012396201338
0000260583021020130640012970150540
0000260593021020130645012958651543
0000260603021020130647010290465742
0000260613021020130649012474670663
0000260623021020130649019031632816
0000260633021020130649016142184981
0000260643021020130651019017985626
0000260653021020130652012917353629
0000260663021020130652012231148805
0000260673021020130652013392460566
0000260683021020130653012399256591
0000260693021020130657013086327587
0000260703021020130658012357262801
0000260713021020130700016666943245
0000260723021020130701020484709415
0000260733021020130701012524519874
0000260743021020130701016869134112
0000260753021020130702019032483318
0000260763021020130702020130683498
0000260773021020130702016683233986
0000260783021020130703012413769600
0000260793021020130703010840371044
0000260803021020130703012659103625
0000260813021020130704013256857549
0000260823021020130705012599628549
0000260833021020130705012889931546
0000260843021020130706013637405937
0000260853021020130706020941875665
0000260863021020130708019035984016
0000260873021020130708012357665485
0000260883021020130711019022125974
0000260893021020130711013338074580
0000260903021020130712012738187600
0000260913021020130713010632593587
0000260923021020130714012200282127
0000260933021020130716012292819270
0000260943021020130719012732387624
0000260953021020130723020129957598
0000260963021020130723012380704173
0000260973021020130726017018806044
0000260983021020130727012828178600
0000260993021020130730012339688584
0000261003021020130731020335199075
0000261013021020130731012552881310
0000261023021020130731012601834627
0000261033021020130731012674734622
0000261043021020130732019036847489
0000261053021020130738020469888185
0000261063021020130738012793049427
0000261073021020130740012807358588
0000261083021020130809013338027566
0000261093021020130824020649340978
