0000161793310720131707012807358588
0000161803310720131715020649340978
0000161813310720131723012837550584
0000161823310720131730013338027566
0000161833310720131815013215357584
0000161843310720131815020941875665
0000161853310720131837012449714377
0000161863310720131842013338074580
0000161873310720131845010840371044
0000161883310720131847012700017600
0000161893310720131857021049847484
0000161903310720131859010852462651
0000161913310720131902020466482269
0000161923310720131902020469759210
0000161933310720131903012759614605
0000161943310720131904013301860604
0000161953310720131906012679472561
0000161963310720131910020130683498
0000161973310720131915020129957598
0000161983310720131929020469807193
0000161993310720131947020682605209
0000162003310720131959019040250866
0000162013010820130615012587148563
0000162023010820130625012319553284
0000162033010820130626017045925520
0000162043010820130633013393325565
0000162053010820130634012809880567
0000162063010820130636012396201338
0000162073010820130639016683233986
0000162083010820130641012731985560
0000162093010820130642012292819270
0000162103010820130643016142184981
0000162113010820130644012750146544
0000162123010820130645016896979314
0000162133010820130646013307141588
0000162143010820130646012231148805
0000162153010820130648012656999563
0000162163010820130649012496933101
0000162173010820130649011227821381
0000162183010820130652012182635655
0000162193010820130652020944806842
0000162203010820130653012873540569
0000162213010820130655019031632816
0000162223010820130656020903798063
0000162233010820130656013086327587
0000162243010820130656012015168534
0000162253010820130656012399256591
0000162263010820130658012023019984
0000162273010820130700012449714377
0000162283010820130700013296437583
0000162293010820130701012599628549
0000162303010820130701012562331569
0000162313010820130702016869134112
0000162323010820130703020469807193
0000162333010820130703013215357584
0000162343010820130704013219359581
0000162353010820130704020941875665
0000162363010820130705015594076275
0000162373010820130706012828178600
0000162383010820130708012548910239
0000162393010820130708012638303609
0000162403010820130710010840371044
0000162413010820130710019008103144
0000162423010820130711020130683498
0000162433010820130711012826956568
0000162443010820130711012339070327
0000162453010820130712010632593587
0000162463010820130713019028770049
0000162473010820130713012454198284
0000162483010820130713013141563623
0000162493010820130713013298488568
0000162503010820130715013256857549
0000162513010820130715020682605209
0000162523010820130718019022125974
0000162533010820130719012371191843
0000162543010820130719019039736661
0000162553010820130725012807358588
0000162563010820130726013274152624
0000162573010820130727020304024613
0000162583010820130728013397847582
0000162593010820130730010055668914
0000162603010820130737013637405937
0000162613010820130737012363335726
0000162623010820130747012339688584
0000162633010820130809012168241238
0000162643010820130811020649340978
0000162653010820130812013338027566
0000162663010820130814013182604561
0000162673010820131039019044050624
0000162683010820131629013182604561
0000162693010820131741020649340978
0000162703010820131741020649340978
0000162713010820131741013338027566
0000162723010820131819019023276992
0000162733010820131824012973336580
0000162743010820131834013113381583
0000162753010820131835016478362974
0000162763010820131839012371191843
0000162773010820131843016142184981
0000162783010820131847012700519606
0000162793010820131852012231148805
0000162803010820131857020335199075
0000162813010820131859020992624082
0000162823010820131900012319553284
0000162833010820131900012015168534
0000162843010820131901012399256591
0000162853010820131901020682605209
0000162863010820131904013086327587
0000162873010820131912016683233986
0000162883010820131918020944806842
0000162893010820131922013393325565
0000162903010820131930013397847582
0000162913010820131932012479133062
0000162923010820131936012339688584
0000162933020820130655019040250866
0000162943020820130655013113381583
0000162953020820130658020992624082
0000162963020820130659012638303609
0000162973020820130700013219359581
0000162983020820130700012562331569
0000162993020820130700012396201338
0000163003020820130701019036847489
0000163013020820130702011227821381
0000163023020820130702012973336580
0000163033020820130702015594076275
0000163043020820130702019031632816
0000163053020820130702012122586690
0000163063020820130703012873540569
0000163073020820130704012182635655
0000163083020820130704012524519874
0000163093020820130705010055668914
0000163103020820130706013298488568
0000163113020820130706012674734622
0000163123020820130707019032483318
0000163133020820130708012809880567
0000163143020820130710020682605209
0000163153020820130711013307141588
0000163163020820130712016869134112
0000163173020820130712012823918568
0000163183020820130713012731985560
0000163193020820130714016896979314
0000163203020820130714016478362974
0000163213020820130717020304024613
0000163223020820130717012700519606
0000163233020820130720020335199075
0000163243020820130720020335199075
0000163253020820130720012750146544
0000163263020820130721012807358588
0000163273020820130721020715098637
0000163283020820130722019023276992
0000163293020820130723012759614605
0000163303020820130724013338027566
0000163313020820130724020466482269
0000163323020820130724013263223568
0000163333020820130725012679472561
0000163343020820130725013682423817
0000163353020820130725013256857549
0000163363020820130729019022125974
0000163373020820130741013122081600
0000163383020820130745012015168534
0000163393020820130806020649340978
0000163403020820130830013182604561
0000163413020820131617012807358588
