0000000001107813739000404000000000000Instituto dos Lagos - Rio                                                                                                                             000270011200037851401201414012014140120141633
0000342133140120140516013336711605
0000342143140120140635013392460566
0000342153140120140641012537098295
0000342163140120140642012536849750
0000342173140120140647010889012269
0000342183140120140649013338074580
0000342193140120140649012319553284
0000342203140120140649016142184981
0000342213140120140653013370765585
0000342223140120140654016683233986
0000342233140120140655012425050894
0000342243140120140655012231148805
0000342253140120140655012357262801
0000342263140120140656020903798063
0000342273140120140656013121511547
0000342283140120140657012700017600
0000342293140120140701013215357584
0000342303140120140701012674734622
0000342313140120140702012537707178
0000342323140120140702012789752569
0000342333140120140703019033050806
0000342343140120140703020469888185
0000342353140120140703012744228623
0000342363140120140703020484709415
0000342373140120140703012970150540
0000342383140120140705012193084663
0000342393140120140706012399256591
0000342403140120140707012905571588
0000342413140120140707012544302234
0000342423140120140708012745598548
0000342433140120140709020129681797
0000342443140120140710019044123087
0000342453140120140712020130683498
0000342463140120140713010840371044
0000342473140120140714020941875665
0000342483140120140714012292819270
0000342493140120140714013138725421
0000342503140120140715017018806044
0000342513140120140717012809880567
0000342523140120140720020106146682
0000342533140120140724012537198451
0000342543140120140725019033050822
0000342553140120140726019036847489
0000342563140120140729016869134112
0000342573140120140730013375736605
0000342583140120140732013036270549
0000342593140120140733012283126489
0000342603140120140734012015168534
0000342613140120140739019044050624
0000342623140120140744012738187600
0000342633140120140758012339688584
0000342643140120140805013338027566
0000342653140120140805012746564620
0000342663140120140808013393325565
0000342673140120140808019031632816
0000342683140120140847010655549258
0000342695140120140908A013298407622JANE FREITAS BARROS                                 
0000342705140120140908A013298407622JANE FREITAS BARROS                                 
0000342713140120140908013298407622
9999999990000000000000000570000000000000000009
