0000259453300920131708020649340978
0000259463300920131713013393325565
0000259473300920131756012807358588
0000259483300920131756019019468661
0000259493300920131804013338027566
0000259503300920131841012973336580
0000259513300920131842020466482269
0000259523300920131844012449714377
0000259533300920131850020469759210
0000259543300920131850020682605209
0000259553300920131855010745439702
0000259563300920131900016683233986
0000259573300920131902012399256591
0000259583300920131902012700519606
0000259593300920131905016142184981
0000259603300920131907012015168534
0000259613300920131908012231148805
0000259623300920131947012738187600
0000259633300920132003013298488568
0000259643300920132009013235792545
0000259653300920132009020304024613
0000259663011020130622013274152624
0000259673011020130644012759614605
0000259683011020130644012889931546
0000259693011020130644021049847484
0000259703011020130646012638303609
0000259713011020130648012679472561
0000259723011020130649012601834627
0000259733011020130650010746442693
0000259743011020130650012562331569
0000259753011020130651012357665485
0000259763011020130652010889012269
0000259773011020130654012380704173
0000259783011020130654020469888185
0000259793011020130654010852462651
0000259803011020130656012552881310
0000259813011020130657012700017600
0000259823011020130657012357262801
0000259833011020130657012319553284
0000259843011020130657012659103625
0000259853011020130657012449714377
0000259863011020130658020129681797
0000259873011020130658012973336580
0000259883011020130659017045925520
0000259893011020130659012182635655
0000259903011020130659012413769600
0000259913011020130659013256857549
0000259923011020130702012789752569
0000259933011020130702020469759210
0000259943011020130702012744228623
0000259953011020130704012731985560
0000259963011020130705012700519606
0000259973011020130705019032483318
0000259983011020130705019031632816
0000259993011020130706012292819270
0000260003011020130707012970150540
0000260013011020130707012371191843
0000260023011020130707012425050894
0000260033011020130708020335199075
0000260043011020130709012809880567
0000260053011020130709012874780628
0000260063011020130710013235792545
0000260073011020130711012674734622
0000260083011020130713017018806044
0000260093011020130715013298488568
0000260103011020130715020106146682
0000260113011020130716016896979314
0000260123011020130716012537198451
0000260133011020130716016869134112
0000260143011020130717019040250866
0000260153011020130718020701749657
0000260163011020130721020682605209
0000260173011020130721012524519874
0000260183011020130724013219359581
0000260193011020130735020304024613
0000260203011020130755012807358588
0000260213011020130800013338027566
0000260223011020130801019039652778
0000260233011020130801013393325565
0000260243011020130802020649340978
0000260253011020130804010655549258
