0000173703290820130832019023636867
0000173763290820131634013215969547
0000173773290820131659016886759230
0000173783290820131659013364195543
0000173793290820131700001216824123
0000173803290820131707013025280548
0000173813290820131801010100960852
0000173823290820131839013044189542
0000173833290820131842012946556621
0000173843290820131843012592522621
0000173853290820131854012606034815
0000173863290820131857012944831544
0000173873290820131859012096086118
0000173883290820131900012750034541
0000173893290820131905013118932588
0000173903290820131910014674478274
0000173913290820131913011969119122
0000173923290820131913012653822565
0000173933290820131923013266830546
0000173943290820131923013258274621
0000173953290820131928020906748849
0000173963290820131928013439845957
0000173973290820131943019024306747
0000173983290820131954012292644861
0000173993300820130501019024306747
0000174003300820130637013279897563
0000174013300820130638012283138517
0000174023300820130639017004076898
0000174033300820130640011618735688
0000174043300820130644012537625767
0000174053300820130646012818726621
0000174063300820130648010631173207
0000174073300820130650012492194851
0000174083300820130652017015679947
0000174093300820130657012844206605
0000174103300820130657021049925817
0000174113300820130658013361220628
0000174123300820130700020776202140
0000174133300820130700012537625627
0000174143300820130701012096086118
0000174153300820130701012096086118
0000174163300820130702012292644861
0000174173300820130702013328081568
0000174183300820130702010100960852
0000174193300820130703019023636867
0000174203300820130703012292644861
0000174213300820130703012428962444
0000174223300820130704020220297341
0000174233300820130704013044189542
0000174243300820130704012653822565
0000174253300820130706012629831606
0000174263300820130707013104661625
0000174273300820130707013402190566
0000174283300820130708012411551950
0000174293300820130708012606034815
0000174303300820130710012592522621
0000174313300820130712020379356966
0000174323300820130712019016288557
0000174333300820130713020435533538
0000174343300820130713012797199547
0000174353300820130714012371397832
0000174363300820130717012946556621
0000174373300820130717012898216587
0000174383300820130717012180612305
0000174393300820130720019005795584
0000174403300820130721016537626839
0000174413300820130723012805133589
0000174423300820130723011963448620
0000174433300820130724013124002775
0000174443300820130726012719911609
0000174453300820130727012744488625
0000174463300820130729012939013588
0000174473300820130730012588986546
0000174483300820130731012701314587
0000174493300820130750014674478274
0000174503300820130752013224770588
0000174513300820130754012840968543
0000174523300820130757013394150564
0000174533300820130802013215969547
0000174543300820130803013130379583
0000174553300820130808013364195543
0000174563300820130838016886759230
0000174573300820130906012333605830
0000174583300820131648013364195543
0000174593300820131649012840968543
0000174603300820131651013215969547
0000174613300820131800021049925817
0000174623300820131807016886759230
0000174633300820131846013040816623
0000174643300820131853013130379583
0000174653300820131854012333605830
0000174663300820131857013224770588
0000174673300820131858013394150564
0000174683300820131859021049882646
0000174693300820131901012885491606
0000174703300820131901012322973094
0000174713300820131901012744488625
0000174723300820131903012399273232
0000174733300820131903013361220628
0000174743300820131903020776202140
0000174753300820131905016034360014
0000174763300820131906012283138517
0000174773300820131915013279897563
0000174783300820131918020435533538
0000174793310820130640012957371547
0000174803310820130641012750034541
0000174813310820130641012434545841
0000174823310820130644013303439620
0000174833310820130644013182110623
0000174843310820130653012911792582
0000174853310820130654019008749834
0000174863310820130655012944831544
0000174873310820130656012322973094
0000174883310820130659017015679947
0000174893310820130659021049882646
0000174903310820130700017061545982
0000174913310820130701021049925817
0000174923310820130701011618735688
0000174933310820130702012716228622
0000174943310820130703016034360014
0000174953310820130703016034360014
0000174963310820130704012401174275
0000174973310820130704012844206605
0000174983310820130706013118932588
0000174993310820130707012588986546
0000175003310820130708017034962217
0000175013310820130709020220297341
0000175023310820130709012885491606
0000175033310820130709013040816623
0000175043310820130710020192196574
0000175053310820130710012399273232
0000175063310820130710013402190566
0000175073310820130711020766415974
0000175083310820130711013236955545
0000175093310820130712013124002775
0000175103310820130714012904729609
0000175113310820130717013104661625
0000175123310820130718012932986548
0000175153310820130720013508373850
0000175163310820130721020379356966
0000175173310820130721012537625767
0000175183310820130721012818726621
0000175193310820130724010631173207
0000175203310820130726012413557131
0000175213310820130727012492194851
0000175223310820130746013185224603
0000175233310820130751019004873506
0000175243310820131815010100960852
0000175253310820131839012946556621
0000175263310820131850012339076465
0000175273310820131852012932986548
0000175283310820131852013044189542
0000175293310820131856013439845957
0000175303310820131856012944831544
0000175313310820131858013185224603
0000175323310820131858021049882646
0000175333310820131859021049925817
0000175343310820131901012911792582
0000175353310820131901012911792582
0000175363310820131902017034962217
0000175373310820131903010655549258
0000175383310820131903012750034541
0000175393310820131906013118932588
0000175403310820131917016034360014
0000175413310820131919019008751979
0000175423310820131922012129013807
0000175433310820131931013182110623
0000175443010920130610013324513625
0000175453010920130615013303439620
0000175463010920130615020192196574
0000175473010920130648016870291692
0000175483010920130651013040748547
0000175493010920130652012430749426
0000175503010920130652012524575642
0000175513010920130653012537439726
0000175523010920130653012989075196
0000175533010920130653012596387583
0000175543010920130655013261410549
0000175553010920130657012716228622
0000175563010920130657013361220628
0000175573010920130659013074592566
0000175583010920130659011991498025
0000175593010920130659013439845957
0000175603010920130701012911792582
0000175613010920130701012339076465
0000175623010920130701020776202140
0000175633010920130702013044189542
0000175643010920130704012842157623
0000175653010920130705010100960852
0000175663010920130705012744488625
0000175673010920130705013279897563
0000175683010920130706012434545841
0000175693010920130709012957371547
0000175703010920130710012926263580
0000175713010920130710017004076898
0000175723010920130710013266830546
0000175733010920130711012946556621
0000175743010920130714017061545982
0000175753010920130714012401174275
0000175763010920130717013355688583
0000175773010920130718013508373850
0000175783010920130718012904729609
0000175793010920130719019042165912
0000175803010920130720012129013807
0000175813010920130724019008749834
0000175823010920130725019008751979
0000175833010920130728012623717542
0000175843010920130733012180612305
0000175853010920130737015000017270
0000175863010920130738013402209607
0000175873010920130748010655549258
0000175883010920130752013236955545
0000175893010920131812010100960852
0000175903010920131856012322973094
0000175913010920131856012399273232
0000175923010920131859020220297341
0000175933010920131901013361220628
0000175943010920131901012744488625
0000175953010920131901020766415974
0000175963010920131902013279897563
0000175973010920131902012129013807
0000175983010920131905012492194851
0000175993010920131906020776202140
0000176003010920131906012606034815
0000176013010920131907012885491606
0000176023010920131909012592522621
0000176033010920131914010655549258
0000176043010920131915013266830546
0000176053010920131921015000017270
0000176063010920131928021049882646
0000176073010920131930013353190561
0000176083020920130632013040748547
0000176093020920130640012750034541
0000176103020920130641012168270912
0000176113020920130646013180928564
0000176123020920130647013121453628
0000176133020920130648012761865342
0000176143020920130651012842157623
0000176153020920130651013336874563
0000176163020920130651012676591020
0000176173020920130652013364113601
0000176183020920130653012700057629
0000176193020920130654012322973094
0000176203020920130654013235462561
0000176213020920130656012339076465
0000176223020920130658021049925817
0000176233020920130659012129013807
0000176243020920130700013099645531
0000176253020920130701012944831544
0000176263020920130702012399273232
0000176273020920130703012592522621
0000176283020920130703013154100279
0000176293020920130703016870291692
0000176303020920130705012911792582
0000176313020920130705013369825561
0000176323020920130705013118932588
0000176333020920130709012926263580
0000176343020920130709012596387583
0000176353020920130709013266830546
0000176363020920130710012537439726
0000176373020920130710012989075196
0000176383020920130711010100960852
0000176393020920130713012466916713
0000176403020920130713013074592566
0000176413020920130713012606034815
0000176423020920130713012623717542
0000176433020920130714012697221540
0000176443020920130715020469790185
0000176453020920130715013261410549
0000176463020920130715012873237548
0000176473020920130715012492194851
0000176483020920130716013030338540
0000176493020920130717013402209607
0000176503020920130718012524575642
0000176513020920130721012430749426
0000176523020920130722011991498025
0000176533020920130732018194726730
0000176543020920130733017011695204
0000176553020920130745013215969547
0000176563020920130802016886759230
0000176573020920130804001216824123
0000176583020920130804012380575241
0000176593020920130810013025280548
0000176603020920130810013364195543
0000176613020920130828012840968543
0000176623020920130905012370895383
