0000173703290820130832019023636867
0000173763290820131634013215969547
0000173773290820131659016886759230
0000173783290820131659013364195543
0000173793290820131700001216824123
0000173803290820131707013025280548
0000173813290820131801010100960852
0000173823290820131839013044189542
0000173833290820131842012946556621
0000173843290820131843012592522621
0000173853290820131854012606034815
0000173863290820131857012944831544
0000173873290820131859012096086118
0000173883290820131900012750034541
0000173893290820131905013118932588
0000173903290820131910014674478274
0000173913290820131913011969119122
0000173923290820131913012653822565
0000173933290820131923013266830546
0000173943290820131923013258274621
0000173953290820131928020906748849
0000173963290820131928013439845957
0000173973290820131943019024306747
0000173983290820131954012292644861
0000173993300820130501019024306747
0000174003300820130637013279897563
0000174013300820130638012283138517
0000174023300820130639017004076898
0000174033300820130640011618735688
0000174043300820130644012537625767
0000174053300820130646012818726621
0000174063300820130648010631173207
0000174073300820130650012492194851
0000174083300820130652017015679947
0000174093300820130657012844206605
0000174103300820130657021049925817
0000174113300820130658013361220628
0000174123300820130700020776202140
0000174133300820130700012537625627
0000174143300820130701012096086118
0000174153300820130701012096086118
0000174163300820130702012292644861
0000174173300820130702013328081568
0000174183300820130702010100960852
0000174193300820130703019023636867
0000174203300820130703012292644861
0000174213300820130703012428962444
0000174223300820130704020220297341
0000174233300820130704013044189542
0000174243300820130704012653822565
0000174253300820130706012629831606
0000174263300820130707013104661625
0000174273300820130707013402190566
0000174283300820130708012411551950
0000174293300820130708012606034815
0000174303300820130710012592522621
0000174313300820130712020379356966
0000174323300820130712019016288557
0000174333300820130713020435533538
0000174343300820130713012797199547
0000174353300820130714012371397832
0000174363300820130717012946556621
0000174373300820130717012898216587
0000174383300820130717012180612305
0000174393300820130720019005795584
0000174403300820130721016537626839
0000174413300820130723012805133589
0000174423300820130723011963448620
0000174433300820130724013124002775
0000174443300820130726012719911609
0000174453300820130727012744488625
0000174463300820130729012939013588
0000174473300820130730012588986546
0000174483300820130731012701314587
0000174493300820130750014674478274
0000174503300820130752013224770588
0000174513300820130754012840968543
0000174523300820130757013394150564
0000174533300820130802013215969547
0000174543300820130803013130379583
0000174553300820130808013364195543
0000174563300820130838016886759230
0000174573300820130906012333605830
0000174583300820131648013364195543
0000174593300820131649012840968543
0000174603300820131651013215969547
0000174613300820131800021049925817
0000174623300820131807016886759230
0000174633300820131846013040816623
0000174643300820131853013130379583
0000174653300820131854012333605830
0000174663300820131857013224770588
0000174673300820131858013394150564
0000174683300820131859021049882646
0000174693300820131901012885491606
0000174703300820131901012322973094
0000174713300820131901012744488625
0000174723300820131903012399273232
0000174733300820131903013361220628
0000174743300820131903020776202140
0000174753300820131905016034360014
0000174763300820131906012283138517
0000174773300820131915013279897563
0000174783300820131918020435533538
0000174793310820130640012957371547
0000174803310820130641012750034541
0000174813310820130641012434545841
0000174823310820130644013303439620
0000174833310820130644013182110623
0000174843310820130653012911792582
0000174853310820130654019008749834
0000174863310820130655012944831544
0000174873310820130656012322973094
0000174883310820130659017015679947
0000174893310820130659021049882646
0000174903310820130700017061545982
0000174913310820130701021049925817
0000174923310820130701011618735688
0000174933310820130702012716228622
0000174943310820130703016034360014
0000174953310820130703016034360014
0000174963310820130704012401174275
0000174973310820130704012844206605
0000174983310820130706013118932588
0000174993310820130707012588986546
0000175003310820130708017034962217
0000175013310820130709020220297341
0000175023310820130709012885491606
0000175033310820130709013040816623
0000175043310820130710020192196574
0000175053310820130710012399273232
0000175063310820130710013402190566
0000175073310820130711020766415974
0000175083310820130711013236955545
0000175093310820130712013124002775
0000175103310820130714012904729609
0000175113310820130717013104661625
0000175123310820130718012932986548
0000175153310820130720013508373850
0000175163310820130721020379356966
0000175173310820130721012537625767
0000175183310820130721012818726621
0000175193310820130724010631173207
0000175203310820130726012413557131
0000175213310820130727012492194851
0000175223310820130746013185224603
0000175233310820130751019004873506
0000175243310820131815010100960852
0000175253310820131839012946556621
0000175263310820131850012339076465
0000175273310820131852012932986548
0000175283310820131852013044189542
0000175293310820131856013439845957
0000175303310820131856012944831544
0000175313310820131858013185224603
0000175323310820131858021049882646
0000175333310820131859021049925817
0000175343310820131901012911792582
0000175353310820131901012911792582
0000175363310820131902017034962217
0000175373310820131903010655549258
0000175383310820131903012750034541
0000175393310820131906013118932588
0000175403310820131917016034360014
0000175413310820131919019008751979
0000175423310820131922012129013807
0000175433310820131931013182110623
0000175443010920130610013324513625
0000175453010920130615013303439620
0000175463010920130615020192196574
0000175473010920130648016870291692
0000175483010920130651013040748547
0000175493010920130652012430749426
0000175503010920130652012524575642
0000175513010920130653012537439726
0000175523010920130653012989075196
0000175533010920130653012596387583
0000175543010920130655013261410549
0000175553010920130657012716228622
0000175563010920130657013361220628
0000175573010920130659013074592566
0000175583010920130659011991498025
0000175593010920130659013439845957
0000175603010920130701012911792582
0000175613010920130701012339076465
0000175623010920130701020776202140
0000175633010920130702013044189542
0000175643010920130704012842157623
0000175653010920130705010100960852
0000175663010920130705012744488625
0000175673010920130705013279897563
0000175683010920130706012434545841
0000175693010920130709012957371547
0000175703010920130710012926263580
0000175713010920130710017004076898
0000175723010920130710013266830546
0000175733010920130711012946556621
0000175743010920130714017061545982
0000175753010920130714012401174275
0000175763010920130717013355688583
0000175773010920130718013508373850
0000175783010920130718012904729609
0000175793010920130719019042165912
0000175803010920130720012129013807
0000175813010920130724019008749834
0000175823010920130725019008751979
0000175833010920130728012623717542
0000175843010920130733012180612305
0000175853010920130737015000017270
0000175863010920130738013402209607
0000175873010920130748010655549258
0000175883010920130752013236955545
0000175893010920131812010100960852
0000175903010920131856012322973094
0000175913010920131856012399273232
0000175923010920131859020220297341
0000175933010920131901013361220628
0000175943010920131901012744488625
0000175953010920131901020766415974
0000175963010920131902013279897563
0000175973010920131902012129013807
0000175983010920131905012492194851
0000175993010920131906020776202140
0000176003010920131906012606034815
0000176013010920131907012885491606
0000176023010920131909012592522621
0000176033010920131914010655549258
0000176043010920131915013266830546
0000176053010920131921015000017270
0000176063010920131928021049882646
0000176073010920131930013353190561
0000176083020920130632013040748547
0000176093020920130640012750034541
0000176103020920130641012168270912
0000176113020920130646013180928564
0000176123020920130647013121453628
0000176133020920130648012761865342
0000176143020920130651012842157623
0000176153020920130651013336874563
0000176163020920130651012676591020
0000176173020920130652013364113601
0000176183020920130653012700057629
0000176193020920130654012322973094
0000176203020920130654013235462561
0000176213020920130656012339076465
0000176223020920130658021049925817
0000176233020920130659012129013807
0000176243020920130700013099645531
0000176253020920130701012944831544
0000176263020920130702012399273232
0000176273020920130703012592522621
0000176283020920130703013154100279
0000176293020920130703016870291692
0000176303020920130705012911792582
0000176313020920130705013369825561
0000176323020920130705013118932588
0000176333020920130709012926263580
0000176343020920130709012596387583
0000176353020920130709013266830546
0000176363020920130710012537439726
0000176373020920130710012989075196
0000176383020920130711010100960852
0000176393020920130713012466916713
0000176403020920130713013074592566
0000176413020920130713012606034815
0000176423020920130713012623717542
0000176433020920130714012697221540
0000176443020920130715020469790185
0000176453020920130715013261410549
0000176463020920130715012873237548
0000176473020920130715012492194851
0000176483020920130716013030338540
0000176493020920130717013402209607
0000176503020920130718012524575642
0000176513020920130721012430749426
0000176523020920130722011991498025
0000176533020920130732018194726730
0000176543020920130733017011695204
0000176553020920130745013215969547
0000176563020920130802016886759230
0000176573020920130804001216824123
0000176583020920130804012380575241
0000176593020920130810013025280548
0000176603020920130810013364195543
0000176613020920130828012840968543
0000176623020920130905012370895383
0000178823020920131700016886759230
0000178833020920131707013215969547
0000178843020920131712013364195543
0000178853020920131714012840968543
0000178863020920131724013025280548
0000178873020920131825010100960852
0000178883020920131843012946556621
0000178893020920131851013044189542
0000178903020920131854012944831544
0000178913020920131854012524575642
0000178923020920131859014804778272
0000178933020920131901012885491606
0000178943020920131901012750034541
0000178953020920131901017011695204
0000178963020920131902012831479543
0000178973020920131902012292644861
0000178983020920131904012606034815
0000178993020920131905012592522621
0000179003020920131905013180928564
0000179013020920131907012911792582
0000179023020920131910012380575241
0000179033020920131911013266830546
0000179043020920131912019027927076
0000179053020920131917013118932588
0000179063030920130636013279897563
0000179073030920130636013066137588
0000179083030920130638013254077546
0000179093030920130639012168270912
0000179103030920130640012283138517
0000179113030920130645012805133589
0000179123030920130652017049344913
0000179133030920130652016034360014
0000179143030920130653012413351398
0000179153030920130653012287861264
0000179163030920130654012562435542
0000179173030920130654012225453138
0000179183030920130654020469790185
0000179193030920130655013361220628
0000179203030920130657020776202140
0000179213030920130657010108438675
0000179223030920130658012744488625
0000179233030920130658012405580316
0000179243030920130701012339076465
0000179253030920130701010100960852
0000179263030920130701013044189542
0000179273030920130703012831479543
0000179283030920130703012700057629
0000179293030920130704012292644861
0000179303030920130704013121453628
0000179313030920130705012715050587
0000179323030920130705013364113601
0000179333030920130706013235462561
0000179343030920130707012592522621
0000179353030920130710020484714567
0000179363030920130710013336874563
0000179373030920130710019040265995
0000179383030920130711013099645531
0000179393030920130712013369825561
0000179403030920130715013154100279
0000179413030920130715012514702862
0000179423030920130718012676591020
0000179433030920130718012946556621
0000179443030920130719013213787581
0000179453030920130720013260048625
0000179463030920130721012873237548
0000179473030920130724012761865342
0000179483030920130725012466916713
0000179493030920130728012519249104
0000179503030920130735012307317343
0000179513030920130736012370895383
0000179523030920130742013394150564
0000179533030920130742012697221540
0000179543030920130753012198112975
0000179553030920130756013130379583
0000179563030920130801013030338540
0000179573030920130803013215969547
0000186153030920131707016886759230
0000186163030920131709012840968543
0000186173030920131709013215969547
0000186183030920131848021049882646
0000186193030920131849020766415974
0000186203030920131850013040816623
0000186213030920131853014804778272
0000186223030920131854020484714567
0000186233030920131855017004076898
0000186243030920131855013224770588
0000186253030920131856013394150564
0000186263030920131856012322973094
0000186273030920131857012399273232
0000186283030920131900020776202140
0000186293030920131901013361220628
0000186303030920131901016034360014
0000186313030920131902012744488625
0000186323030920131905012283138517
0000186333030920131911012805133589
0000186343030920131912012885491606
0000186353030920131917012129013807
0000186363030920131926019020410744
0000186373030920131937019023636867
0000186383040920130617016537626839
0000186393040920130635019040265995
0000186403040920130644012750034541
0000186413040920130649012749793620
0000186423040920130649012411551950
0000186433040920130652012719911609
0000186443040920130653020220297341
0000186453040920130653012701314587
0000186463040920130654013001371543
0000186473040920130654013254077546
0000186483040920130656012944831544
0000186493040920130657012322973094
0000186503040920130700012885491606
0000186513040920130700013182110623
0000186523040920130700021049925817
0000186533040920130701012399273232
0000186543040920130701012399273232
0000186553040920130702016877419147
0000186563040920130703012797199547
0000186573040920130704020906748849
0000186583040920130704020766415974
0000186593040920130704012514702862
0000186603040920130705010108438675
0000186613040920130705011963448620
0000186623040920130706021049882646
0000186633040920130706012805133589
0000186643040920130706012562435542
0000186653040920130706012915490548
0000186663040920130710013118932588
0000186673040920130711012287861264
0000186683040920130715012428962444
0000186693040920130716012225453138
0000186703040920130716013040816623
0000186713040920130717013258274621
0000186723040920130719012413351398
0000186733040920130719013130379583
0000186743040920130720012715050587
0000186773040920130723019018435905
0000186783040920130723013328081568
0000186793040920130723012307317343
0000186803040920130726017049344913
0000186813040920130727012198112975
0000186823040920130730013066137588
0000186833040920130735017004076898
0000186843040920130735013266830546
0000186853040920130804013364195543
0000186863040920130806012519249104
0000186873040920130807013215969547
0000186883040920130807013213787581
0000186893040920130812014012529273
0000186903040920130818013025280548
0000186913040920130822012608607588
0000186923040920130826012840968543
0000186933040920130829016886759230
0000186943040920130837001216824123
0000186953040920130838012396189982
0000193533040920131530013025280548
0000193543040920131642016886759230
0000193553040920131652020220297341
0000193563040920131700012840968543
0000193573040920131700013364195543
0000193583040920131705013215969547
0000193593040920131822010100960852
0000193603040920131847012434545841
0000193613040920131847012946556621
0000193623040920131850013044189542
0000193633040920131857012944831544
0000193643040920131858012831479543
0000193653040920131859016034360014
0000193663040920131859012592522621
0000193673040920131902012750034541
0000193683040920131907014012529273
0000193693040920131908021049882646
0000193703040920131908013182110623
0000193713040920131913013118932588
0000193723040920131914013266830546
0000193733040920131940020906748849
0000193743040920131945011969119122
0000193753040920131948019024306747
0000193763050920130633013336874563
0000193773050920130642013439845957
0000193783050920130643012283138517
0000193793050920130643012537625767
0000193803050920130646012492194851
0000193813050920130648012629831606
0000193823050920130650012744488625
0000193833050920130652012818726621
0000193843050920130652012434545841
0000193853050920130656013279897563
0000193863050920130700016877419147
0000193873050920130701012411551950
0000193883050920130701019005795584
0000193893050920130701013001371543
0000193903050920130702020906748849
0000193913050920130702013361220628
0000193923050920130702020776202140
0000193933050920130703012592522621
0000193943050920130704012537625627
0000193953050920130705020484714567
0000193963050920130705012428962444
0000193973050920130705019016288557
0000193983050920130706016034360014
0000193993050920130706016034360014
0000194003050920130707013044189542
0000194013050920130707010100960852
0000194023050920130708016537626839
0000194033050920130709012180612305
0000194043050920130710013254077546
0000194053050920130710017067259558
0000194063050920130710012831479543
0000194073050920130711017004076898
0000194083050920130711012701314587
0000194093050920130712013124002775
0000194103050920130712012805133589
0000194113050920130713012898216587
0000194123050920130716012749793620
0000194133050920130716019020410744
0000194143050920130717012719911609
0000194153050920130718012396189982
0000194163050920130719012946556621
0000194173050920130722013258274621
0000194203050920130724010631173207
0000194213050920130724016122915395
0000194223050920130725019004873506
0000194233050920130725021049882646
0000194243050920130726012797199547
0000194253050920130726020435533538
0000194263050920130727012915490548
0000194273050920130736012588986546
0000194283050920130753013215969547
0000194293050920130753019023636867
0000194303050920130802013364195543
0000194313050920130817012840968543
0000194323050920130832001216824123
0000194333050920131558012840968543
0000194343050920131559013364195543
0000194353050920131648013215969547
0000194363050920131651016886759230
0000194373050920131852013040816623
0000194383050920131857012744488625
0000194393050920131858012322973094
0000194403050920131858020766415974
0000194413050920131859012399273232
0000194423050920131900020776202140
0000194433050920131900013361220628
0000194443050920131901013336874563
0000194453050920131902020484714567
0000194463050920131903020435533538
0000194473050920131906012283138517
0000194483050920131910013279897563
0000194493050920131910012129013807
0000194503050920131911014674478274
0000194513050920131911013439845957
0000194523050920131912016034360014
0000194533050920131912013254077546
0000194543050920131914020906748849
0000194553050920131919012606034815
0000194563050920131936019020410744
0000194573060920130622013303439620
0000194583060920130629012750034541
0000194593060920130632012333605830
0000194603060920130638013182110623
0000194613060920130642012434545841
0000194623060920130643012957371547
0000194633060920130643012168270912
0000194643060920130645013104661625
0000194653060920130647014674478274
0000194663060920130649012904729609
0000194673060920130650012322973094
0000194683060920130651017015679947
0000194693060920130651020220297341
0000194703060920130653012716228622
0000194713060920130655021049925817
0000194723060920130655012606034815
0000194733060920130656019008749834
0000194743060920130657012844206605
0000194753060920130657012399273232
0000194763060920130658012492194851
0000194773060920130701019005795584
0000194783060920130703012129013807
0000194793060920130703013118932588
0000194803060920130704020435533538
0000194813060920130704013040816623
0000194823060920130707012818726621
0000194833060920130708012932986548
0000194843060920130708019008751979
0000194853060920130708013124002775
0000194863060920130710012537625627
0000194873060920130710012180612305
0000194883060920130710011618735688
0000194893060920130712012898216587
0000194903060920130719012947608609
0000194913060920130719012537625767
0000194923060920130719016122915395
0000194933060920130720020379356966
0000194943060920130722012588986546
0000194953060920130722010631173207
0000194963060920130729012629831606
0000194973060920130730013266830546
0000194983060920130733019004873506
0000194993060920130733019004873506
0000195003060920130735017034962217
0000195013060920130741019023636867
0000195023060920130746017004076898
0000195033060920130749013394150564
0000195043060920130803013215969547
0000195053060920130817013130379583
0000195063060920130817001216824123
0000195073060920130838016886759230
0000195083060920130839012840968543
0000195093060920131700016886759230
0000195103060920131700013364195543
0000195113060920131700013215969547
0000195123060920131835010100960852
0000195133060920131854013130379583
0000195143060920131855013394150564
0000195153060920131856012946556621
0000195163060920131856012946556621
0000195173060920131901012333605830
0000195183060920131902013044189542
0000195193060920131904012750034541
0000195203060920131907020766415974
0000195213060920131908012831479543
0000195223060920131913013118932588
0000195233060920131915020220297341
0000195243060920131923013266830546
0000195253060920131946012606034815
0000195263060920131948012592522621
0000195273070920130617012904729609
0000195283070920130629012168270912
0000195293070920130640012283138517
0000195303070920130649012401174275
0000195313070920130651012596387583
0000195323070920130658020776202140
0000195333070920130700012831479543
0000195343070920130700020484714567
0000195353070920130700012492194851
0000195363070920130700012946556621
0000195373070920130700012946556621
0000195383070920130701012747642560
0000195393070920130701020906748849
0000195403070920130702012434545841
0000195413070920130702012844206605
0000195423070920130702013044189542
0000195433070920130703012592522621
0000195443070920130703010100960852
0000195453070920130703012592522621
0000195463070920130705013508373850
0000195473070920130707012537439726
0000195483070920130708013279897563
0000195493070920130712016870291692
0000195503070920130712019008751979
0000195513070920130712019008749834
0000195523070920130713013254077546
0000195533070920130714013303439620
0000195543070920130714012932986548
0000195553070920130717013040748547
0000195563070920130719013236955545
0000195573070920130720012606034815
0000195583070920130720013402209607
0000195593070920130721020435533538
0000195603070920130721017015679947
0000195613070920130724012957371547
0000195623070920130724013182110623
0000195633070920130729012623717542
0000195643070920130730017034962217
0000195653070920130732013104661625
0000195663070920130733011618735688
0000195673070920130734016034360014
0000195683070920130738013185224603
0000195693070920130754017061545982
0000195703070920131844012129013807
0000195713070920131849021049882646
0000195723070920131853020766415974
0000195733070920131853010100960852
0000195743070920131853012322973094
0000195753070920131856012399273232
0000195763070920131900020776202140
0000195773070920131900013254077546
0000195783070920131901012283138517
0000195793070920131902012946556621
0000195803070920131904020484714567
0000195813070920131908016034360014
0000195823070920131912012592522621
0000195833070920131916012492194851
0000195843070920131935013185224603
0000195853070920131937012932986548
0000195863080920130629013369825561
0000195873080920130636013336874563
0000195883080920130636012676591020
0000195893080920130641013040748547
0000195903080920130645012434545841
0000195913080920130650016870291692
0000195923080920130652012761865342
0000195933080920130653012750034541
0000195943080920130653012911792582
0000195953080920130654012944831544
0000195963080920130654013261410549
0000195973080920130654013121453628
0000195983080920130654013118932588
0000195993080920130655013074592566
0000196003080920130656013364113601
0000196013080920130658021049882646
0000196023080920130702012700057629
0000196033080920130703012926263580
0000196043080920130703020906748849
0000196053080920130705013508373850
0000196063080920130706017061545982
0000196073080920130706020766415974
0000196083080920130707012129013807
0000196093080920130708012537439726
0000196103080920130708012322973094
0000196113080920130709012747642560
0000196123080920130711018194726730
0000196133080920130712012339076465
0000196143080920130714012697221540
0000196153080920130716013030338540
0000196163080920130716012399273232
0000196173080920130717013266830546
0000196183080920130718012401174275
0000196193080920130718011991498025
0000196203080920130719012370895383
0000196213080920130719013154100279
0000196223080920130720012596387583
0000196233080920130722013402209607
0000196243080920130722013279897563
0000196253080920130722020220297341
0000196263080920130724012932986548
0000196273080920130726013236955545
0000196283080920130730015000017270
0000196293080920130800012623717542
0000196303080920131628012873237548
0000196313080920131633012932986548
0000196323080920131835012946556621
0000196333080920131847010100960852
0000196343080920131856012944831544
0000196353080920131901013044189542
0000196363080920131902012096086118
0000196373080920131902016034360014
0000196383080920131908013118932588
0000196393080920131910020220297341
0000196403080920131910013266830546
0000196413080920131912012750034541
0000196423080920131920012606034815
0000196433080920131921012592522621
0000196443080920131930013279897563
0000196453080920131936015000017270
0000196463090920130638012466916713
0000196473090920130644020220297341
0000196483090920130645012744488625
0000196493090920130647013066137588
0000196503090920130647013066137588
0000196513090920130650012283138517
0000196523090920130650013369825561
0000196533090920130655013260048625
0000196543090920130656013235462561
0000196553090920130657012676591020
0000196563090920130658012198112975
0000196573090920130659012514702862
0000196583090920130700013099645531
0000196593090920130700012096086118
0000196603090920130701013361220628
0000196613090920130703012592522621
0000196623090920130703012287861264
0000196633090920130703020776202140
0000196643090920130704012805133589
0000196653090920130705012946556621
0000196663090920130706012225453138
0000196673090920130706012700057629
0000196683090920130707013044189542
0000196693090920130710013121453628
0000196703090920130712020469790185
0000196713090920130713012715050587
0000196723090920130714013254077546
0000196733090920130714012761865342
0000196743090920130715013180928564
0000196753090920130715012926263580
0000196763090920130715012339076465
0000196773090920130717013074592566
0000196783090920130717019040265995
0000196793090920130719013364113601
0000196803090920130722013213787581
0000196813090920130722012519249104
0000196823090920130725013279897563
0000196833090920130725018194726730
0000196843090920130728013261410549
0000196853090920130730012434545841
0000196863090920130730013154100279
0000196893090920130733012292100241
0000196903090920130733012606034815
0000196913090920130738012307317343
0000196923090920130740012873237548
0000196933090920130744020484714567
0000196943090920130748017011695204
0000196953090920130749012380575241
0000196963090920130751013364195543
0000196973090920130758013215969547
0000196983090920130803012911792582
0000196993090920130807013030338540
0000197003090920130814012370895383
0000197013090920130823001216824123
0000197023090920130834012840968543
0000197033090920130838016886759230
0000197043090920130928011991498025
0000197053090920130942013025280548
