0000083803250720131556013215969547
0000083833250720131707012840968543
0000083843250720131707013364195543
0000083853250720131709016886759230
0000083863250720131801013025280548
0000083873250720131825013040816623
0000083883250720131844012339076465
0000083893250720131845012399273232
0000083923250720131848011991498025
0000083933250720131848021049882646
0000083943250720131850020766415974
0000083953250720131850012322973094
0000083963250720131855012885491606
0000083973250720131856020484714567
0000083983250720131856012129013807
0000083993250720131857021049925817
0000084003250720131901020776202140
0000084013250720131905012744488625
0000084023250720131910020435533538
0000084033250720131917012292644861
0000084043250720131931014674478274
0000084053260720130638019008749834
0000084063260720130638012957371547
0000084073260720130639012749793620
0000084083260720130641012944831544
0000084093260720130642012283138517
0000084103260720130642017034962217
0000084113260720130648012844206605
0000084123260720130650012434545841
0000084133260720130651012932986548
0000084143260720130653013182110623
0000084153260720130653020192196574
0000084163260720130655012904729609
0000084173260720130655013118932588
0000084183260720130656017015679947
0000084193260720130656012831479543
0000084203260720130658019005795584
0000084213260720130700012339076465
0000084223260720130700012537625767
0000084233260720130702013040816623
0000084243260720130702013099645531
0000084253260720130702012322973094
0000084263260720130703012716228622
0000084273260720130704012399273232
0000084283260720130706017004076898
0000084293260720130707019008751979
0000084303260720130709021049882646
0000084313260720130709012413557131
0000084323260720130712012818726621
0000084333260720130713012750034541
0000084343260720130714013266830546
0000084353260720130714012898216587
0000084363260720130715012292644861
0000084373260720130715012180612305
0000084383260720130716013124002775
0000084393260720130718012588986546
0000084403260720130718012492194851
0000084413260720130721010631173207
0000084423260720130723013402190566
0000084433260720130725012629831606
0000084443260720130725017067259558
0000084453260720130727019004873506
0000084463260720130727014674478274
0000084473260720130745013130379583
0000084483260720130750013025280548
0000084493260720130757012840968543
0000084503260720130812016886759230
0000084513260720130813013215969547
0000084523260720130831013394150564
0000084533260720130831013364195543
0000084543260720131651013215969547
0000084553260720131651012840968543
0000084563260720131651016886759230
0000084573260720131732013025280548
0000084583260720131753020906748849
0000084593260720131812013118932588
0000084603260720131812013040816623
0000084613260720131813013040816623
0000084623260720131813013040816623
0000084633260720131821017034962217
0000084643260720131838012592522621
0000084653260720131840012946556621
0000084663260720131841013044189542
0000084673260720131852013130379583
0000084683260720131853013394150564
0000084693260720131859012750034541
0000084703260720131901012944831544
0000084713260720131903012831479543
0000084723260720131905012283138517
0000084733260720131910021049882646
0000084743260720131913012096086118
0000084753260720131915013266830546
0000084763270720130621012811212541
0000084773270720130636012430749426
0000084783270720130642013279897563
0000084793270720130649012747642560
0000084803270720130650012744488625
0000084813270720130651012596387583
0000084823270720130658020776202140
0000084833270720130659012401174275
0000084843270720130659012939013588
0000084853270720130659013254077546
0000084863270720130700012592522621
0000084873270720130701013040816623
0000084883270720130701013236955545
0000084893270720130701012844206605
0000084903270720130702013355688583
0000084913270720130702012842157623
0000084923270720130702016870291692
0000084933270720130702012096086118
0000084943270720130703013044189542
0000084953270720130703020220297341
0000084963270720130704013334356581
0000084973270720130705013361220628
0000084983270720130706017015679947
0000084993270720130707020192196574
0000085003270720130707012957371547
0000085013270720130707013182110623
0000085023270720130708012623717542
0000085033270720130712012434545841
0000085043270720130713012129013807
0000085053270720130718017004076898
0000085063270720130719012716228622
0000085073270720130719012180612305
0000085083270720130719019008751979
0000085093270720130720019008749834
0000085103270720130723013099645531
0000085113270720130723012946556621
0000085123270720130724020484714567
0000085133270720130726012932986548
0000085143270720130726021049882646
0000085153270720130727013030338540
0000085163270720130730012749793620
0000085173270720130803012904729609
0000085183270720130824020906748849
0000085193270720130852012608607588
0000085203270720131129013402209607
0000085213270720131827013040816623
0000085223270720131843020766415974
0000085233270720131844012292644861
0000085243270720131845012399273232
0000085253270720131852012322973094
0000085263270720131857013361220628
0000085273270720131859020776202140
0000085283270720131901012744488625
0000085293270720131902012129013807
0000085303270720131902012701314587
0000085313270720131908021049882646
0000085323270720131923013355688583
0000085333270720131929013030338540
0000085343270720131936017004076898
0000085353270720131936017004076898
0000085363270720131952013276672854
0000085373280720130636012168270912
0000085383280720130641012339076465
0000085393280720130641012283138517
0000085403280720130645013121453628
0000085413280720130650012873237548
0000085423280720130650012292644861
0000085433280720130650013254077546
0000085443280720130652013334356581
0000085453280720130653012676591020
0000085463280720130653013364113601
0000085473280720130654013369825561
0000085483280720130654012846455629
0000085493280720130655012750034541
0000085503280720130655010108438675
0000085513280720130655013254077546
0000085523280720130656012911792582
0000085533280720130657012399273232
0000085543280720130658021049882646
0000085553280720130659012761865342
0000085563280720130659012944831544
0000085573280720130700018194726730
0000085583280720130702020220297341
0000085593280720130703012701314587
0000085603280720130703012322973094
0000085613280720130704016870291692
0000085623280720130706012700057629
0000085633280720130706012430749426
0000085643280720130706013266830546
0000085653280720130707012370895383
0000085663280720130707013118932588
0000085673280720130707013040816623
0000085683280720130709012939013588
0000085693280720130710013074592566
0000085703280720130712012401174275
0000085713280720130713013402209607
0000085723280720130714013279897563
0000085733280720130714020766415974
0000085743280720130722012596387583
0000085753280720130726012180612305
0000085763280720130727012697221540
0000085773280720130733015000017270
0000085783280720130754012811212541
0000085793280720130803013236955545
0000085803280720130813012623717542
0000085813280720131815010100960852
0000085823280720131833012946556621
0000085833280720131846013044189542
0000085843280720131853013130379583
0000085853280720131858012944831544
0000085863280720131900012750034541
0000085873280720131903012592522621
0000085883280720131910012606034815
0000085893280720131911013118932588
0000085903280720131914012283138517
0000085913280720131916015000017270
0000085923280720131920012096086118
0000085933280720131935013266830546
0000085943280720132051012283089621
0000085953290720130508013276672854
0000085963290720130511012283089621
0000085973290720130632012524575642
0000085983290720130635013066137588
0000085993290720130636013254077546
0000086003290720130638012466916713
0000086013290720130638012168270912
0000086023290720130645012413351398
0000086033290720130652012744488625
0000086043290720130653013279897563
0000086053290720130654013369825561
0000086063290720130655012225453138
0000086073290720130655012283138517
0000086083290720130656012129013807
0000086093290720130657020776202140
0000086103290720130657012700057629
0000086113290720130658012592522621
0000086123290720130659013361220628
0000086133290720130659010100960852
0000086143290720130700019040265995
0000086153290720130702010108438675
0000086163290720130703011618735688
0000086173290720130703012405580316
0000086183290720130705013260048625
0000086193290720130706020469790185
0000086203290720130706012946556621
0000086213290720130706012911792582
0000086223290720130707012514702862
0000086233290720130709020220297341
0000086243290720130709012339076465
0000086253290720130709013121453628
0000086263290720130709012761865342
0000086273290720130711013364113601
0000086283290720130712012676591020
0000086293290720130712012873237548
0000086303290720130713013213787581
0000086313290720130713012846455629
0000086323290720130713012198112975
0000086333290720130714013044189542
0000086343290720130714012606034815
0000086353290720130718020484714567
0000086363290720130723013074592566
0000086373290720130725012697221540
0000086383290720130725018194726730
0000086393290720130728012715050587
0000086403290720130728012519249104
0000086413290720130729012307317343
0000086423290720130730012180612305
0000086433290720130734012380575241
0000086443290720130744017011695204
0000086453290720130745013215969547
0000086463290720130748012370895383
0000086473290720130755013025280548
0000086483290720130803016886759230
0000086493290720130854013364195543
0000086503290720131705012840968543
0000086513290720131705013364195543
0000086523290720131707016886759230
0000086533290720131724013025280548
0000086543290720131730013215969547
0000086553290720131805012292644861
0000086563290720131826013040816623
0000086573290720131839012399273232
0000086583290720131841012537625767
0000086593290720131841014804778272
0000086603290720131848020766415974
0000086613290720131854012322973094
0000086623290720131855021049882646
0000086633290720131859019027927076
0000086643290720131901013361220628
0000086653290720131903020776202140
0000086663290720131903012129013807
0000086673290720131903017011695204
0000086683290720131903020484714567
0000086693290720131910013279897563
0000086703290720131910012283138517
0000086713290720131910012653822565
0000086723290720131912012380575241
0000086733300720130611016537626839
0000086743300720130619012701314587
0000086753300720130635012805133589
0000086763300720130635012719911609
0000086773300720130637013328081568
0000086783300720130640012411551950
0000086793300720130640011969119122
0000086803300720130642019040265995
0000086813300720130647017049344913
0000086823300720130648011963448620
0000086833300720130650020220297341
0000086843300720130653012944831544
0000086853300720130653010108438675
0000086863300720130657012562435542
0000086873300720130657012750034541
0000086883300720130658020469790185
0000086893300720130658012371397832
0000086903300720130658021049925817
0000086913300720130659021049882646
0000086923300720130659013254077546
0000086933300720130701012413351398
0000086943300720130701012537625767
0000086953300720130701019024306747
0000086963300720130701012514702862
0000086973300720130701012939013588
0000086983300720130702013118932588
0000086993300720130702012399273232
0000087003300720130703012322973094
0000087013300720130704012653822565
0000087023300720130706011618735688
0000087033300720130706020766415974
0000087043300720130707012885491606
0000087053300720130709012292644861
0000087063300720130711012428962444
0000087073300720130712017004076898
0000087083300720130712013040816623
0000087093300720130712013258274621
0000087103300720130713012466916713
0000087113300720130713012180612305
0000087123300720130714019023636867
0000087133300720130714012524575642
0000087143300720130716013266830546
0000087153300720130717012715050587
0000087163300720130717012405580316
0000087173300720130719012797199547
0000087183300720130721013066137588
0000087193300720130727012519249104
0000087203300720130728013213787581
0000087213300720130740013394150564
0000087223300720130744013224770588
0000087233300720130749013215969547
0000087243300720130751012198112975
0000087253300720130751012198112975
0000087263300720130752013025280548
0000087273300720130753013130379583
0000087283300720130822012307317343
0000087293300720130830016886759230
0000087303300720130836013364195543
0000087313300720131555013215969547
0000087323300720131709013364195543
0000087333300720131709012840968543
0000087343300720131717016886759230
0000087353300720131723013025280548
0000087363300720131820010100960852
0000087373300720131837012946556621
0000087383300720131838013044189542
0000087393300720131853014804778272
0000087403300720131854013394150564
0000087413300720131856012606034815
0000087423300720131857012831479543
0000087433300720131859013118932588
0000087443300720131859012944831544
0000087453300720131901012750034541
0000087463300720131910021049882646
0000087473300720131910021049925817
0000087483300720131911017004076898
0000087493300720131912013266830546
0000087503300720131913020220297341
0000087513300720131913013224770588
0000087523300720131934019020410744
0000087533300720131945012096086118
0000087543300720132042012283089621
0000087553310720130629012283089621
0000087563310720130642012413351398
0000087573310720130644012492194851
0000087583310720130649012537625767
0000087593310720130650012283138517
0000087603310720130651012749793620
0000087613310720130653013402190566
0000087623310720130654010631173207
0000087633310720130654013361220628
0000087643310720130657020776202140
0000087653310720130658012915490548
0000087663310720130659012413557131
0000087673310720130659013001371543
0000087683310720130702012096086118
0000087693310720130702014012529273
0000087703310720130702013044189542
0000087713310720130704012831479543
0000087723310720130704012562435542
0000087733310720130704012818726621
0000087743310720130705016877419147
0000087753310720130705013124002775
0000087763310720130705012744488625
0000087773310720130706012411551950
0000087783310720130706013258274621
0000087793310720130707019024306747
0000087803310720130708012129013807
0000087813310720130709020379356966
0000087823310720130710013279897563
0000087833310720130710013328081568
0000087843310720130711019004873506
0000087853310720130712010108438675
0000087863310720130714012939013588
0000087873310720130714017049344913
0000087883310720130714012701314587
0000087893310720130715016537626839
0000087903310720130715012428962444
0000087913310720130715012946556621
0000087923310720130717013130379583
0000087933310720130719012606034815
0000087943310720130719012606034815
0000087953310720130719021049882646
0000087963310720130720012371397832
0000087973310720130720012719911609
0000087983310720130720012797199547
0000087993310720130725019020410744
0000088003310720130728011969119122
0000088013310720130729020484714567
0000088023310720130730012180612305
0000088033310720130735013215969547
0000088043310720130743011963448620
0000088053310720130744017004076898
0000088063310720130744017004076898
0000088073310720130746012805133589
0000088083310720130755013025280548
0000088093310720130801013364195543
0000088103310720130811012608607588
0000088113310720130826016886759230
0000088123310720130906012588986546
0000088153310720131658013215969547
0000088163310720131659013364195543
0000088183310720131721013025280548
0000088193310720131840013040816623
0000088203310720131842020766415974
0000088213310720131847012399273232
0000088223310720131850012322973094
0000088233310720131855013361220628
0000088243310720131857012292644861
0000088253310720131900020776202140
0000088263310720131902012744488625
0000088273310720131902012885491606
0000088283310720131903013279897563
0000088293310720131905020484714567
0000088303310720131905012283138517
0000088313310720131906012129013807
0000088323010820130618012904729609
0000088333010820130637012750034541
0000088343010820130637012957371547
0000088353010820130639012434545841
0000088363010820130640020220297341
0000088373010820130644019008749834
0000088383010820130648013182110623
0000088393010820130648012606034815
0000088403010820130649012629831606
0000088413010820130653012944831544
0000088423010820130653012322973094
0000088433010820130653012885491606
0000088443010820130654012701314587
0000088453010820130654012932986548
0000088463010820130656020766415974
0000088473010820130657012898216587
0000088483010820130657021049925817
0000088493010820130701012492194851
0000088503010820130701013118932588
0000088513010820130701013266830546
0000088523010820130702016877419147
0000088533010820130702013040816623
0000088543010820130703012396189982
0000088553010820130705012413351398
0000088563010820130705019005795584
0000088573010820130706012537625767
0000088583010820130706013124002775
0000088593010820130706013001371543
0000088603010820130706017067259558
0000088613010820130707012399273232
0000088623010820130710020192196574
0000088633010820130711011991498025
0000088643010820130712012749793620
0000088653010820130712012180612305
0000088663010820130717013402190566
0000088673010820130718017034962217
0000088683010820130722012307317343
0000088693010820130728020379356966
0000088703010820130729012818726621
0000088713010820130732012588986546
0000088723010820130732019004873506
0000088733010820130736019008751979
0000088743010820130737012413557131
0000088753010820130738013025280548
0000088763010820130738012292644861
0000088773010820130738012915490548
0000088783010820130749017004076898
0000088793010820130755013364195543
0000088803010820130802010631173207
0000088813010820130802012840968543
0000088823010820130813013215969547
0000088833010820130824016886759230
0000088843010820130835013324513625
0000088853010820131658013215969547
0000088863010820131700013364195543
0000088873010820131701013025280548
0000088883010820131706016886759230
0000088893010820131706012840968543
0000088903010820131836010100960852
0000088913010820131837012946556621
0000088923010820131846012524575642
0000088933010820131849012750034541
0000088943010820131849013044189542
0000088953010820131900012606034815
0000088963010820131901012944831544
0000088973010820131901021049925817
0000088983010820131902013118932588
0000088993010820131903014674478274
0000089003010820131905011991498025
0000089013010820131910012307317343
0000089023010820131915013266830546
0000089033010820131919012592522621
0000089043010820131921012096086118
0000089053010820131936019023636867
0000089063010820131951019008751979
0000089073010820131951013276672854
0000089083010820132036012283089621
0000089093020820130519012283089621
0000089103020820130552020192196574
0000089113020820130600013276672854
0000089123020820130646013104661625
0000089133020820130647012747642560
0000089143020820130647012430749426
0000089153020820130648020776202140
0000089163020820130648012989075196
0000089173020820130649012596387583
0000089183020820130650012333605830
0000089193020820130651013361220628
0000089203020820130652013099645531
0000089213020820130654017015679947
0000089223020820130656019023636867
0000089233020820130656019023636867
0000089243020820130656012283138517
0000089253020820130657012129013807
0000089263020820130659012744488625
0000089273020820130700016870291692
0000089283020820130701012844206605
0000089293020820130701012946556621
0000089303020820130702012842157623
0000089313020820130703012623717542
0000089323020820130703010100960852
0000089333020820130703019005795584
0000089343020820130704012592522621
0000089353020820130705013030338540
0000089363020820130707012957371547
0000089373020820130707012606034815
0000089383020820130708012434545841
0000089393020820130708020484714567
0000089403020820130708013355688583
0000089413020820130708019008749834
0000089423020820130709012898216587
0000089433020820130712013044189542
0000089443020820130713014674478274
0000089453020820130713012096086118
0000089463020820130717020220297341
0000089473020820130718013402190566
0000089483020820130720013182110623
0000089493020820130723012180612305
0000089503020820130723012701314587
0000089513020820130724012932986548
0000089523020820130725013279897563
0000089533020820130725013402209607
0000089543020820130726017034962217
0000089553020820130727013215969547
0000089563020820130731012629831606
0000089573020820130733012524575642
0000089583020820130743013025280548
0000089593020820130752012904729609
0000089603020820130754013394150564
0000089613020820130819013130379583
0000089623020820130830012840968543
0000089633020820130838016886759230
0000091683020820131554013215969547
0000091693020820131714012840968543
0000091703020820131717016886759230
0000091713020820131723013025280548
0000091723020820131833013040816623
0000091733020820131837013402190566
0000091743020820131837020906748849
0000091753020820131837021049882646
0000091763020820131844012399273232
0000091773020820131853012322973094
0000091783020820131854013394150564
0000091793020820131857013254077546
0000091803020820131857013260048625
0000091813020820131858013361220628
0000091823020820131859012939013588
0000091833020820131900013130379583
0000091843020820131900020776202140
0000091853020820131900020766415974
0000091863020820131902020484714567
0000091873020820131904013279897563
0000091883020820131904012283138517
0000091893020820131950012333605830
0000091903020820132030019023636867
0000091913030820130638013121453628
0000091923030820130643012168270912
0000091933030820130644012339076465
0000091943030820130645012944831544
0000091953030820130646012676591020
0000091963030820130646012831479543
0000091973030820130650013355688583
0000091983030820130651013364113601
0000091993030820130652012846455629
0000092003030820130652012747642560
0000092013030820130653016870291692
0000092023030820130654012401174275
0000092033030820130654013369825561
0000092043030820130655013236955545
0000092053030820130655012750034541
0000092063030820130655012911792582
0000092073030820130656020766415974
0000092083030820130657021049925817
0000092093030820130658012939013588
0000092103030820130658012761865342
0000092113030820130700012844206605
0000092123030820130700013260048625
0000092133030820130700012399273232
0000092143030820130702021049882646
0000092153030820130703012322973094
0000092163030820130704012873237548
0000092173030820130704017015679947
0000092183030820130704013402209607
0000092193030820130705012129013807
0000092203030820130706013118932588
0000092213030820130706012842157623
0000092223030820130708013334356581
0000092233030820130709013040816623
0000092243030820130709012697221540
0000092253030820130715013254077546
0000092263030820130718013030338540
0000092273030820130722013266830546
0000092283030820130729020906748849
0000092293030820130730013276672854
0000092303030820130740012989075196
0000092313030820130740013099645531
0000092323030820130740012596387583
0000092333030820130743012370895383
0000092363030820130754017061545982
0000092373030820130806012623717542
0000092383030820130811012608607588
0000092393030820130827013104661625
0000092403030820130827013104661625
0000092413030820131836013040816623
0000092423030820131839012946556621
0000092433030820131902012944831544
0000092443030820131904012750034541
0000092453030820131906013118932588
0000092463030820131906021049925817
0000092473030820131913013279897563
0000092483030820131916021049882646
0000092493030820131929011991498025
0000092503030820131934013266830546
0000092513040820130627012168270912
0000092523040820130642013040816623
0000092533040820130642013040816623
0000092543040820130643012911792582
0000092553040820130645012283138517
0000092563040820130648012701314587
0000092573040820130648012405580316
0000092583040820130651017061545982
0000092593040820130654013066137588
0000092603040820130655012339076465
0000092613040820130655010108438675
0000092623040820130655018194726730
0000092633040820130700012413351398
0000092643040820130701012413351398
0000092653040820130701013361220628
0000092663040820130701013369825561
0000092673040820130703020484714567
0000092683040820130703012401174275
0000092693040820130704012744488625
0000092703040820130705013324513625
0000092713040820130705012946556621
0000092723040820130705021049882646
0000092733040820130706013260048625
0000092743040820130706012129013807
0000092753040820130706013364113601
0000092763040820130707012831479543
0000092773040820130707013074592566
0000092783040820130708012225453138
0000092793040820130709012676591020
0000092803040820130716012524575642
0000092813040820130718012946556621
0000092823040820130719013276672854
0000092833040820130720012697221540
0000092843040820130721015000017270
0000092853040820130721013121453628
0000092863040820130724012873237548
0000092873040820130729012370895383
0000092883040820130729013236955545
0000092893040820130735012198112975
0000092903040820130752012307317343
0000092913040820130820019024306747
0000092923040820131838012399273232
0000092933040820131842013266830546
0000092943040820131851012322973094
0000092953040820131852013040816623
0000092963040820131852013040816623
0000092973040820131853012716228622
0000092983040820131856017004076898
0000092993040820131857020484714567
0000093003040820131858012129013807
0000093013040820131859020766415974
0000093023040820131901013361220628
0000093033040820131903012283138517
0000093043040820131910012606034815
0000093053040820131912012653822565
0000093063040820131914012339076465
0000093073040820131917019023636867
0000093083040820131920012701314587
0000093093040820131925015000017270
0000093103040820131926019024306747
0000093113050820130630012701314587
0000093123050820130633016537626839
0000093133050820130633012719911609
0000093143050820130633013328081568
0000093153050820130634012411551950
0000093163050820130634011969119122
0000093173050820130637012466916713
0000093183050820130647012371397832
0000093193050820130650012944831544
0000093203050820130652013266830546
0000093213050820130652013266830546
0000093223050820130652012939013588
0000093233050820130653012805133589
0000093243050820130658012750034541
0000093253050820130700013099645531
0000093263050820130704012399273232
0000093273050820130705020469790185
0000093283050820130706012831479543
0000093293050820130708012322973094
0000093303050820130708013066137588
0000093313050820130708010108438675
0000093323050820130709011963448620
0000093333050820130710012180612305
0000093343050820130710012797199547
0000093353050820130713012716228622
0000093363050820130716019023636867
0000093373050820130716012653822565
0000093383050820130716018194726730
0000093393050820130717013213787581
0000093403050820130718012428962444
0000093413050820130718012413351398
0000093423050820130718013040816623
0000093433050820130719013260048625
0000093443050820130719013118932588
0000093453050820130719019024306747
0000093463050820130723013074592566
0000093473050820130724012524575642
0000093483050820130728012405580316
0000093493050820130729012225453138
0000093503050820130729013025280548
0000093513050820130729013258274621
0000093523050820130736012198112975
0000093533050820130737017011695204
0000093543050820130800012606034815
0000093553050820130814012840968543
0000093563050820130814013364195543
0000093573050820130815012380575241
0000093583050820130820016886759230
0000093593050820131702016886759230
0000093603050820131707013025280548
0000093613050820131710012840968543
0000093623050820131710013364195543
0000093633050820131711012840968543
0000093643050820131828014804778272
0000093653050820131829014804778272
0000093663050820131835012946556621
0000093673050820131844012333605830
0000093683050820131850013044189542
0000093693050820131856010100960852
0000093703050820131856012944831544
0000093713050820131857012592522621
0000093723050820131900017011695204
0000093733050820131901012750034541
0000093743050820131903012096086118
0000093753050820131903012606034815
0000093763050820131912012380575241
0000093773050820131917013118932588
0000093783050820131918019027927076
0000093793050820131932013266830546
0000093803050820132037012283089621
0000093813060820130518012283089621
0000093823060820130543012333605830
0000093833060820130628012818726621
0000093843060820130639012492194851
0000093853060820130645010631173207
0000093863060820130646017049344913
0000093873060820130647013279897563
0000093883060820130648012537625767
0000093893060820130648017004076898
0000093903060820130650012283138517
0000093913060820130652012562435542
0000093923060820130653020469790185
0000093933060820130653013402190566
0000093943060820130654019016288557
0000093953060820130655012831479543
0000093963060820130655012413557131
0000093973060820130657010108438675
0000093983060820130657020776202140
0000093993060820130657013361220628
0000094003060820130700010100960852
0000094013060820130701012592522621
0000094023060820130701013328081568
0000094033060820130701020435533538
0000094043060820130704013044189542
0000094053060820130708012466916713
0000094063060820130708012719911609
0000094073060820130708012096086118
0000094083060820130708013394150564
0000094093060820130709012946556621
0000094103060820130710013258274621
0000094113060820130711012606034815
0000094123060820130713013124002775
0000094133060820130714019024306747
0000094143060820130714020379356966
0000094153060820130724012411551950
0000094163060820130724012588986546
0000094173060820130724012371397832
0000094183060820130726012797199547
0000094193060820130726011963448620
0000094203060820130726012701314587
0000094213060820130726016537626839
0000094223060820130726019004873506
0000094233060820130728013099645531
0000094243060820130729012805133589
0000094253060820130729012180612305
0000094263060820130732012428962444
0000094273060820130735011969119122
0000094283060820130743013025280548
0000094293060820130745013130379583
0000094303060820130801013215969547
0000094313060820130805019027927076
0000094323060820130812013364195543
0000094333060820130825016886759230
0000094343060820130954019023636867
0000094353060820131656013364195543
0000094363060820131657013215969547
0000094373060820131701013025280548
0000094383060820131833012399273232
0000094393060820131842013040816623
0000094403060820131846020766415974
0000094413060820131851019020410744
0000094423060820131851013394150564
0000094433060820131854021049882646
0000094443060820131854012322973094
0000094453060820131858014804778272
0000094463060820131858013361220628
0000094473060820131859020776202140
0000094483060820131900012129013807
0000094493060820131905012744488625
0000094503060820131909012283138517
0000094513060820131910013279897563
0000094523060820131914012885491606
0000094533060820131918012588986546
0000094543060820132015012292644861
0000094553070820130603017034962217
0000094563070820130641020220297341
0000094573070820130646012749793620
0000094583070820130649012413351398
0000094593070820130650019008749834
0000094603070820130652012434545841
0000094613070820130657013118932588
0000094623070820130659013001371543
0000094633070820130659012399273232
0000094643070820130700012915490548
0000094653070820130700012562435542
0000094663070820130702012339076465
0000094673070820130703012750034541
0000094683070820130704010108438675
0000094693070820130706013040816623
0000094703070820130706012944831544
0000094713070820130708012818726621
0000094723070820130709012885491606
0000094733070820130709020435533538
0000094743070820130711017049344913
0000094753070820130712013303439620
0000094763070820130713013402190566
0000094773070820130713019016288557
0000094783070820130717016877419147
0000094793070820130718013130379583
0000094803070820130718020766415974
0000094813070820130718021049882646
0000094823070820130718012292644861
0000094833070820130719012292644861
0000094843070820130719019020410744
0000094853070820130719013124002775
0000094863070820130723012180612305
0000094873070820130724012537625767
0000094883070820130725019008751979
0000094893070820130726020379356966
0000094903070820130727014012529273
0000094913070820130731012932986548
0000094923070820130735012904729609
0000094933070820130741012492194851
0000094943070820130743019023636867
0000094953070820130746012307317343
0000094963070820130749012413557131
0000094973070820130754010631173207
0000094983070820130755013025280548
0000094993070820130805013215969547
0000095003070820130807019004873506
0000095013070820130808012396189982
0000095023070820130810012840968543
0000095033070820130810013364195543
0000095043070820130811017004076898
0000095053070820130818016886759230
0000095063070820130835012608607588
0000095073070820130849013324513625
0000095083070820131653016886759230
0000095093070820131654013215969547
0000095103070820131704013025280548
0000095113070820131704012840968543
0000095123070820131718013364195543
0000095133070820131757012283089621
0000095143070820131819010100960852
0000095153070820131842013369825561
0000095163070820131850021049882646
0000095173070820131850013182110623
0000095183070820131850013044189542
0000095193070820131858012592522621
0000095203070820131901012524575642
0000095213070820131907020220297341
0000095223070820131914013118932588
0000095233070820131916012716228622
0000095243070820131917014012529273
0000095253070820131917012946556621
0000095263070820131917012944831544
0000095273070820131924012096086118
0000095283070820131924012750034541
0000095293070820131928012413351398
0000095303070820131930012292644861
0000095313080820130503012283089621
0000095323080820130545020192196574
0000095333080820130545013303439620
0000095343080820130628020776202140
0000095353080820130639012283138517
0000095363080820130650012747642560
0000095373080820130651012898216587
0000095383080820130652012629831606
0000095393080820130654016870291692
0000095403080820130655012430749426
0000095413080820130656012744488625
0000095423080820130656020484714567
0000095433080820130656012623717542
0000095443080820130657013361220628
0000095453080820130657013040748547
0000095463080820130657013279897563
0000095473080820130659012396189982
0000095483080820130659020906748849
0000095493080820130700016877419147
0000095503080820130700013044189542
0000095513080820130701013182110623
0000095523080820130702012096086118
0000095533080820130703017034962217
0000095543080820130703012831479543
0000095553080820130705012434545841
0000095563080820130706012592522621
0000095573080820130707010100960852
0000095583080820130708021049882646
0000095593080820130708012946556621
0000095603080820130708012842157623
0000095613080820130711013355688583
0000095623080820130712012989075196
0000095633080820130712012596387583
0000095643080820130715019005795584
0000095653080820130718012749793620
0000095663080820130722013215969547
0000095673080820130727012915490548
0000095683080820130731019008751979
0000095693080820130732012339076465
0000095703080820130732013369825561
0000095713080820130732017067259558
0000095723080820130732013402209607
0000095733080820130733013001371543
0000095743080820130736019008749834
0000095753080820130743012904729609
0000095763080820130749013364195543
0000095773080820130753013025280548
0000095783080820130810012932986548
0000095793080820130812012840968543
0000095803080820130813016886759230
0000097963080820131620013215969547
0000097973080820131658013364195543
0000097983080820131658016886759230
0000097993080820131659012840968543
0000100073080820131715013025280548
0000100083080820131827013040816623
0000100093080820131849020766415974
0000100103080820131851021049882646
0000100113080820131853012399273232
0000100123080820131853020484714567
0000100133080820131856012322973094
0000100143080820131902013361220628
0000100153080820131904020776202140
0000100163080820131907012283138517
0000100173080820131907013279897563
0000100183080820131908013266830546
0000100193080820131914012885491606
0000100203080820131929014674478274
0000100213080820131941012524575642
0000100223090820130619021049925817
0000100233090820130629013121453628
0000100243090820130633012944831544
0000100253090820130634012957371547
0000100263090820130636012168270912
0000100273090820130642012676591020
0000100283090820130649013336874563
0000100293090820130649012846455629
0000100303090820130649020220297341
0000100313090820130650013369825561
0000100323090820130650012911792582
0000100333090820130653013364113601
0000100343090820130654011618735688
0000100353090820130654013266830546
0000100363090820130654013266830546
0000100373090820130657013355688583
0000100383090820130657012761865342
0000100393090820130657013104661625
0000100403090820130658012873237548
0000100413090820130658016870291692
0000100423090820130658012844206605
0000100433090820130659019005795584
0000100443090820130700012399273232
0000100453090820130701012842157623
0000100463090820130702012700057629
0000100473090820130703013118932588
0000100483090820130703013118932588
0000100493090820130703012750034541
0000100503090820130704012333605830
0000100513090820130706012322973094
0000100523090820130706012885491606
0000100533090820130709012370895383
0000100543090820130712014674478274
0000100553090820130713013402209607
0000100563090820130713020766415974
0000100573090820130713021049882646
0000100583090820130716012596387583
0000100593090820130719012989075196
0000100603090820130720013040748547
0000100613090820130720012430749426
0000100623090820130722013154100279
0000100633090820130728013276672854
0000100643090820130729012898216587
0000100653090820130735020906748849
0000100663090820130743012629831606
0000100673090820130748013224770588
0000100683090820130752012623717542
0000100693090820130752013130379583
0000100703090820130802013394150564
0000100713090820130803013215969547
0000100723090820130805012840968543
0000100733090820130827017015679947
0000100743090820130829013364195543
0000100753090820130830016886759230
0000100763090820130841019023636867
0000100773090820131651020906748849
0000100783090820131706013364195543
0000100793090820131706013215969547
0000100803090820131718016886759230
0000100813090820131718012840968543
0000100823090820131820010100960852
0000100833090820131829012292644861
0000100843090820131843013044189542
0000100853090820131844012592522621
0000100863090820131846012339076465
0000100873090820131849019023636867
0000100883090820131852013369825561
0000100893090820131853013130379583
0000100903090820131853012947608609
0000100913090820131853012946556621
0000100923090820131856013394150564
0000100933090820131857013224770588
0000100943090820131900012831479543
0000100953090820131900020220297341
0000100963090820131901012957371547
0000100973090820131902012606034815
0000100983090820131902013182110623
0000100993090820131907012333605830
0000101003090820131908013118932588
0000101013090820131909012750034541
0000101023090820131911013266830546
0000101033090820131914012944831544
0000101043100820130635013254077546
0000101053100820130636012514702862
0000101063100820130637020776202140
0000101073100820130642012413351398
0000101083100820130644012283138517
0000101093100820130645012168270912
0000101103100820130646012715050587
0000101113100820130647012492194851
0000101123100820130648020766415974
0000101133100820130651012700057629
0000101143100820130652012588986546
0000101153100820130654012744488625
0000101163100820130657012225453138
0000101173100820130659012401174275
0000101183100820130703012676591020
0000101193100820130704012761865342
0000101203100820130705013236955545
0000101213100820130705012592522621
0000101223100820130705013044189542
0000101233100820130706012873237548
0000101243100820130706013334356581
0000101253100820130707019040265995
0000101263100820130707012831479543
0000101273100820130707013364113601
0000101283100820130708012844206605
0000101293100820130709010100960852
0000101303100820130709017015679947
0000101313100820130710012370895383
0000101323100820130710013336874563
0000101333100820130713012911792582
0000101343100820130713012911792582
0000101353100820130713012911792582
0000101363100820130713012946556621
0000101373100820130714012519249104
0000101383100820130714013260048625
0000101393100820130715013213787581
0000101403100820130715012339076465
0000101413100820130716012292644861
0000101423100820130717013182110623
0000101433100820130717020906748849
0000101443100820130720012606034815
0000101453100820130720011618735688
0000101463100820130724012697221540
0000101473100820130726013030338540
0000101483100820130727012198112975
0000101493100820130729013279897563
0000101503100820130733013121453628
0000101513100820130733013154100279
0000101523100820130833013104661625
0000101533100820131844012524575642
0000101543100820131846012322973094
0000101553100820131855012399273232
0000101563100820131859012885491606
0000101573100820131901012283138517
0000101583100820131907012606034815
0000101593100820131911012911792582
0000101603100820131915013279897563
0000101613100820131924020435533538
0000101623100820131924012413351398
0000101633110820130629012701314587
0000101643110820130629016537626839
0000101653110820130634012411551950
0000101663110820130640013328081568
0000101673110820130642019040265995
0000101683110820130644012413351398
0000101693110820130645012283138517
0000101703110820130647018194726730
0000101713110820130647012944831544
0000101723110820130650012805133589
0000101733110820130650011963448620
0000101743110820130650012719911609
0000101753110820130653013074592566
0000101763110820130653012939013588
0000101773110820130653012492194851
0000101783110820130657012322973094
0000101793110820130658012399273232
0000101803110820130700013254077546
0000101813110820130702011969119122
0000101823110820130702020484714567
0000101833110820130702012514702862
0000101843110820130703012401174275
0000101853110820130703020776202140
0000101863110820130703012588986546
0000101873110820130703012885491606
0000101883110820130703020766415974
0000101893110820130705012606034815
0000101903110820130705012750034541
0000101913110820130708020435533538
0000101923110820130708013260048625
0000101933110820130708013030338540
0000101943110820130711012715050587
0000101953110820130711020766415974
0000101963110820130712012428962444
0000101973110820130714012371397832
0000101983110820130715013236955545
0000101993110820130716013213787581
0000102003110820130720012225453138
0000102013110820130724012797199547
0000102023110820130727013118932588
0000102033110820130730015000017270
0000102043110820130735011991498025
0000102053110820130741012524575642
0000102063110820130742012198112975
0000102073110820130742012519249104
0000102083110820130753019042165912
0000102113110820130755013353190561
0000102143110820130850010655549258
0000102153110820130857019024306747
0000102163110820131805010100960852
0000102173110820131845012592522621
0000102183110820131847013044189542
0000102193110820131848011969119122
0000102203110820131848020906748849
0000102213110820131856017004076898
0000102223110820131900010655549258
0000102233110820131903012283138517
0000102243110820131903012750034541
0000102253110820131905020484714567
0000102263110820131908021049882646
0000102273110820131921012129013807
0000102283110820131926013118932588
0000102293110820131944012096086118
0000102303110820132045015000017270
0000102313120820130508019024306747
0000102323120820130631012466916713
0000102333120820130640012492194851
0000102343120820130641012537625767
0000102353120820130644012283138517
0000102363120820130644020776202140
0000102373120820130646010100960852
0000102383120820130649013124002775
0000102393120820130651013361220628
0000102403120820130652012411551950
0000102413120820130653013099645531
0000102423120820130657012818726621
0000102433120820130657012946556621
0000102443120820130657021049882646
0000102453120820130658012744488625
0000102463120820130700012592522621
0000102473120820130700013044189542
0000102483120820130701012939013588
0000102493120820130701012831479543
0000102503120820130701010631173207
0000102513120820130701012413557131
0000102543120820130705012537625627
0000102553120820130705013328081568
0000102563120820130707013279897563
0000102573120820130707012588986546
0000102583120820130707012428962444
0000102593120820130710020469790185
0000102603120820130712020379356966
0000102613120820130713012413351398
0000102623120820130713013402190566
0000102633120820130715013074592566
0000102643120820130719020906748849
0000102653120820130719019016288557
0000102663120820130721020435533538
0000102673120820130721012701314587
0000102683120820130722018194726730
0000102693120820130722019004873506
0000102703120820130723012096086118
0000102713120820130725012719911609
0000102723120820130725016537626839
0000102733120820130727012797199547
0000102743120820130730012805133589
0000102753120820130731011963448620
0000102763120820130732012371397832
0000102773120820130744013025280548
0000102783120820130802013215969547
0000102793120820130808012840968543
0000102803120820130809012380575241
0000102813120820130811011991498025
0000102823120820130817013364195543
0000102833120820130819016886759230
0000113193120820131706013215969547
0000113203120820131711016886759230
0000113213120820131711012840968543
0000113223120820131714013025280548
0000113233120820131718013364195543
0000113243120820131820013040816623
0000113253120820131830012399273232
0000113263120820131849014804778272
0000113273120820131851012339076465
0000113283120820131855020766415974
0000113293120820131856021049882646
0000113303120820131858013361220628
0000113313120820131858012744488625
0000113323120820131900020776202140
0000113333120820131901012322973094
0000113343120820131903012292644861
0000113353120820131903020484714567
0000113363120820131905012283138517
0000113373120820131909013279897563
0000113383120820131915012831479543
0000113393120820131919020435533538
0000113403120820131921019027927076
0000113413120820131951012380575241
0000113423130820130617017034962217
0000113433130820130629013303439620
0000113443130820130635012750034541
0000113453130820130639012957371547
0000113463130820130644020220297341
0000113473130820130649017049344913
0000113483130820130649012322973094
0000113493130820130649012944831544
0000113503130820130650019008749834
0000113513130820130650013182110623
0000113523130820130651012562435542
0000113533130820130653012716228622
0000113543130820130654010108438675
0000113553130820130654012831479543
0000113563130820130655020766415974
0000113573130820130656012588986546
0000113583130820130657012399273232
0000113593130820130658012434545841
0000113603130820130701012492194851
0000113613130820130701020469790185
0000113623130820130702019008751979
0000113633130820130702012537625767
0000113643130820130704013124002775
0000113653130820130706012947608609
0000113663130820130707021049882646
0000113673130820130709012339076465
0000113683130820130709012466916713
0000113693130820130709020192196574
0000113703130820130710012904729609
0000113713130820130710013118932588
0000113723130820130710013040816623
0000113733130820130714013402190566
0000113743130820130715012932986548
0000113753130820130716012413557131
0000113763130820130720013099645531
0000113773130820130720012292644861
0000113783130820130730020379356966
0000113793130820130730013266830546
0000113803130820130735012818726621
0000113813130820130738019004873506
0000113823130820130745010631173207
0000113833130820130749019027927076
0000113843130820130753013130379583
0000113873130820130801012840968543
0000113883130820130807013394150564
0000113893130820130816013364195543
0000113903130820130822016886759230
0000113913130820130836013224770588
0000113923130820130847019023636867
0000113933130820131119013215969547
0000113943130820131624013215969547
0000113953130820131648013364195543
0000113963130820131649016886759230
0000113973130820131750012840968543
0000113983130820131812012129013807
0000113993130820131837013044189542
0000114003130820131841012592522621
0000114013130820131852010100960852
0000114023130820131854013394150564
0000114033130820131854014804778272
0000114043130820131854012946556621
0000114053130820131901012434566709
0000114063130820131903012750034541
0000114073130820131904013266830546
0000114083130820131906012606034815
0000114093130820131907012096086118
0000114103130820131908012885491606
0000114113130820131909020220297341
0000114123130820131910013118932588
0000114133130820131910019023636867
0000114143130820131911013224770588
0000114153130820131912012944831544
0000114163140820130550020192196574
0000114173140820130636012537439726
0000114183140820130641012283138517
0000114193140820130641012747642560
0000114203140820130642012524575642
0000114213140820130646013279897563
0000114223140820130648012749793620
0000114233140820130649013040748547
0000114243140820130649012989075196
0000114253140820130649012596387583
0000114263140820130649020484714567
0000114273140820130655020776202140
0000114283140820130655012434545841
0000114293140820130657020906748849
0000114303140820130658016870291692
0000114313140820130659016877419147
0000114323140820130700013044189542
0000114333140820130701012562435542
0000114343140820130701012957371547
0000114353140820130701013361220628
0000114363140820130702012716228622
0000114373140820130702019005795584
0000114383140820130702012915490548
0000114393140820130703012592522621
0000114403140820130703010108438675
0000114413140820130704012946556621
0000114423140820130705012842157623
0000114433140820130709012606034815
0000114443140820130715014012529273
0000114453140820130715012932986548
0000114463140820130720017034962217
0000114473140820130720013182110623
0000114483140820130721019008751979
0000114493140820130722013303439620
0000114503140820130723017049344913
0000114513140820130726012096086118
0000114523140820130728019008749834
0000114533140820130729013130379583
0000114543140820130730012430749426
0000114553140820130733013402209607
0000114563140820130734012947608609
0000114573140820130738012904729609
0000114583140820130745012840968543
0000114593140820130753013025280548
0000114603140820130814013215969547
0000114613140820130820012396189982
0000114623140820130822012608607588
0000114633140820130823013364195543
0000114643140820130835016886759230
0000114653140820131638013364195543
0000114663140820131656013215969547
0000114673140820131702012840968543
0000118823140820131742013025280548
0000118833140820131747020484714567
0000118843140820131814013040816623
0000118853140820131828012399273232
0000118863140820131851017004076898
0000118873140820131855012322973094
0000118883140820131856012606034815
0000118893140820131859020766415974
0000118903140820131902020776202140
0000118913140820131902012623717542
0000118923140820131903012885491606
0000118933140820131904013361220628
0000118943140820131906012283138517
0000118953140820131908013279897563
0000118963140820131910012292644861
0000118973140820131914013254077546
0000118983140820131917012430749426
0000118993140820131932014012529273
0000119003140820132128019023636867
0000119013150820130633013121453628
0000119023150820130647012370895383
0000119033150820130648012676591020
0000119043150820130650013364113601
0000119053150820130650012846455629
0000119063150820130652012761865342
0000119073150820130653012944831544
0000119083150820130653020220297341
0000119093150820130653012629831606
0000119103150820130655012399273232
0000119113150820130657012911792582
0000119123150820130657013118932588
0000119133150820130657013369825561
0000119143150820130657012606034815
0000119153150820130658013040816623
0000119163150820130658012168270912
0000119173150820130658012339076465
0000119183150820130658012750034541
0000119193150820130700013001371543
0000119203150820130701012292644861
0000119213150820130701016877419147
0000119223150820130702016870291692
0000119233150820130702012842157623
0000119243150820130703019005795584
0000119253150820130703012700057629
0000119263150820130703012322973094
0000119273150820130705013030338540
0000119283150820130706012885491606
0000119293150820130707017067259558
0000119303150820130708020379356966
0000119313150820130710013266830546
0000119323150820130711012989075196
0000119333150820130711012596387583
0000119343150820130711012697221540
0000119353150820130712012898216587
0000119363150820130713012623717542
0000119373150820130713013040748547
0000119383150820130714012396189982
0000119393150820130715013402209607
0000119403150820130715017004076898
0000119413150820130716012749793620
0000119423150820130717013254077546
0000119433150820130718012873237548
0000119443150820130720020766415974
0000119453150820130720012524575642
0000119463150820130723012537439726
0000119473150820130730013154100279
0000119483150820130731020906748849
0000119493150820130732019023636867
0000119503150820130734013025280548
0000119513150820130803013364195543
0000119523150820130806013215969547
0000119533150820130839016886759230
0000121613150820131653016886759230
0000121623150820131701013215969547
0000125773150820131707013364195543
0000129923150820131756013025280548
0000129933150820131818010100960852
0000129943150820131840013044189542
0000129953150820131842012873237548
0000129963150820131842012831479543
0000129973150820131843012592522621
0000129983150820131856012180612305
0000129993150820131857012168270912
0000130003150820131859012129013807
0000130013150820131901013266830546
0000130023150820131902012750034541
0000130033150820131902012761865342
0000130043150820131904013118932588
0000130053150820131906012946556621
0000130063150820131907012944831544
0000130073150820131910012606034815
0000130083160820130643013066137588
0000130093160820130643012283138517
0000130103160820130649020776202140
0000130113160820130651012715050587
0000130123160820130651012844206605
0000130133160820130654013279897563
0000130143160820130655012405580316
0000130153160820130657012225453138
0000130163160820130658013104661625
0000130173160820130659011618735688
0000130183160820130659017015679947
0000130193160820130700013361220628
0000130203160820130700012700057629
0000130213160820130701012514702862
0000130223160820130703013260048625
0000130233160820130704012339076465
0000130243160820130705013369825561
0000130253160820130707012592522621
0000130263160820130707013044189542
0000130273160820130707012744488625
0000130283160820130708012333605830
0000130293160820130708012333605830
0000130303160820130708010100960852
0000130313160820130708012129013807
0000130323160820130709012846455629
0000130333160820130709013364113601
0000130343160820130710012676591020
0000130353160820130710013001371543
0000130363160820130712012831479543
0000130373160820130712012606034815
0000130383160820130713020484714567
0000130393160820130714019040265995
0000130403160820130714013121453628
0000130413160820130715012898216587
0000130423160820130715020435533538
0000130433160820130721013213787581
0000130443160820130721012946556621
0000130453160820130723013215969547
0000130463160820130724012519249104
0000130473160820130725012653822565
0000130483160820130725012911792582
0000130493160820130726013154100279
0000130503160820130728012180612305
0000130513160820130729013030338540
0000130523160820130731013254077546
0000130533160820130731012629831606
0000130543160820130731012198112975
0000130553160820130735012697221540
0000130563160820130737012434566709
0000130573160820130749012307317343
0000130583160820130800013130379583
0000130593160820130801013224770588
0000130623160820130804013185224603
0000130633160820130804012370895383
0000130643160820130805013364195543
0000130653160820130827019023636867
0000130663160820130859012840968543
0000130673160820131605013215969547
0000130683160820131711012840968543
0000130693160820131711013364195543
0000130703160820131828010100960852
0000130713160820131834012399273232
0000130723160820131846012322973094
0000130733160820131848020766415974
0000130743160820131848012885491606
0000130753160820131852012413351398
0000130763160820131854013185224603
0000130773160820131854013130379583
0000130783160820131854019023636867
0000130793160820131858013361220628
0000130803160820131859020484714567
0000130813160820131900020776202140
0000130823160820131901012283138517
0000130833160820131902012283138517
0000130843160820131903013224770588
0000130853160820131903013279897563
0000130863160820131916021049882646
0000130873160820131918020435533538
0000130883160820131918012129013807
0000130893160820131922010655549258
0000130903170820130611016537626839
0000130913170820130631012701314587
0000130923170820130640013182110623
0000130933170820130643012944831544
0000130943170820130648012747642560
0000130953170820130648020220297341
0000130963170820130652013118932588
0000130973170820130654013258274621
0000130983170820130654012750034541
0000130993170820130655012411551950
0000131003170820130656011969119122
0000131013170820130656020906748849
0000131023170820130656012434566709
0000131033170820130658012405580316
0000131043170820130659012401174275
0000131053170820130659017061545982
0000131063170820130700013260048625
0000131073170820130700011618735688
0000131083170820130701012514702862
0000131093170820130702017015679947
0000131103170820130702013066137588
0000131113170820130703012399273232
0000131123170820130703010100960852
0000131133170820130703011963448620
0000131143170820130703012885491606
0000131153170820130705012339076465
0000131163170820130706020766415974
0000131173170820130706012413351398
0000131183170820130706012413351398
0000131193170820130707013254077546
0000131203170820130708012844206605
0000131213170820130708013236955545
0000131223170820130712012715050587
0000131233170820130713013104661625
0000131243170820130719012198112975
0000131253170820130721012428962444
0000131263170820130721013213787581
0000131273170820130726013266830546
0000131283170820130729012225453138
0000131293170820130733012307317343
0000131303170820130734013394150564
0000131313170820130751012519249104
0000131323170820130803021049882646
0000131333170820131818010100960852
0000131343170820131831012292644861
0000131353170820131839017004076898
0000131363170820131844012653822565
0000131373170820131844012524575642
0000131383170820131846013044189542
0000131393170820131848012592522621
0000131403170820131850013394150564
0000131413170820131854012946556621
0000131423170820131855012434545841
0000131433170820131857013266830546
0000131443170820131900010655549258
0000131453170820131903012944831544
0000131463170820131903020220297341
0000131473170820131903012885491606
0000131483170820131903013118932588
0000131493170820131905012750034541
0000131503170820131908013182110623
0000131513170820131909012697221540
0000131523170820131914020906748849
0000131533170820131914021049882646
0000131543170820131918012096086118
0000131553170820131919012413351398
0000131563170820131930011991498025
0000131573170820131944017004076898
0000131583180820130629020484714567
0000131593180820130642012537625767
0000131603180820130645012818726621
0000131613180820130650010631173207
0000131623180820130651018194726730
0000131633180820130651020776202140
0000131643180820130652013361220628
0000131653180820130653013074592566
0000131663180820130655020220297341
0000131673180820130658012911792582
0000131683180820130701012537625627
0000131693180820130702013044189542
0000131703180820130702012946556621
0000131713180820130702012592522621
0000131723180820130703013254077546
0000131733180820130703013279897563
0000131743180820130707012401174275
0000131753180820130709013402190566
0000131763180820130710012915490548
0000131773180820130711012885491606
0000131783180820130711010100960852
0000131793180820130713012413557131
0000131803180820130716012428962444
0000131813180820130716016537626839
0000131823180820130716012701314587
0000131833180820130717012744488625
0000131843180820130718012915490548
0000131853180820130720019042165912
0000131863180820130723012434545841
0000131873180820130724012292644861
0000131883180820130726012697221540
0000131893180820130726013236955545
0000131903180820130728012339076465
0000131913180820130729011969119122
0000131923180820130729013258274621
0000131933180820130729011963448620
0000131943180820130731019004873506
0000131953180820130731019004873506
0000131963180820130735012524575642
0000131973180820130737012198112975
0000131983180820130740015000017270
0000131993180820130741017061545982
0000132003180820130758013130379583
0000132013180820131833013040816623
0000132023180820131840021049882646
0000132033180820131843012399273232
0000132043180820131843013066137588
0000132053180820131848013124002775
0000132063180820131849012413351398
0000132073180820131850013130379583
0000132083180820131851012129013807
0000132093180820131851012911792582
0000132103180820131851013254077546
0000132113180820131856012322973094
0000132123180820131856020766415974
0000132133180820131858013361220628
0000132143180820131900010655549258
0000132153180820131900020776202140
0000132163180820131901020220297341
0000132173180820131903020484714567
0000132183180820131905012885491606
0000132193180820131908012744488625
0000132203180820131908012653822565
0000132213180820131919013279897563
0000132223180820131919015000017270
0000132233190820130621012399273232
0000132243190820130630012944831544
0000132253190820130633017004076898
0000132263190820130634012957371547
0000132273190820130637017034962217
0000132283190820130644012434545841
0000132293190820130647013182110623
0000132303190820130649012716228622
0000132313190820130649020379356966
0000132323190820130651013402190566
0000132333190820130654020220297341
0000132343190820130654019008749834
0000132353190820130659012750034541
0000132363190820130659012537625627
0000132373190820130700012129013807
0000132383190820130702013099645531
0000132393190820130707012537625767
0000132403190820130708019008751979
0000132413190820130708012413351398
0000132423190820130709012413351398
0000132433190820130710011991498025
0000132443190820130711013066137588
0000132453190820130713012413557131
0000132463190820130713020192196574
0000132473190820130714013074592566
0000132483190820130714017004076898
0000132493190820130714020469790185
0000132503190820130714021049882646
0000132513190820130714012885491606
0000132523190820130715013040816623
0000132533190820130715013118932588
0000132543190820130723012653822565
0000132553190820130723013124002775
0000132563190820130723010631173207
0000132573190820130724012818726621
0000132583190820130724013324513625
0000132593190820130732018194726730
0000132603190820130733013303439620
0000132613190820130737017011695204
0000132623190820130801013215969547
0000132633190820130807012292644861
0000132643190820130812012904729609
0000132653190820130817013364195543
0000132663190820130818016886759230
0000132673190820131652016886759230
