0000083903310720131726012978754585
0000083913310720131726013346415626
0000083923310720131753018054856240
0000083933310720131822015853828278
0000083943310720131822012781811078
0000083953310720131840012640964587
0000083963310720131844013283694604
0000083973310720131852013115739582
0000083983310720131853012606067608
0000083993310720131854010661988071
0000084003310720131855012176362731
0000084013310720131857013248433565
0000084023310720131858012538029483
0000084033310720131859013216582603
0000084043310720131901013302245563
0000084053310720131904012044908095
0000084063310720131904013032643561
0000084073310720131920012477403208
0000084083310720131920013261293585
0000084093010820130622012447756730
0000084103010820130625019024197840
0000084113010820130639012919610602
0000084123010820130646012687336604
0000084133010820130648021030657426
0000084143010820130648012717311604
0000084153010820130652012612285565
0000084163010820130653012555174496
0000084173010820130654012484753057
0000084183010820130655013115739582
0000084193010820130655012380364666
0000084203010820130655012741695565
0000084213010820130655012588967584
0000084223010820130656012703576562
0000084233010820130657013283694604
0000084243010820130658013049770626
0000084253010820130801012978754585
0000084263010820130802013328164625
0000084273010820130802013109375604
0000084283010820130802016426312151
0000084293010820130804013445927773
0000084303010820130804012478711763
0000084313010820130811019011902834
0000084323010820130815012537757965
0000084333010820130816013346415626
0000084373010820130823013203260602
0000084383010820130835018054856240
0000084393010820130843012669365606
0000084433010820130854013357909609
0000088353010820131009010800328040
0000094583010820131654012645519581
0000096563010820131659016559843816
0000096573010820131700020762577953
0000096583010820131702013104205549
0000096593010820131702013319746587
0000099393010820131750018054856240
0000099403010820131752018054856240
0000099413010820131758012669365606
0000099423010820131824020765659403
0000099433010820131838019012657825
0000099443010820131847016271900195
0000099453010820131849012742113608
0000099463010820131850013357909609
0000099473010820131850016558907977
0000099483010820131858012447756730
0000099493010820131858021030657426
0000099503010820131859012525180846
0000099513010820131905013203260602
0000099523010820131909012555174496
0000099533010820131911019011902834
0000099543010820131922013328164625
0000099553010820131926012687336604
0000099563010820131930012670677624
0000099573010820131935013109375604
0000099593010820131951016426312151
0000101593010820131958012654819606
0000101603010820132013013346415626
0000101613010820132013012537757965
0000101623010820132014013445927773
0000101633010820132112012381030443
0000101643020820130532012703576562
0000101653020820130606013173312626
0000101663020820130631012176362731
0000101673020820130632013115739582
0000101683020820130645017016186545
0000101693020820130646013465354817
0000101703020820130646012827643563
0000101713020820130653012550828676
0000101723020820130653012334764118
0000101733020820130653012851794606
0000101743020820130654012507549248
0000101753020820130654012672055582
0000101763020820130655012090266823
0000101773020820130655020765841783
0000101783020820130655012044908095
0000101793020820130656013248433565
0000101803020820130658012938212587
0000101813020820130658016558907977
0000101823020820130658012996148543
0000101833020820130659013216582603
0000101843020820130700012741695565
0000101853020820130700012654819606
0000101863020820130701016271900195
0000101873020820130701012525180846
0000101883020820130701012742113608
0000101893020820130701013104205549
0000101903020820130702012484753057
0000101913020820130702012875834624
0000101923020820130702012717311604
0000101933020820130702012381030443
0000101943020820130702010806944681
0000101953020820130703019024197840
0000101963020820130703019024197840
0000101973020820130703012380364666
0000101983020820130703012413665465
0000101993020820130704012606067608
0000102003020820130706012538029483
0000102013020820130707019012657825
0000102023020820130708012612285565
0000102033020820130708020762577953
0000102043020820130708012805580623
0000102053020820130709013319746587
0000102063020820130709012919610602
0000102073020820130709018111187594
0000102083020820130710010606004081
0000102093020820130710019011902834
0000102103020820130714012645519581
0000102113020820130716012670677624
0000102123020820130717013049770626
0000102133020820130719013172115541
0000102143020820130723019006769099
0000102153020820130727012776030543
0000102163020820130727013341204546
0000102173020820130736013165406609
0000102183020820130743012978754585
0000102193020820130806013346415626
0000102203020820130806012537757965
0000102213020820130812013445927773
