0000242053300820131716012669365606
0000242063300820131734018054856240
0000242073300820131800013445927773
0000242083300820131834012537757965
0000242093300820131834012477246072
0000242103300820131835013221220625
0000242113300820131846013261293585
0000242123300820131853012640964587
0000242133300820131855013115739582
0000242143300820131855012044908095
0000242153300820131858013216582603
0000242163300820131900013283694604
0000242173300820131902012176362731
0000242183300820131903010606179051
0000242193300820131909010661988071
0000242203300820131909013248433565
0000242213300820131915012538029483
0000242223300820131916019011902834
0000242233300820131919012477403208
0000242243300820131921013204773549
0000242253300820131922013064808620
0000242263300820131928015900373278
0000242273300820131932012606067608
0000242283300820132013013328164625
0000242293310820130619012478711763
0000242303310820130628012919610602
0000242313310820130634019024197840
0000242323310820130644012555174496
0000242333310820130646010027963389
0000242343310820130648013221220625
0000242353310820130648013319746587
0000242363310820130648013125683628
0000242373310820130648012965194608
0000242383310820130648020728187471
0000242393310820130649012717311604
0000242403310820130650013287856293
0000242413310820130650012537141441
0000242423310820130651016208924457
0000242433310820130652010117312573
0000242443310820130652012380364666
0000242453310820130653013049770626
0000242463310820130656012995385568
0000242473310820130656012413665465
0000242483310820130658010661988071
0000242493310820130658012645519581
0000242503310820130659019011902834
0000242513310820130659012687336604
0000242523310820130659016559843816
0000242533310820130659010728402499
0000242543310820130700012193107221
0000242553310820130700012435260174
0000242563310820130700013283694604
0000242573310820130701013261293585
0000242583310820130701016034273510
0000242593310820130701013089592583
0000242603310820130703020762577953
0000242613310820130703012477403208
0000242623310820130703012612285565
0000242633310820130705012660972623
0000242643310820130705012787840584
0000242653310820130707012044908095
0000242663310820130708012741695565
0000242673310820130708013104205549
0000242683310820130709015900373278
0000242693310820130710019035019531
0000242703310820130711018221290284
0000242713310820130712013161621602
0000242723310820130714019038066271
0000242733310820130715013216582603
0000242743310820130717012738213628
0000242753310820130718012640964587
0000242763310820130719012672055582
0000242773310820130722020107848044
0000242783310820130722013341204546
0000242793310820130728017016186545
0000242803310820130741012654819606
0000242813310820130744013109375604
0000242823310820130754019000623483
0000242833310820130759020059340368
0000242843310820131838021030657426
0000242853310820131842012525180846
0000242863310820131843013216582603
0000242873310820131845012742113608
0000242883310820131850016558907977
0000242893310820131856012381030443
0000242903310820131857016271900195
0000242913310820131901012687336604
0000242923310820131901019000623483
0000242933310820131904013049770626
0000242943310820131904012672055582
0000242953310820131904012044908095
0000242963310820131906019035019531
0000242973310820131909020765659403
0000242983310820131911012477389655
0000242993310820131916012555174496
0000243003310820131917013109375604
0000243013310820131931011974148372
0000243023310820131952015195158278
0000243033010920130625012176362731
0000243043010920130644012380989410
0000243053010920130644012380989410
0000243063010920130646012760305580
0000243073010920130646012827643563
0000243083010920130647012851794606
0000243093010920130649013248433565
0000243103010920130649012938212587
0000243113010920130650013204773549
0000243123010920130652013115739582
0000243133010920130653012550828676
0000243143010920130654012044908095
0000243153010920130654020765659403
0000243163010920130655013112637568
0000243173010920130655012283239259
0000243183010920130655012623352609
0000243193010920130656012478711763
0000243203010920130657012612285565
0000243213010920130657012875834624
0000243223010920130658012970305609
0000243233010920130658012090266823
0000243243010920130659021030657426
0000243253010920130700012919610602
0000243263010920130700012606067608
0000243273010920130701015195158278
0000243283010920130702013341204546
0000243293010920130702016558907977
0000243303010920130702012742113608
0000243313010920130702012537141441
0000243323010920130703012381030443
0000243333010920130703012654819606
0000243343010920130703020762577953
0000243353010920130703016271900195
0000243363010920130704012645519581
0000243373010920130705012741695565
0000243383010920130705012538029483
0000243393010920130705019006769099
0000243403010920130705012380364666
0000243413010920130706013319746587
0000243423010920130706020728187471
0000243433010920130706013465354817
0000243443010920130710012717311604
0000243453010920130710012477389655
0000243463010920130711012507549248
0000243473010920130713013216582603
0000243483010920130714012525180846
0000243493010920130714010117312573
0000243503010920130716015774279271
0000243513010920130716012976884589
0000243523010920130721010027963389
0000243533010920130722012805580623
0000243543010920130722012334764118
0000243553010920130723019024197840
0000243563010920130724013161621602
0000243573010920130727020765841783
0000243583010920130737011497117148
0000243593010920130810019011902834
0000243603010920130813019038066271
0000243613010920130909012672055582
0000243623010920130909012672055582
0000243633010920131831012640964587
0000243643010920131840013064808620
0000243653010920131847013283694604
0000243663010920131848013173312626
0000243673010920131852010661988071
0000243683010920131853012477403208
0000243693010920131855012176362731
0000243703010920131855018111187594
0000243713010920131856013216582603
0000243723010920131856013248433565
0000243733010920131857013112637568
0000243743010920131857012672055582
0000243753010920131858013115739582
0000243763010920131903014205344267
0000243773010920131904013204773549
0000243783010920131905012044908095
0000243793010920131913012606067608
0000243803010920131922016271900195
0000243813020920130627012478711763
0000243823020920130637012371540775
0000243833020920130641012631147547
0000243843020920130645012687336604
0000243853020920130645012519156092
0000243863020920130646012938212587
0000243873020920130648012672055582
0000243883020920130650012447648547
0000243893020920130651012802922116
0000243903020920130651018221431686
0000243913020920130653012555174496
0000243923020920130653012093421471
0000243933020920130656012507549248
0000243943020920130657012550828676
0000243953020920130657020412059058
0000243963020920130657012867217581
0000243973020920130658018111187594
0000243983020920130659013283694604
0000243993020920130659012875834624
0000244003020920130700012283239259
0000244013020920130700012827643563
0000244023020920130700012477403208
0000244033020920130701012413664892
0000244043020920130701015158560637
0000244053020920130702012090266823
0000244063020920130702012851794606
0000244073020920130702010661988071
0000244083020920130703012805580623
0000244093020920130703016992755006
0000244103020920130704013216782602
0000244113020920130704012640964587
0000244123020920130705012760305580
0000244133020920130707013173312626
0000244143020920130707013350901939
0000244153020920130707013465354817
0000244163020920130709020765841783
0000244173020920130710012334764118
0000244183020920130712019006769099
0000244193020920130712012970305609
0000244203020920130713016426312151
0000244213020920130714013109375604
0000244223020920130714012978377625
0000244233020920130715012996148543
0000244263020920130723019044769777
0000244273020920130725013064808620
0000244283020920130727020427186484
0000244293020920130730012380989410
0000244303020920130730012380989410
0000244313020920130731012623352609
0000244323020920130736013401082603
0000244333020920130736013717157778
0000244343020920130739013369017600
0000244353020920130756013172115541
0000244363020920130810011497117148
0000244373020920130816012537757965
0000244383020920130822013445927773
0000244393020920130823013389894585
0000244403020920130831012669365606
0000244413020920130831012669365606
0000244423020920130853018054856240
0000244433020920130854012951973669
