0000083903310720131726012978754585
0000083913310720131726013346415626
0000083923310720131753018054856240
0000083933310720131822015853828278
0000083943310720131822012781811078
0000083953310720131840012640964587
0000083963310720131844013283694604
0000083973310720131852013115739582
0000083983310720131853012606067608
0000083993310720131854010661988071
0000084003310720131855012176362731
0000084013310720131857013248433565
0000084023310720131858012538029483
0000084033310720131859013216582603
0000084043310720131901013302245563
0000084053310720131904012044908095
0000084063310720131904013032643561
0000084073310720131920012477403208
0000084083310720131920013261293585
0000084093010820130622012447756730
0000084103010820130625019024197840
0000084113010820130639012919610602
0000084123010820130646012687336604
0000084133010820130648021030657426
0000084143010820130648012717311604
0000084153010820130652012612285565
0000084163010820130653012555174496
0000084173010820130654012484753057
0000084183010820130655013115739582
0000084193010820130655012380364666
0000084203010820130655012741695565
0000084213010820130655012588967584
0000084223010820130656012703576562
0000084233010820130657013283694604
0000084243010820130658013049770626
0000084253010820130801012978754585
0000084263010820130802013328164625
0000084273010820130802013109375604
0000084283010820130802016426312151
0000084293010820130804013445927773
0000084303010820130804012478711763
0000084313010820130811019011902834
0000084323010820130815012537757965
0000084333010820130816013346415626
0000084373010820130823013203260602
0000084383010820130835018054856240
0000084393010820130843012669365606
0000084433010820130854013357909609
0000088353010820131009010800328040
0000094583010820131654012645519581
0000096563010820131659016559843816
0000096573010820131700020762577953
0000096583010820131702013104205549
0000096593010820131702013319746587
0000099393010820131750018054856240
0000099403010820131752018054856240
0000099413010820131758012669365606
0000099423010820131824020765659403
0000099433010820131838019012657825
0000099443010820131847016271900195
0000099453010820131849012742113608
0000099463010820131850013357909609
0000099473010820131850016558907977
0000099483010820131858012447756730
0000099493010820131858021030657426
0000099503010820131859012525180846
0000099513010820131905013203260602
0000099523010820131909012555174496
0000099533010820131911019011902834
0000099543010820131922013328164625
0000099553010820131926012687336604
0000099563010820131930012670677624
0000099573010820131935013109375604
0000099593010820131951016426312151
0000101593010820131958012654819606
0000101603010820132013013346415626
0000101613010820132013012537757965
0000101623010820132014013445927773
0000101633010820132112012381030443
0000101643020820130532012703576562
0000101653020820130606013173312626
0000101663020820130631012176362731
0000101673020820130632013115739582
0000101683020820130645017016186545
0000101693020820130646013465354817
0000101703020820130646012827643563
0000101713020820130653012550828676
0000101723020820130653012334764118
0000101733020820130653012851794606
0000101743020820130654012507549248
0000101753020820130654012672055582
0000101763020820130655012090266823
0000101773020820130655020765841783
0000101783020820130655012044908095
0000101793020820130656013248433565
0000101803020820130658012938212587
0000101813020820130658016558907977
0000101823020820130658012996148543
0000101833020820130659013216582603
0000101843020820130700012741695565
0000101853020820130700012654819606
0000101863020820130701016271900195
0000101873020820130701012525180846
0000101883020820130701012742113608
0000101893020820130701013104205549
0000101903020820130702012484753057
0000101913020820130702012875834624
0000101923020820130702012717311604
0000101933020820130702012381030443
0000101943020820130702010806944681
0000101953020820130703019024197840
0000101963020820130703019024197840
0000101973020820130703012380364666
0000101983020820130703012413665465
0000101993020820130704012606067608
0000102003020820130706012538029483
0000102013020820130707019012657825
0000102023020820130708012612285565
0000102033020820130708020762577953
0000102043020820130708012805580623
0000102053020820130709013319746587
0000102063020820130709012919610602
0000102073020820130709018111187594
0000102083020820130710010606004081
0000102093020820130710019011902834
0000102103020820130714012645519581
0000102113020820130716012670677624
0000102123020820130717013049770626
0000102133020820130719013172115541
0000102143020820130723019006769099
0000102153020820130727012776030543
0000102163020820130727013341204546
0000102173020820130736013165406609
0000102183020820130743012978754585
0000102193020820130806013346415626
0000102203020820130806012537757965
0000102213020820130812013445927773
0000105323020820130828018054856240
0000105333020820130828018111187594
0000105343020820130851012669365606
0000105353020820130945013287856293
0000105363020820130945012588967584
0000105373020820130946013328164625
0000111313020820131246015900373278
0000125143020820131743012669365606
0000125153020820131744018054856240
0000125163020820131756010661988071
0000125173020820131805012537757965
0000125183020820131805012537757965
0000125193020820131806013346415626
0000127173020820131834013261293585
0000127183020820131841012640964587
0000127193020820131850013283694604
0000127203020820131850012176362731
0000127213020820131854013172115541
0000127223020820131855013248433565
0000127233020820131856016034273510
0000127243020820131900013115739582
0000127253020820131902013216582603
0000127263020820131904013328164625
0000127273020820131908012606067608
0000127283020820131912012477403208
0000127293020820131912012044908095
0000127303020820131947013064808620
0000127313020820132034019011902834
0000127323020820132037012629839542
0000127333030820130414012629839542
0000127343030820130620012447756730
0000127353030820130622012631147547
0000127363030820130633012093421471
0000127373030820130634016559837492
0000127383030820130644011696742131
0000127393030820130645018221431686
0000127403030820130647020728187471
0000127413030820130649012670677624
0000127423030820130650010027963389
0000127433030820130650012413664892
0000127443030820130652012537141441
0000127453030820130652013287856293
0000127463030820130654012867217581
0000127473030820130655012687336604
0000127483030820130656012996148543
0000127493030820130659012334764118
0000127503030820130659017016186545
0000127513030820130659017016186545
0000127523030820130700013261293585
0000127533030820130700012827643563
0000127543030820130702012550828676
0000127553030820130705012776030543
0000127563030820130706010661988071
0000127573030820130706013173312626
0000127583030820130706012851794606
0000127593030820130706012929874564
0000127603030820130707013161621602
0000127613030820130707012640964587
0000127623030820130708012555174496
0000127633030820130711012875834624
0000127643030820130712012090266823
0000127653030820130713012507549248
0000127663030820130713012805580623
0000127673030820130713013341204546
0000127683030820130714019038066271
0000127693030820130714012938212587
0000127703030820130715020765841783
0000127713030820130715012477403208
0000127723030820130715019011902834
0000127733030820130717016426312151
0000127743030820130722013109375604
0000127753030820130726013283694604
0000127763030820130734012672055582
0000127773030820130740013350901939
0000127783030820130752019000623483
0000127793030820130822012478711763
0000127803030820130827013165406609
0000127813030820131836012447756730
0000127823030820131840020765659403
0000127833030820131841012742113608
0000127843030820131841019012657825
0000127853030820131842011974148372
0000127863030820131854021030657426
0000127873030820131856012525180846
0000127883030820131859012381030443
0000127893030820131900012687336604
0000127903030820131901012478711763
0000127913030820131901012478711763
0000127923030820131903012555174496
0000127933030820131906013465354817
0000127943030820131909012929874564
0000127953030820131911019006769099
0000127963030820131912012978377625
0000127973030820131912013161621602
0000127983030820131915019000623483
0000127993030820131916012413665465
0000128003030820131916013109375604
0000128013030820131919020728187471
0000128023030820131927015195158278
0000128033030820131940012670677624
0000128043040820130633013364583624
0000128053040820130633012472079984
0000128063040820130637012938212587
0000128073040820130642013248433565
0000128083040820130644012447648547
0000128093040820130648012538029483
0000128103040820130649012550828676
0000128113040820130651020412059058
0000128123040820130651012380989410
0000128133040820130651019006769099
0000128143040820130655012283239259
0000128153040820130656013084967562
0000128163040820130656013112637568
0000128173040820130657019035599597
0000128183040820130657019012657825
0000128193040820130700012742113608
0000128203040820130700012742113608
0000128213040820130700020766123841
0000128223040820130700013350901939
0000128233040820130700012835827627
0000128243040820130701012537141441
0000128253040820130701010027963389
0000128263040820130702012623352609
0000128273040820130702013145826629
0000128283040820130704013465354817
0000128293040820130704021030657426
0000128303040820130704012525180846
0000128313040820130704012381030443
0000128323040820130705012867217581
0000128333040820130705018221431686
0000128343040820130705018221431686
0000128353040820130705012093421471
0000128363040820130707013341204546
0000128373040820130708015195158278
0000128383040820130708012044908095
0000128393040820130710013332112561
0000128403040820130711013261293585
0000128413040820130714013172115541
0000128423040820130715012978377625
0000128433040820130717012606067608
0000128443040820130717012413664892
0000128453040820130719011696742131
0000128463040820130723012996148543
0000128473040820130726012794617542
0000128483040820130728016559837492
0000128493040820130729012631147547
0000128503040820130731012672055582
0000128513040820130734016426312151
0000128523040820130736012976884589
0000128533040820130736015774279271
0000128543040820130744019011902834
0000128553040820130746012357054974
0000128563040820130752019038066271
0000128573040820130758011497117148
0000128583040820131732010661988071
0000128593040820131821013327971543
0000128603040820131832012772235582
0000128613040820131835017045046764
0000128623040820131836013115739582
0000128633040820131837020412059058
0000128643040820131839012538029483
0000128653040820131842012938212587
0000128663040820131844014368972275
0000128673040820131844012447754835
0000128683040820131845012640964587
0000128693040820131851013283694604
0000128703040820131855013248433565
0000128713040820131900012606067608
0000128723040820131900012742113608
0000128733040820131900012835827627
0000128743040820131902013064808620
0000128753040820131904013112637568
0000128763040820131904013350901939
0000128773040820131904012938212587
0000128783040820131905012044908095
0000128793040820131909013261293585
0000128803040820131912012477389655
0000128813040820131914013465354817
0000128823040820131914018221431686
0000128833040820131915013465354817
0000128843040820131915018221431686
0000128853040820131917012477403208
0000128863050820130621012447756730
0000128873050820130631012371540775
0000128883050820130641012519156092
0000128893050820130652020412059058
0000128903050820130654012802922116
0000128913050820130655012670677624
0000128923050820130656012037738465
0000128933050820130657013228264547
0000128943050820130659012477389655
0000128953050820130659012772235582
0000128963050820130700013166042589
0000128973050820130703012283239259
0000128983050820130703012380989410
0000128993050820130703012987837625
0000129003050820130703013115739582
0000129013050820130704016426312151
0000129023050820130704012835827627
0000129033050820130705012687336604
0000129043050820130705012550828676
0000129053050820130705013084967562
0000129063050820130705013145826629
0000129073050820130705012274771873
0000129083050820130706013341204546
0000129093050820130706013283694604
0000129103050820130706016034273510
0000129113050820130707012938212587
0000129123050820130708013221220625
0000129133050820130708012555174496
0000129143050820130708012959720565
0000129153050820130710013350901939
0000129163050820130711012613488605
0000129173050820130711019028175884
0000129183050820130711019028175884
0000129193050820130711012640964587
0000129203050820130713017045046764
0000129213050820130715010661988071
0000129223050820130716016992755006
0000129233050820130717012477403208
0000129243050820130724014368972275
0000129253050820130724012472079984
0000129263050820130724012357054974
0000129273050820130724013064808620
0000129283050820130724013109375604
0000129293050820130725013364583624
0000129303050820130727019035599597
0000129313050820130727012447648547
0000129323050820130729013182496548
0000129333050820130730013327971543
0000129343050820130732013401082603
0000129353050820130733013161621602
0000129363050820130735012447754835
0000129373050820130736012623352609
0000129383050820130743013369017600
0000129393050820130807013332112561
0000129403050820130814013172115541
0000129413050820130818011497117148
0000129423050820130818012537757965
0000129433050820130818013346415626
0000129443050820130827013445927773
0000129453050820130850012669365606
0000129463050820130909018054856240
0000139533050820131409012951973669
0000143523050820131716012537757965
0000143533050820131717013346415626
0000145593050820131726013172115541
0000145603050820131751018054856240
0000145613050820131800012996148543
0000145623050820131802012669365606
0000145633050820131809013228264547
0000145643050820131826013445927773
0000145653050820131829012477389655
0000145663050820131839013084967562
0000145673050820131846019012657825
0000145683050820131846016271900195
0000145693050820131849020765659403
0000145703050820131855012742113608
0000145713050820131855016558907977
0000145723050820131855012525180846
0000145733050820131856013399809629
0000145743050820131900012670677624
0000145753050820131904012555174496
0000145763050820131905012951973669
0000145773050820131906014270490272
0000145783050820131908012687336604
0000145793050820131910012381030443
0000145803050820131912012987837625
0000145813050820131914012447754835
0000145823050820131919013340472628
0000145833050820131924013369017600
0000145843050820131926016426312151
0000145853050820131927013109375604
0000145863050820131938012959720565
0000145873050820131950013399256603
0000145883060820130632012176362731
0000145893060820130635020107848044
0000145903060820130642010728402499
0000145913060820130648013248433565
0000145923060820130648012606067608
0000145933060820130649013115739582
0000145943060820130649012780072581
0000145953060820130652012899058624
0000145963060820130654013089592583
0000145973060820130654012760305580
0000145983060820130655020765659403
0000145993060820130656013182496548
0000146003060820130657016271900195
0000146013060820130657012435260174
0000146023060820130658012660972623
0000146033060820130658012995385568
0000146043060820130658012193107221
0000146053060820130659012738213628
0000146063060820130700013221220625
0000146073060820130700012044908095
0000146083060820130700013216582603
0000146093060820130701012788517620
0000146103060820130701012538029483
0000146113060820130701013125683628
0000146123060820130702016208924457
0000146133060820130703012413665465
0000146143060820130704019012657825
0000146153060820130704012447754835
0000146163060820130705016558907977
0000146173060820130705012802922116
0000146183060820130706012835827627
0000146193060820130706012477389655
0000146203060820130706012742113608
0000146213060820130706020412059058
0000146223060820130707012787840584
0000146233060820130707012037738465
0000146243060820130707013161621602
0000146253060820130708013166042589
0000146263060820130709013084967562
0000146273060820130710019028175884
0000146283060820130710019028175884
0000146293060820130711012996148543
0000146303060820130711012477246072
0000146313060820130711012965194608
0000146323060820130712012381030443
0000146333060820130715012525180846
0000146343060820130720013399809629
0000146353060820130721018221290284
0000146363060820130724012371540775
0000146373060820130741019000623483
0000146383060820130742013340472628
0000146393060820130744013369017600
0000146403060820130753016992755006
0000146413060820130757013172115541
0000146423060820130809012781811078
0000146433060820130810015853828278
0000146443060820130818012537757965
0000146453060820130818013346415626
0000146463060820130820018054856240
0000146473060820130828019026460158
0000146483060820130828019026460158
0000146493060820130835012669365606
0000146503060820131056012951973669
0000146513060820131503013445927773
0000146523060820131711013172115541
0000148573060820131731013346415626
0000148583060820131802012669365606
0000148593060820131802012669365606
0000148603060820131803012537757965
0000148613060820131822013445927773
0000148623060820131829013089592583
0000148633060820131837013465354817
0000148643060820131850013283694604
0000148653060820131851012176362731
0000148663060820131853012640964587
0000148673060820131854013115739582
0000148683060820131857010661988071
0000148693060820131859013248433565
0000148703060820131903012538029483
0000148713060820131903012044908095
0000148723060820131905013064808620
0000148733060820131908013216582603
0000148743060820131909019026460158
0000148753060820131915012477403208
0000148763060820131916018054856240
0000148773060820131924015853828278
0000148783060820131929013369017600
0000148793060820131930012951973669
0000148803060820131933012781811078
0000148813060820132018013175087581
0000148823070820130622012447756730
0000148833070820130627019024197840
0000148843070820130632010117312573
0000148853070820130633012919610602
0000148863070820130634012176362731
0000148873070820130645013319746587
0000148883070820130647012717311604
0000148893070820130649012612285565
0000148903070820130649012612285565
0000148913070820130650012717311604
0000148923070820130650012612285565
0000148933070820130651012741695565
0000148943070820130651012484753057
0000148953070820130652012743360587
0000148963070820130652012670677624
0000148973070820130656013049770626
0000148983070820130656012380364666
0000148993070820130656013341212603
0000149003070820130658016426312151
0000149013070820130700012435260174
0000149023070820130700012640964587
0000149033070820130700013283694604
0000149043070820130700012760305580
0000149053070820130700012760305580
0000149063070820130701012654819606
0000149073070820130701012606067608
0000149083070820130703013125683628
0000149093070820130703012555174496
0000149103070820130704018221290284
0000149113070820130705013064808620
0000149123070820130706010728402499
0000149133070820130707010661988071
0000149143070820130707013032643561
0000149153070820130708012965194608
0000149163070820130708012413665465
0000149173070820130709012995385568
0000149183070820130709016208924457
0000149193070820130710012193107221
0000149203070820130710016559843816
0000149213070820130711012787840584
0000149223070820130711012660972623
0000149233070820130712013465354817
0000149243070820130712020762577953
0000149253070820130713012477389655
0000149263070820130713013175087581
0000149273070820130714010800328040
0000149283070820130714010800328040
0000149293070820130714012780072581
0000149303070820130716012899058624
0000149313070820130716012478711763
0000149323070820130719013302245563
0000149333070820130723012788517620
0000149343070820130724020107848044
0000149353070820130731012477246072
0000149363070820130739013369017600
0000149373070820130739013109375604
0000149383070820130818012537757965
0000149393070820130819013346415626
0000149403070820130834013172115541
0000149423070820130814013445927773
0000151483070820130848012669365606
0000151493070820130848012669365606
0000151503070820130949012951973669
0000155623070820131134015158560637
0000157713070820131348014205344267
0000157723070820131711013172115541
0000157733070820131715012669365606
0000157743070820131722012537757965
0000157753070820131727013346415626
0000157763070820131838015900373278
0000157773070820131839021030657426
0000157783070820131843019035019531
0000157793070820131846016558907977
0000157803070820131850012525180846
0000157813070820131854016271900195
0000157823070820131855020765659403
0000157833070820131900015158560637
0000157843070820131900013032643561
0000157853070820131902012742113608
0000157863070820131904012381030443
0000157873070820131904013302245563
0000157883070820131905012477389655
0000157893070820131905019012657825
0000157903070820131905012477389655
0000157913070820131905015853828278
0000157923070820131906012781811078
0000157933070820131906016426312151
0000157943070820131906013109375604
0000157953070820131908012176362731
0000157963070820131909012555174496
0000157973070820131909013104205549
0000157983070820131910012670677624
0000157993070820131910012760305580
0000158003070820131911012484753057
0000158013070820131914013445927773
0000158023070820132142012447754835
0000158033080820130606013173312626
0000158043080820130641013465354817
0000158053080820130642012938212587
0000158063080820130644020765659403
0000158073080820130645013248433565
0000158083080820130645012970305609
0000158093080820130645013115739582
0000158103080820130647012538029483
0000158113080820130647021030657426
0000158123080820130651012672055582
0000158133080820130651012687336604
0000158143080820130652012827643563
0000158153080820130653013261293585
0000158163080820130653012851794606
0000158173080820130653019011902834
0000158183080820130654012550828676
0000158193080820130654012588967584
0000158203080820130654013341212603
0000158213080820130655012334764118
0000158223080820130655012090266823
0000158233080820130655015900373278
0000158243080820130656010806944681
0000158253080820130657018111187594
0000158263080820130657019012657825
0000158273080820130658016271900195
0000158283080820130658012654819606
0000158293080820130659012044908095
0000158303080820130659019024197840
0000158313080820130659012919610602
0000158323080820130659013049770626
0000158333080820130700012381030443
0000158343080820130700013104205549
0000158353080820130700012875834624
0000158363080820130700012742113608
0000158373080820130701016558907977
0000158383080820130702020765841783
0000158393080820130702012805580623
0000158403080820130703012477389655
0000158413080820130705012507549248
0000158423080820130707012447754835
0000158433080820130707020762577953
0000158443080820130708013369017600
0000158453080820130708013203260602
0000158463080820130709012717311604
0000158473080820130709012741695565
0000158483080820130710013319746587
0000158493080820130710012380364666
0000158503080820130711019035019531
0000158513080820130712013216582603
0000158523080820130721010117312573
0000158533080820130724019006769099
0000158543080820130724012743360587
0000158553080820130726010800328040
0000158563080820130730012525180846
0000158573080820130731012703576562
0000158583080820130741013328164625
0000158593080820130742013172115541
0000158603080820130751012612285565
0000158613080820130821013346415626
0000158623080820130822012537757965
0000158633080820130843012669365606
0000158643080820130845018054856240
0000158653080820130852013445927773
0000158663080820130857013357909609
0000162823080820131710013204773549
0000164903080820131721013346415626
0000164913080820131721012669365606
0000164923080820131745018054856240
0000164933080820131749013172115541
0000164943080820131757013445927773
0000164953080820131839013283694604
0000164963080820131847012525180846
0000164973080820131857013115739582
0000164983080820131857013261293585
0000164993080820131857013261293585
0000165003080820131859013357909609
0000165013080820131901013248433565
0000165023080820131901012687336604
0000165033080820131902013328164625
0000165043080820131902013216582603
0000165053080820131903013204773549
0000165063080820131903012537757965
0000165073080820131904012044908095
0000165083080820131904012477403208
0000165093080820131905012538029483
0000165103080820131930013182496548
0000165113080820131959013203260602
0000165123080820132002013175087581
0000165133080820132012019011902834
0000165143090820130625012631147547
0000165153090820130626012447756730
0000165163090820130632012093421471
0000165173090820130643013350901939
0000165183090820130646012670677624
0000165193090820130647017016186545
0000165203090820130650015158560637
0000165213090820130651013359379607
0000165223090820130652016559837492
0000165233090820130652019006769099
0000165243090820130652019011902834
0000165253090820130652012938212587
0000165263090820130655018221431686
0000165273090820130656013175087581
0000165283090820130656013261293585
0000165293090820130656012687336604
0000165303090820130656018221431686
0000165313090820130656010806944681
0000165323090820130657012996148543
0000165333090820130658013283694604
0000165343090820130659012555174496
0000165353090820130659012867217581
0000165363090820130659016034273510
0000165373090820130700012477403208
0000165383090820130700018111187594
0000165393090820130701018111187594
0000165403090820130701018111187594
0000165413090820130702012703576562
0000165423090820130705012970305609
0000165433090820130705013064808620
0000165443090820130706013182496548
0000165453090820130706011696742131
0000165463090820130706012550828676
0000165473090820130706012550828676
0000165483090820130706013287856293
0000165493090820130707012588967584
0000165503090820130707012978377625
0000165513090820130707012525180846
0000165523090820130708013216782602
0000165533090820130709012851794606
0000165543090820130709010606004081
0000165553090820130712012507549248
0000165563090820130712012507549248
0000165573090820130713012334764118
0000165583090820130714012827643563
0000165593090820130715012413664892
0000165603090820130715012413664892
0000165613090820130715012413664892
0000165623090820130724012776030543
0000165633090820130727016426312151
0000165643090820130729013109375604
0000165653090820130731012805580623
0000165663090820130731013173312626
0000165673090820130732020765841783
0000165683090820130734012478711763
0000165693090820130828013172115541
0000165703090820130829012537757965
0000165713090820130830013346415626
0000165723090820130832013328164625
0000165733090820130832018054856240
0000165743090820130837012669365606
0000165753090820130934012550828676
0000165763090820130934012794617542
0000165773090820131031015900373278
0000165783090820131702013165406609
0000165793090820131711013346415626
0000165803090820131714012669365606
0000165813090820131716013172115541
0000165823090820131737018054856240
0000165833090820131810013228264547
0000165843090820131810012996148543
0000165853090820131823012537757965
0000165863090820131831021030657426
0000165873090820131839012176362731
0000165883090820131853012959720565
0000165893090820131853012640964587
0000165903090820131854012447756730
0000165913090820131854012478711763
0000165923090820131857016271900195
0000165933090820131858012555174496
0000165943090820131859013328164625
0000165953090820131900012670677624
0000165963090820131900012687336604
0000165993090820131906012381030443
0000166003090820131906018221431686
0000166013090820131906018221431686
0000166023090820131908016558907977
0000166033090820131910015158560637
0000166043090820131911020765659403
0000166053090820131912019012657825
0000166063090820131913016426312151
0000166073090820131916013109375604
0000166083090820132030012629839542
0000166093100820130503012629839542
0000166103100820130618012472079984
0000166113100820130618013364583624
0000166123100820130632013248433565
0000166133100820130641012176362731
0000166143100820130642012176362731
0000166153100820130646012827643563
0000166163100820130646012606067608
0000166173100820130648012537141441
0000166183100820130649012538029483
0000166193100820130649012938212587
0000166203100820130651020728187471
0000166213100820130652019012657825
0000166223100820130652021030657426
0000166233100820130653013287856293
0000166243100820130654010027963389
0000166253100820130655014368972275
0000166263100820130655012447648547
0000166273100820130657012413664892
0000166283100820130657012413664892
0000166293100820130658017045046764
0000166303100820130658019038066271
0000166313100820130659012996148543
0000166323100820130659013145826629
0000166333100820130700012381030443
0000166343100820130700013112637568
0000166353100820130700013084967562
0000166363100820130700013332112561
0000166373100820130700013399809629
0000166383100820130701019035599597
0000166393100820130701012093421471
0000166403100820130703013350901939
0000166413100820130703012477389655
0000166423100820130704012867217581
0000166433100820130704012044908095
0000166443100820130704011696742131
0000166453100820130704016271900195
0000166463100820130705016558907977
0000166473100820130706013359379607
0000166483100820130710019011902834
0000166493100820130711013109375604
0000166503100820130711012794617542
0000166513100820130711012044908095
0000166523100820130711012044908095
0000166533100820130713013228264547
0000166543100820130713012631147547
0000166573100820130717012978377625
0000166583100820130719012760305580
0000166593100820130721013216582603
0000166603100820130721015900373278
0000166613100820130722017016186545
0000166623100820130723012640964587
0000166653100820130748020059340368
0000166663100820130751012776030543
0000166673100820131101013165406609
0000166683100820131101013165406609
0000166693100820131807010661988071
0000166703100820131826013261293585
0000166713100820131848013283694604
0000166723100820131850012176362731
0000166733100820131856012672055582
0000166743100820131856012538029483
0000166753100820131858012044908095
0000166763100820131858013248433565
0000166773100820131900012640964587
0000166783100820131901013216582603
0000166793100820131901012606067608
0000166803100820131902013064808620
0000166813100820131910013109375604
0000166823100820131911013350901939
0000166833100820131917012996148543
0000166843100820131931011974148372
0000166853110820130637016426312151
0000166863110820130644012380989410
0000166873110820130645020412059058
0000166883110820130649012037738465
0000166893110820130651012987837625
0000166903110820130652010109237835
0000166913110820130652015158560637
0000166923110820130653012623352609
0000166933110820130653013145826629
0000166943110820130654013166042589
0000166953110820130655012447756730
0000166963110820130656012640964587
0000166973110820130656013182496548
0000166983110820130656012938212587
0000166993110820130657012827643563
0000167003110820130658012283239259
0000167013110820130659012555174496
0000167023110820130659013261293585
0000167033110820130659012413665465
0000167043110820130700012537141441
0000167053110820130700012477403208
0000167063110820130700013084967562
0000167073110820130700012613488605
0000167083110820130701010027963389
0000167093110820130702020728187471
0000167103110820130702013399809629
0000167113110820130702013341204546
0000167123110820130703012687336604
0000167133110820130703012835827627
0000167143110820130703013283694604
0000167153110820130704013228264547
0000167163110820130706013350901939
0000167173110820130706013112637568
0000167183110820130706016034273510
0000167193110820130706012670677624
0000167203110820130706013364583624
0000167213110820130707012447648547
0000167223110820130708012672055582
0000167233110820130709012477389655
0000167243110820130709013161621602
0000167253110820130718012472079984
0000167263110820130719012760305580
0000167273110820130719014368972275
0000167283110820130728012478711763
0000167293110820130729010661988071
0000167303110820130731013064808620
0000167313110820130734015774279271
0000167323110820130743019038066271
0000167333110820130745020059340368
0000167343110820130801013204773549
0000167353110820130803019011902834
0000167363110820130808013332112561
0000167373110820130908011497117148
0000167383110820131306012274771873
0000167393110820131807012772235582
0000167403110820131817013465354817
0000167413110820131836016558907977
0000167423110820131839012447756730
0000167433110820131839016271900195
0000167443110820131841012478711763
0000167453110820131842012413665465
0000167463110820131845012525180846
0000167473110820131851014205344267
0000167483110820131854012742113608
0000167493110820131856016426312151
0000167503110820131900013204773549
0000167513110820131902012670677624
0000167523110820131902012613488605
0000167533110820131902012381030443
0000167543110820131903012477389655
0000167553110820131904012687336604
0000167563110820131905015158560637
0000167573110820131906020765659403
0000167583110820131912021030657426
0000167593110820131912012555174496
0000167603110820131921012477403208
0000167613120820130632012176362731
0000167623120820130635012519156092
0000167633120820130639013248433565
0000167643120820130645010728402499
0000167653120820130650012802922116
0000167663120820130651021030657426
0000167673120820130653012538029483
0000167683120820130655012787840584
0000167693120820130655013204773549
0000167703120820130656013089592583
0000167713120820130656012435260174
0000167723120820130656013115739582
0000167733120820130657012772235582
0000167743120820130657012193107221
0000167753120820130657012477246072
0000167763120820130658012672055582
0000167773120820130658012477403208
0000167783120820130700013228264547
0000167793120820130700012371540775
0000167803120820130701012274771873
0000167813120820130701012660972623
0000167823120820130701013125683628
0000167833120820130702016558907977
0000167843120820130702012037738465
0000167853120820130702012987837625
0000167863120820130703013717157778
0000167873120820130703012742113608
0000167883120820130703020107848044
0000167893120820130705012381030443
0000167903120820130706012835827627
0000167913120820130706013182496548
0000167923120820130706013161621602
0000167933120820130708010109237835
0000167943120820130709012283239259
0000167953120820130709012477389655
0000167963120820130709012965194608
0000167973120820130711016271900195
0000167983120820130712020412059058
0000167993120820130712016992755006
0000168003120820130713012623352609
0000168013120820130716012525180846
0000168023120820130718018221290284
0000168033120820130721013341204546
0000168043120820130723013401082603
0000168053120820130731016426312151
0000168063120820130733012380989410
0000168073120820130740013369017600
0000168083120820130742012760305580
0000168093120820130745016208924457
0000168103120820130753011497117148
0000168113120820130821012537757965
0000168123120820130822013346415626
0000168143120820130812013445927773
0000168163120820130839012951973669
0000169943120820130835013172115541
0000169953120820130853018054856240
0000169963120820131039012669365606
0000169973120820131107012995385568
0000174143120820131319019044769777
0000176223120820131714012669365606
0000176233120820131726013172115541
0000176243120820131727012537757965
0000176253120820131743012938212587
0000176263120820131743012477246072
0000176273120820131839013261293585
0000176283120820131844012640964587
0000176293120820131853013115739582
0000176303120820131853013283694604
0000176313120820131855012176362731
0000176323120820131900013216582603
0000176333120820131901012951973669
0000176343120820131901013399256603
0000176353120820131901012538029483
0000176363120820131902013204773549
0000176373120820131903013445927773
0000176383120820131905012477389655
0000176393120820131905014270490272
0000176403120820131906013248433565
0000176413120820131912016034273510
0000176423120820131915010661988071
0000176433120820131916013369017600
0000176443120820131918016426312151
0000176453120820131922012760305580
0000176463120820131929013340472628
0000176473130820130622012447756730
0000176483130820130626019024197840
0000176493130820130635012919610602
0000176503130820130640013319746587
0000176513130820130647012743360587
0000176523130820130648012484753057
0000176533130820130651012741695565
0000176543130820130651012612285565
0000176553130820130652012670677624
0000176563130820130652012687336604
0000176573130820130653012717311604
0000176583130820130655012787840584
0000176593130820130655012938212587
0000176603130820130655013049770626
0000176613130820130656013261293585
0000176623130820130656012654819606
0000176633130820130656013283694604
0000176643130820130657015158560637
0000176653130820130657012780072581
0000176663130820130659020762577953
0000176673130820130700012435260174
0000176683130820130700012660972623
0000176693130820130700012193107221
0000176703130820130700012477403208
0000176713130820130700014270490272
0000176723130820130700010728402499
0000176733130820130701012802922116
0000176743130820130701016426312151
0000176753130820130701012640964587
0000176763130820130701013104205549
0000176773130820130702012380364666
0000176783130820130702012371540775
0000176793130820130703020107848044
0000176803130820130704012672055582
0000176813130820130705013089592583
0000176823130820130706013125683628
0000176833130820130706012995385568
0000176843130820130706016208924457
0000176853130820130706012899058624
0000176863130820130707016559843816
0000176873130820130707012965194608
0000176883130820130709018221290284
0000176893130820130710013109375604
0000176903130820130711012555174496
0000176913130820130713019035019531
0000176923130820130717012825759580
0000176933130820130719012478711763
0000176943130820130720012477389655
0000176953130820130722010661988071
0000176963130820130722012477389655
0000176973130820130724013465354817
0000176983130820130725013369017600
0000176993130820130735016992755006
0000177003130820130736013064808620
0000177013130820130745010117312573
0000177023130820130755019000623483
0000177033130820130817012537757965
0000177043130820130817013172115541
0000177053130820130818013346415626
0000177063130820130822018054856240
0000177073130820130827012781811078
0000177083130820130827015853828278
0000177093130820130828013445927773
0000177103130820130851012669365606
0000177113130820130908012951973669
0000177133130820131740013172115541
0000177143130820131741018054856240
0000177153130820131743012537757965
0000177163130820131747012669365606
0000177173130820131747012669365606
0000177183130820131747013346415626
0000177193130820131806012670677624
0000177203130820131820021030657426
0000177213130820131830020765659403
0000177223130820131840016558907977
0000177233130820131845012525180846
0000177243130820131848012447756730
0000177253130820131852016271900195
0000177263130820131853012478711763
0000177273130820131853019012657825
0000177283130820131855012742113608
0000177293130820131859012645519581
0000177303130820131900012832854623
0000177313130820131900013161621602
0000177323130820131901015158560637
0000177333130820131901013445927773
0000177343130820131901013109375604
0000177353130820131901012555174496
0000177363130820131903012477389655
0000177373130820131903019035019531
0000177383130820131903012381030443
0000177393130820131904012687336604
0000177403130820131904016426312151
0000177413130820131904012825759580
0000177423130820131905019000623483
0000177433130820131948013369017600
0000177443130820131949015853828278
0000177453130820131949012781811078
0000177463130820132001013175087581
0000177473140820130626013173312626
0000177483140820130634012176362731
0000177493140820130640020765659403
0000177503140820130643012827643563
0000177513140820130643012606067608
0000177523140820130643013248433565
0000177533140820130643012970305609
0000177543140820130644012805580623
0000177553140820130644013204773549
0000177563140820130645018111187594
0000177573140820130648021030657426
0000177583140820130650014205344267
0000177593140820130652012550828676
0000177603140820130652012538029483
0000177613140820130653013341212603
0000177623140820130654012788517620
0000177633140820130657012044908095
0000177643140820130657012851794606
0000177653140820130657013465354817
0000177663140820130657019012657825
0000177673140820130658016558907977
0000177683140820130659013182496548
0000177693140820130659012381030443
0000177703140820130659016271900195
0000177713140820130700012742113608
0000177723140820130700012525180846
0000177733140820130700020762577953
0000177743140820130700019024197840
0000177753140820130700013115739582
0000177763140820130700012741695565
0000177773140820130701013049770626
0000177783140820130701012484753057
0000177793140820130701012380364666
0000177803140820130702012090266823
0000177813140820130703012743360587
0000177823140820130703013104205549
0000177833140820130705010800328040
0000177843140820130706012413665465
0000177853140820130706012477389655
0000177863140820130707012875834624
0000177873140820130707012654819606
0000177883140820130707012645519581
0000177893140820130708013319746587
0000177903140820130708012334764118
0000177913140820130709012612285565
0000177923140820130710010117312573
0000177933140820130713012899058624
0000177943140820130714012832854623
0000177953140820130715012780072581
0000177963140820130716013216582603
0000177973140820130717012919610602
0000177983140820130718012507549248
0000177993140820130723013302245563
0000178003140820130727013032643561
0000178013140820130822013346415626
0000178023140820130822012951973669
0000178033140820130827015900373278
0000178043140820130831012537757965
0000178053140820130842018054856240
0000178063140820130842019000623483
0000178073140820130856013172115541
0000178093140820130807013445927773
0000178103140820130807013445927773
0000178123140820130957013369017600
0000180193140820131705012537757965
0000180203140820131710013172115541
0000180213140820131718013445927773
0000180223140820131718013346415626
0000180233140820131718012669365606
0000180243140820131734018054856240
0000180253140820131845012781811078
0000180263140820131845015853828278
0000180273140820131846013283694604
0000180283140820131847012176362731
0000180293140820131849013302245563
0000180303140820131850013032643561
0000180313140820131850013261293585
0000180323140820131850020765841783
0000180333140820131852012044908095
0000180343140820131853012640964587
0000180353140820131855013216582603
0000180363140820131858013115739582
0000180373140820131903013248433565
0000180383140820131906012477403208
0000180393140820131909013064808620
0000180403140820131912013204773549
0000180413140820131919012538029483
0000180423140820131953012606067608
0000180433150820130620012447756730
0000180443150820130629020766123841
0000180453150820130637012631147547
0000180463150820130637018221431686
0000180473150820130647012867217581
0000180483150820130649010806944681
0000180493150820130650013359379607
0000180503150820130652012687336604
0000180513150820130655012703576562
0000180523150820130655011696742131
0000180533150820130656012670677624
0000180543150820130656015158560637
0000180553150820130656013350901939
0000180563150820130657016426312151
0000180573150820130657012588967584
0000180583150820130657012447648547
0000180593150820130657012477403208
0000180603150820130657020412059058
0000180613150820130657010800328040
0000180623150820130658019011902834
0000180633150820130658013261293585
0000180643150820130658012996148543
0000180653150820130658018111187594
0000180663150820130700012413665465
0000180673150820130700012640964587
0000180683150820130700013283694604
0000180693150820130702012413664892
0000180703150820130702015900373278
0000180713150820130702013341212603
0000180723150820130705013216782602
0000180733150820130705012477389655
0000180743150820130705013203260602
0000180753150820130707012827643563
0000180763150820130707012334764118
0000180773150820130707012978377625
0000180783150820130708012555174496
0000180793150820130709012970305609
0000180803150820130711012851794606
0000180813150820130711012805580623
0000180823150820130711012788517620
0000180833150820130712020765841783
0000180843150820130713013173312626
0000180853150820130714012875834624
0000180863150820130714019012657825
0000180873150820130714016034273510
0000180883150820130717012090266823
0000180893150820130720010606179051
0000180903150820130720013465354817
0000180913150820130724013369017600
0000180923150820130726012478711763
0000180933150820130733010606004081
0000180943150820130736012550828676
0000180953150820130737012929874564
0000180963150820130807013064808620
0000180973150820130818013346415626
0000180983150820130818013172115541
0000180993150820130818012537757965
0000181003150820130829013357909609
0000181013150820130830012669365606
0000181023150820130834018054856240
0000181033150820130920013328164625
0000181043150820131331013445927773
0000185163150820131711013172115541
0000185173150820131713012537757965
0000185183150820131722018054856240
0000185193150820131732013346415626
0000185203150820131736012669365606
0000185213150820131820013445927773
0000185223150820131824016559837492
0000185233150820131843021030657426
0000185243150820131844020765659403
0000185253150820131844012827643563
0000185263150820131852012447756730
0000185273150820131852012478711763
0000185283150820131854012742113608
0000185293150820131854016271900195
0000185303150820131854012525180846
0000185313150820131900013328164625
0000185323150820131900012670677624
0000185333150820131900012555174496
0000185343150820131900013357909609
0000185353150820131900012687336604
0000185363150820131901019012657825
0000185373150820131901019012657825
0000185383150820131903015158560637
0000185393150820131904010606179051
0000185403150820131909012381030443
0000185413150820131910016426312151
0000185423150820131910013203260602
0000185433150820131911016558907977
0000185443150820131918012447648547
0000185453150820131931019011902834
0000185483150820132259020765659403
0000185533160820130621013364583624
0000185543160820130621012472079984
0000185553160820130631012176362731
0000185563160820130640013145826629
0000185573160820130641013327971543
0000185583160820130643020765659403
0000185593160820130644017045046764
0000185603160820130647017016186545
0000185613160820130649013115739582
0000185623160820130649013248433565
0000185633160820130650013204773549
0000185643160820130653019012657825
0000185653160820130653012447648547
0000185663160820130653012447754835
0000185673160820130654012538029483
0000185683160820130654013465354817
0000185693160820130654012606067608
0000185703160820130655012703576562
0000185713160820130655013399809629
0000185723160820130657012996148543
0000185733160820130657012044908095
0000185743160820130700012742113608
0000185753160820130700016271900195
0000185763160820130700010806944681
0000185773160820130700013287856293
0000185783160820130700012381030443
0000185793160820130701016558907977
0000185803160820130701012588967584
0000185813160820130702013350901939
0000185823160820130702012672055582
0000185833160820130703010606179051
0000185843160820130704012867217581
0000185853160820130704012929874564
0000185863160820130705013165406609
0000185873160820130705012525180846
0000185883160820130705013359379607
0000185893160820130706012978377625
0000185903160820130706020766123841
0000185913160820130706020766123841
0000185923160820130707012477389655
0000185933160820130709019011902834
0000185943160820130709012413664892
0000185953160820130709013084967562
0000185963160820130711012938212587
0000185973160820130711013216582603
0000185983160820130711012357054974
0000185993160820130711016559837492
0000186003160820130713020412059058
0000186013160820130713012776030543
0000186023160820130713011696742131
0000186033160820130718012827643563
0000186043160820130719012631147547
0000186053160820130721010606004081
0000186063160820130745015900373278
0000186073160820130807014368972275
0000186083160820130807018221431686
0000186093160820130815012537757965
0000186103160820130816013346415626
0000186113160820130826018054856240
0000186123160820130848012669365606
0000186133160820130848012669365606
0000186153160820130814013445927773
0000186173160820130914013172115541
0000186183160820130936013328164625
0000186193160820131647012640964587
0000186203160820131647013216582603
0000186213160820131728012537757965
0000186223160820131736018054856240
0000186233160820131738018054856240
0000186243160820131739018054856240
0000186923160820131743013172115541
0000186933160820131801013445927773
0000186943160820131802013445927773
0000186953160820131826020765659403
0000186963160820131828016559837492
0000186973160820131841013346415626
0000186983160820131847016271900195
0000186993160820131849013064808620
0000187003160820131850013283694604
0000187013160820131852013115739582
0000187023160820131853012176362731
0000187033160820131856012538029483
0000187043160820131856013261293585
0000187053160820131857012044908095
0000187063160820131858013248433565
0000187073160820131902010606179051
0000187083160820131902012477403208
0000187093160820131904013204773549
0000187103160820131905013328164625
0000187113160820131915019011902834
0000187123160820131915019011902834
0000187133160820131919012447648547
0000187143160820131928012606067608
0000187153160820132036012629839542
0000187163170820130452012629839542
0000187173170820130629012447756730
0000187183170820130646010027963389
0000187193170820130647012550828676
0000187203170820130647020728187471
0000187213170820130649012478711763
0000187223170820130650013166042589
0000187233170820130650013350901939
0000187243170820130651016271900195
0000187253170820130651012537141441
0000187263170820130651012274771873
0000187273170820130652012835827627
0000187283170820130657012413664892
0000187293170820130658015158560637
0000187303170820130658012037738465
0000187313170820130658013049770626
0000187323170820130659012885430585
0000187333170820130659012938212587
0000187343170820130700013287856293
0000187353170820130700012472079984
0000187363170820130700014368972275
0000187373170820130700012687336604
0000187383170820130701013228264547
0000187393170820130701013182496548
0000187403170820130701017045046764
0000187413170820130701012555174496
0000187423170820130701016558907977
0000187433170820130703019011902834
0000187443170820130704013261293585
0000187453170820130704020765659403
0000187463170820130705012613488605
0000187473170820130706013084967562
0000187483170820130707013283694604
0000187493170820130708019028175884
0000187503170820130709012640964587
0000187513170820130710017016186545
0000187523170820130710017016186545
0000187533170820130713019038066271
0000187543170820130714012477389655
0000187553170820130715020766123841
0000187563170820130715020766123841
0000187573170820130715020766123841
0000187583170820130715020059340368
0000187593170820130715016559837492
0000187603170820130716012776030543
0000187613170820130716013399809629
0000187623170820130716013399809629
0000187633170820130716013064808620
0000187643170820130722013327971543
0000187653170820130722012959720565
0000187663170820130724013109375604
0000187673170820130729013145826629
0000187683170820130729012357054974
0000187693170820130732013465354817
0000187703170820130732013717157778
0000187713170820130734012670677624
0000187723170820130740012447754835
0000187733170820130756012672055582
0000187743170820130822019000623483
0000187753170820130822019000623483
0000187763170820131742012447756730
0000187773170820131846012827643563
0000187783170820131846011696742131
0000187793170820131851012742113608
0000187803170820131857012447754835
0000187813170820131859012640964587
0000187823170820131859012477389655
0000187833170820131900015158560637
0000187843170820131900013049770626
0000187853170820131900012555174496
0000187863170820131901012670677624
0000187873170820131901021030657426
0000187883170820131901019028175884
0000187893170820131902012478711763
0000187903170820131902012478711763
0000187913170820131902012381030443
0000187923170820131902019000623483
0000187933170820131904012687336604
0000187943170820131913015195158278
0000187953170820131919011974148372
0000187963170820131920013109375604
0000187973170820131920013109375604
0000187983170820132029016558907977
0000187993170820132030016558907977
0000188003170820132141020059340368
0000188013170820132141012743360587
0000188023180820130635012787840584
0000188033180820130643010728402499
0000188043180820130645020107848044
0000188053180820130647016208924457
0000188063180820130650012435260174
0000188073180820130651015158560637
0000188083180820130654012380989410
0000188093180820130654012477246072
0000188103180820130655012478711763
0000188113180820130655021030657426
0000188123180820130655012965194608
0000188133180820130656012660972623
0000188143180820130656013283694604
0000188153180820130656012672055582
0000188163180820130656012283239259
0000188173180820130657012606067608
0000188183180820130658012623352609
0000188193180820130658013115739582
0000188203180820130659013204773549
0000188213180820130659012995385568
0000188223180820130700012742113608
0000188233180820130700012827643563
0000188243180820130700013228264547
0000188253180820130700013182496548
0000188263180820130700012381030443
0000188273180820130701016558907977
0000188283180820130701012550828676
0000188293180820130701016034273510
0000188303180820130701013089592583
0000188313180820130701018221290284
0000188323180820130701011696742131
0000188333180820130702013350901939
0000188343180820130702012537141441
0000188353180820130702012959720565
0000188363180820130704012037738465
0000188373180820130704012274771873
0000188383180820130705012640964587
0000188393180820130705012885430585
0000188403180820130706013109375604
0000188413180820130707012044908095
0000188423180820130707012835827627
0000188433180820130707012447754835
0000188443180820130707012447754835
0000188453180820130707015195158278
0000188463180820130708013084967562
0000188473180820130708012743360587
0000188483180820130712020728187471
0000188493180820130712012477403208
0000188503180820130712012193107221
0000188513180820130722012760305580
0000188523180820130722012477389655
0000188533180820130723013717157778
0000188543180820130747010027963389
0000188553180820130751019038066271
0000188563180820130936011497117148
0000188573180820131659013465354817
0000188583180820131700013089592583
0000188593180820131836013261293585
0000188603180820131846012640964587
0000188613180820131851012772235582
0000188623180820131853014205344267
0000188633180820131858010661988071
0000188643180820131859013115739582
0000188653180820131900013283694604
0000188663180820131900013283694604
0000188673180820131901015158560637
0000188683180820131901012044908095
0000188693180820131901013204773549
0000188703180820131901013125683628
0000188713180820131902012606067608
0000188723180820131902013084967562
0000188733180820131908013064808620
0000188743180820131932016034273510
0000188753190820130622012447756730
0000188763190820130623012802922116
0000188773190820130628012371540775
0000188783190820130631019024197840
0000188793190820130634012919610602
0000188803190820130638015158560637
0000188813190820130639012717311604
0000188823190820130644012670677624
0000188833190820130647012741695565
0000188843190820130648012484753057
0000188853190820130650012519156092
0000188863190820130651012772235582
0000188873190820130654013319746587
0000188883190820130657012687336604
0000188893190820130659012380364666
0000188903190820130659020762577953
0000188913190820130700012660972623
0000188923190820130700014205344267
0000188933190820130700012965194608
0000188943190820130700013125683628
0000188953190820130700013283694604
0000188963190820130700013465354817
0000188973190820130700012435260174
0000188983190820130701012612285565
0000188993190820130701012640964587
0000189003190820130701010728402499
0000189013190820130701012477403208
0000189023190820130701012672055582
0000189033190820130701013064808620
0000189043190820130702016208924457
0000189053190820130702012995385568
0000189063190820130703012283239259
0000189073190820130704012477246072
0000189083190820130704012477389655
0000189093190820130705019035019531
0000189103190820130705019035019531
0000189113190820130705019035019531
0000189123190820130705012555174496
0000189133190820130706013261293585
0000189143190820130706016426312151
0000189153190820130707012760305580
0000189163190820130709018221290284
0000189173190820130710013104205549
0000189183190820130710016559843816
0000189193190820130711010117312573
0000189203190820130711016992755006
0000189213190820130711010661988071
0000189223190820130712012193107221
0000189233190820130714013161621602
0000189243190820130719020107848044
0000189253190820130723012478711763
0000189263190820130726012623352609
0000189273190820130728013109375604
0000189283190820130804012380989410
0000189293190820130804012380989410
0000189303190820130804012380989410
0000189313190820130817013346415626
0000189323190820130817012537757965
0000189333190820130829012669365606
0000189343190820130831013445927773
0000189353190820130833013172115541
0000189363190820130841018054856240
0000189373190820130842012951973669
0000191443190820131215012669365606
0000191453190820131215012669365606
0000195583190820131746013346415626
0000195593190820131750018054856240
0000195603190820131752018054856240
0000195613190820131812016558907977
0000195623190820131817016426312151
0000195633190820131825020765659403
0000195643190820131825020765659403
0000195653190820131841013172115541
0000195663190820131843013109375604
0000195673190820131849012742113608
0000195683190820131850013445927773
0000195693190820131850013445927773
0000195703190820131853021030657426
0000195713190820131853019012657825
0000195723190820131854012447756730
0000195733190820131854012951973669
0000195743190820131854012478711763
0000195753190820131857012525180846
0000195763190820131858016271900195
0000195773190820131901012670677624
0000195783190820131901013161621602
0000195793190820131902012687336604
0000195803190820131902013401082603
0000195813190820131902012645519581
0000195823190820131903012477389655
0000195833190820131904012555174496
0000195843190820131904012477389655
0000195853190820131905014270490272
0000195863190820131905015158560637
0000195873190820131905013104205549
0000195883190820131906012537757965
0000195893190820131917012381030443
0000195903190820131925013369017600
0000195913190820131952013340472628
0000195923190820131952013399256603
0000195933200820130629013173312626
0000195943200820130633012176362731
0000195953200820130643012827643563
0000195963200820130643012851794606
0000195973200820130643020765659403
0000195983200820130646013248433565
0000195993200820130647021030657426
0000196003200820130648013115739582
0000196013200820130649012970305609
0000196023200820130650012550828676
0000196033200820130650012899058624
0000196043200820130651013204773549
0000196053200820130654019012657825
0000196063200820130656012507549248
0000196073200820130656012606067608
0000196083200820130656013399809629
0000196093200820130657013465354817
0000196103200820130658012938212587
0000196113200820130659012612285565
0000196123200820130700018111187594
0000196133200820130700012875834624
0000196143200820130700012525180846
0000196153200820130700012381030443
0000196163200820130701012717311604
0000196173200820130701012919610602
0000196183200820130701012805580623
0000196193200820130701012334764118
0000196203200820130701014270490272
0000196213200820130702012090266823
0000196223200820130702013369017600
0000196233200820130702013369017600
0000196243200820130702012742113608
0000196253200820130702012413665465
0000196263200820130704012788517620
0000196273200820130704012484753057
0000196283200820130704019024197840
0000196293200820130704012780072581
0000196303200820130705012477389655
0000196313200820130705012645519581
0000196323200820130705012645519581
0000196333200820130707012044908095
0000196343200820130708016558907977
0000196353200820130708016271900195
0000196363200820130708012380364666
0000196373200820130708013319746587
0000196383200820130708012741695565
0000196393200820130709020762577953
0000196403200820130710010117312573
0000196413200820130710012802922116
0000196423200820130712013216582603
0000196433200820130712019006769099
0000196443200820130721012371540775
0000196453200820130724012538029483
0000196463200820130728012825759580
0000196473200820130741016992755006
0000196483200820130804013172115541
0000196493200820130813012537757965
0000196503200820130815013346415626
0000196513200820130828012781811078
0000196523200820130828015853828278
0000196533200820130844019000623483
0000196543200820130850013445927773
0000196553200820130851012951973669
0000196563200820130853012669365606
0000196573200820130855013340472628
0000196583200820130855018054856240
0000202773200820131727012669365606
0000202783200820131728013346415626
0000202793200820131757012537757965
0000202803200820131759013172115541
0000202813200820131817018054856240
0000202823200820131818013445927773
0000202833200820131839013283694604
0000202843200820131845012640964587
0000202853200820131849012176362731
0000202863200820131850013261293585
0000202873200820131851020765841783
0000202883200820131852012477403208
0000202893200820131853013248433565
0000202903200820131853013115739582
0000202913200820131855013350901939
0000202923200820131857013204773549
0000202933200820131857013216582603
0000202943200820131858019000623483
0000202953200820131859012832854623
0000202963200820131900012672055582
0000202973200820131902012044908095
0000202983200820131902012825759580
0000202993200820131903016034273510
0000203003200820131912013173312626
0000203013200820131923012606067608
0000203023200820131932010661988071
0000203033200820131932013175087581
0000203043200820131936015853828278
0000203053200820131937012781811078
0000203063200820131937013339566584
0000203073200820131938012951973669
0000203083200820131939013369017600
0000203093200820131941013399809629
0000203103200820131959018054342492
0000203113210820130626013339566584
0000203123210820130638012447756730
0000203133210820130643012670677624
0000203143210820130643018221431686
0000203153210820130644020412059058
0000203163210820130644015158560637
0000203173210820130645012631147547
0000203183210820130646012743360587
0000203193210820130647016426312151
0000203203210820130648013341212603
0000203213210820130650016559837492
0000203223210820130650012996148543
0000203233210820130653011696742131
0000203243210820130653010800328040
0000203253210820130653019006769099
0000203263210820130654013261293585
0000203273210820130654013359379607
0000203283210820130655012687336604
0000203293210820130658013032643561
0000203303210820130658013302245563
0000203313210820130658012640964587
0000203323210820130700012093421471
0000203333210820130700012867217581
0000203343210820130701012788517620
0000203353210820130703012805580623
0000203363210820130703012555174496
0000203373210820130703020765841783
0000203383210820130704012938212587
0000203393210820130704012851794606
0000203403210820130705012413664892
0000203413210820130705018111187594
0000203423210820130705012978377625
0000203433210820130706012413665465
0000203443210820130706012550828676
0000203453210820130707012970305609
0000203463210820130707012090266823
0000203473210820130708012334764118
0000203483210820130708012827643563
0000203493210820130708012478711763
0000203503210820130709012780072581
0000203513210820130711013465354817
0000203523210820130711012899058624
0000203533210820130713012507549248
0000203543210820130714013175087581
0000203553210820130719013109375604
0000203563210820130737012929874564
0000203573210820130740013369017600
0000203583210820130740013064808620
0000203593210820130745012672055582
0000203603210820130745012672055582
0000203613210820130811019000623483
0000203623210820130817012537757965
0000203633210820130846012669365606
0000203643210820130912012951973669
0000203653210820130915018054856240
0000203663210820131240013172115541
0000203673210820131338015900373278
0000203683210820131725013172115541
0000203693210820131729012669365606
0000203703210820131736018054856240
0000203713210820131837012447756730
0000203723210820131841013302245563
0000203733210820131841016558907977
0000203743210820131842019012657825
0000203753210820131851013104205549
0000203763210820131852013216782602
0000203773210820131852021030657426
0000203783210820131853012672055582
0000203793210820131854016271900195
0000203803210820131857012525180846
0000203813210820131857013350901939
0000203823210820131858013032643561
0000203833210820131900019000623483
0000203843210820131900012670677624
0000203853210820131901015158560637
0000203863210820131902012555174496
0000203873210820131902012687336604
0000203883210820131903012742113608
0000203893210820131905012537757965
0000203903210820131907012381030443
0000203913210820131909016426312151
0000203923210820131913013109375604
0000203933210820131919015853828278
0000203943210820131919012781811078
0000203953210820132023020765659403
0000203963220820130631013364583624
0000203973220820130631012176362731
0000203983220820130631012472079984
0000203993220820130631017045046764
0000204003220820130633019012657825
0000204013220820130643012538029483
0000204023220820130643013248433565
0000204033220820130643012606067608
0000204043220820130645013327971543
0000204053220820130648019011902834
0000204063220820130648013261293585
0000204073220820130649012447754835
0000204083220820130650021030657426
0000204093220820130654012447648547
0000204103220820130655012703576562
0000204113220820130656013145826629
0000204123220820130656013399809629
0000204133220820130656012588967584
0000204143220820130657013084967562
0000204153220820130657020766123841
0000204163220820130657013204773549
0000204173220820130657013112637568
0000204183220820130658013332112561
0000204193220820130659013350901939
0000204203220820130700011696742131
0000204213220820130700016558907977
0000204223220820130700012381030443
0000204233220820130700016271900195
0000204243220820130701012867217581
0000204253220820130702012044908095
0000204263220820130702013216782602
0000204273220820130703013369017600
0000204283220820130704013104205549
0000204293220820130704015900373278
0000204303220820130704013341212603
0000204313220820130705010606179051
0000204323220820130706013359379607
0000204333220820130707010800328040
0000204343220820130707010800328040
0000204353220820130707010800328040
0000204363220820130707012477389655
0000204373220820130710020412059058
0000204383220820130711012929874564
0000204393220820130713012743360587
0000204403220820130715012996148543
0000204413220820130715012996148543
0000204423220820130717016559837492
0000204433220820130721012413664892
0000204443220820130723012093421471
0000204453220820130729010606004081
0000204463220820130740013357909609
0000204473220820130741019035599597
0000204483220820130818013172115541
0000204493220820130819013346415626
0000204503220820130819012537757965
0000204513220820130833013445927773
0000205013220820130841014368972275
0000205053220820130846019027172210
0000207123220820130848012996148543
0000209193220820130946013328164625
0000209203220820131106013203260602
0000213553220820131700012537757965
0000213563220820131716013172115541
0000215643220820131824013445927773
0000215653220820131847013283694604
0000215663220820131847013115739582
0000215673220820131854012176362731
0000215683220820131856012640964587
0000215693220820131857012044908095
0000215703220820131900016034273510
0000215713220820131900013357909609
0000215723220820131900013203260602
0000215733220820131901013204773549
0000215743220820131903013248433565
0000215753220820131904012606067608
0000215763220820131906012538029483
0000215773220820131907013261293585
0000215783220820131907010606179051
0000215793220820131907019011902834
0000215803220820131908010661988071
0000215813220820131909013216582603
0000215823220820131910013182496548
0000215833220820131911012447754835
0000215843220820131918013064808620
0000215853220820131919013399809629
0000215863220820131919013399809629
0000215873220820131920012477403208
0000215883220820131924013328164625
0000215893220820131949018054342492
0000215903230820130616013175087581
0000215913230820130626012447756730
0000215923230820130646012703576562
0000215933230820130646012835827627
0000215943230820130647019011902834
0000215953230820130650012687336604
0000215963230820130652015158560637
0000215973230820130653012776030543
0000215983230820130653013115739582
0000215993230820130653010109237835
0000216003230820130653019012657825
0000216013230820130654012987837625
0000216023230820130654013287856293
0000216033230820130655013166042589
0000216043230820130655012274771873
0000216053230820130657012037738465
0000216063230820130657012885430585
0000216073230820130700013283694604
0000216083230820130700013350901939
0000216093230820130700013112637568
0000216103230820130700013364583624
0000216113230820130700013145826629
0000216123230820130701012588967584
0000216133230820130701013182496548
0000216143230820130701010661988071
0000216153230820130702014368972275
0000216163230820130703012477403208
0000216173230820130703012613488605
0000216183230820130704012555174496
0000216193230820130704013161621602
0000216203230820130704012640964587
0000216213230820130705020059340368
0000216223230820130705016426312151
0000216233230820130705013084967562
0000216243230820130706012447648547
0000216253230820130706012477389655
0000216263230820130707012472079984
0000216273230820130707013228264547
0000216283230820130710012959720565
0000216293230820130710012996148543
0000216303230820130710020766123841
0000216313230820130711013064808620
0000216323230820130711010800328040
0000216333230820130711013221220625
0000216343230820130714010606179051
0000216353230820130716013341204546
0000216363230820130717013717157778
0000216373230820130719019028175884
0000216383230820130733013327971543
0000216393230820130737012478711763
0000216403230820130739013332112561
0000216413230820130740012670677624
0000216423230820130745010606004081
0000216433230820130824013346415626
0000216443230820130824012669365606
0000216453230820130824012537757965
0000216463230820130829013172115541
0000216473230820130834018054856240
0000216483230820130958013328164625
0000216493230820131237015900373278
0000216503230820131427017015654626
0000216513230820131710018054856240
0000216523230820131712013172115541
0000216533230820131759012669365606
0000216543230820131804012537757965
0000216553230820131804017015654626
0000216563230820131810013346415626
0000216573230820131840013717157778
0000216583230820131840019024197840
0000216593230820131846012478711763
0000216603230820131846016271900195
0000216613230820131847021030657426
0000216623230820131847012447756730
0000216633230820131849016558907977
0000216643230820131849012742113608
0000216653230820131850010606179051
0000216663230820131856013228264547
0000216673230820131856012996148543
0000216683230820131856012996148543
0000216693230820131900012555174496
0000216703230820131900012670677624
0000216713230820131902013350901939
0000216723230820131904012525180846
0000216733230820131905019012657825
0000216743230820131905019012657825
0000216753230820131906012687336604
0000216763230820131907015158560637
0000216773230820131909020765841783
0000216783230820131917019028175884
0000216793230820131917019028175884
0000216803230820131924013328164625
0000216813230820131930016034273510
0000216823230820131937016426312151
0000216833230820131943019011902834
0000216843230820132022012629839542
0000216853240820130633016208924457
0000216863240820130634012176362731
0000216873240820130638012787840584
0000216883240820130638010728402499
0000216893240820130641012738213628
0000216903240820130641012477246072
0000216913240820130641013204773549
0000216923240820130645010027963389
0000216933240820130647013287856293
0000216943240820130648012537141441
0000216953240820130653012835827627
0000216963240820130654021030657426
0000216973240820130654012760305580
0000216983240820130654012995385568
0000216993240820130655012660972623
0000217003240820130655013221220625
0000217013240820130655013261293585
0000217023240820130656013112637568
0000217033240820130657012996148543
0000217043240820130657012044908095
0000217053240820130657013125683628
0000217063240820130658012606067608
0000217073240820130658019011902834
0000217083240820130659013341204546
0000217093240820130659016558907977
0000217103240820130700012037738465
0000217113240820130700019024197840
0000217123240820130700012613488605
0000217133240820130700015900373278
0000217143240820130701012742113608
0000217153240820130701012274771873
0000217163240820130702019012657825
0000217173240820130702019038066271
0000217183240820130706012885430585
0000217193240820130707013465354817
0000217203240820130707012672055582
0000217213240820130708016271900195
0000217223240820130709013166042589
0000217233240820130709012959720565
0000217243240820130711013161621602
0000217253240820130712012538029483
0000217263240820130712010806944681
0000217273240820130713012776030543
0000217283240820130713012525180846
0000217293240820130715012193107221
0000217303240820130716012965194608
0000217313240820130718018221290284
0000217323240820130719013216582603
0000217333240820130722010109237835
0000217343240820130725020765841783
0000217353240820130726012987837625
0000217363240820130801019000623483
0000217373240820131020020059340368
0000217383240820131825020765659403
0000217393240820131843012550828676
0000217403240820131843010661988071
0000217413240820131845013115739582
0000217423240820131846012525180846
0000217433240820131846013283694604
0000217443240820131847012176362731
0000217453240820131849020107848044
0000217463240820131850013350901939
0000217473240820131850018221431686
0000217483240820131853013112637568
0000217493240820131854013064808620
0000217503240820131854012606067608
0000217513240820131854012538029483
0000217523240820131859015195158278
0000217533240820131900015195158278
0000217543240820131900012477403208
0000217553240820131900013216582603
0000217563240820131901012193107221
0000217573240820131906013204773549
0000217583240820131909019000623483
0000217593240820131916012044908095
0000217603240820131918011974148372
0000217613240820131921013261293585
0000217623250820130616012919610602
0000217633250820130625012477246072
0000217643250820130635010117312573
0000217653250820130639012802922116
0000217663250820130641012484753057
0000217673250820130645012717311604
0000217683250820130646012996148543
0000217693250820130648013399809629
0000217703250820130649012670677624
0000217713250820130654013084967562
0000217723250820130654013112637568
0000217733250820130654013319746587
0000217743250820130655012447756730
0000217753250820130655012380989410
0000217763250820130655012623352609
0000217773250820130657015158560637
0000217783250820130658012645519581
0000217793250820130658013115739582
0000217803250820130659012555174496
0000217813250820130700012787840584
0000217823250820130700012965194608
0000217833250820130700013125683628
0000217843250820130700015195158278
0000217853250820130700012738213628
0000217863250820130700016271900195
0000217873250820130700012537141441
0000217883250820130701010661988071
0000217893250820130701016426312151
0000217903250820130701013109375604
0000217913250820130702018221431686
0000217923250820130703013104205549
0000217933250820130704019035019531
0000217943250820130704013049770626
0000217953250820130704010728402499
0000217963250820130705012687336604
0000217973250820130705013465354817
0000217983250820130706012612285565
0000217993250820130706012660972623
0000218003250820130706013064808620
0000218013250820130707010027963389
0000218023250820130707012550828676
0000218033250820130709012525180846
0000218043250820130713019038066271
0000218053250820130713013341204546
0000218063250820130713012760305580
0000218073250820130714010806944681
0000218083250820130716012995385568
0000218093250820130716016208924457
0000218103250820130721018221290284
0000218113250820130732012976884589
0000218123250820130732015774279271
0000218133250820130756019011902834
0000218143250820130808020107848044
0000218153250820130837011497117148
0000218163250820130848012654819606
0000218173250820131823020765659403
0000218183250820131834012555174496
0000218193250820131836021030657426
0000218203250820131842014205344267
0000218213250820131848012742113608
0000218223250820131848016558907977
0000218233250820131853012525180846
0000218243250820131856018221431686
0000218253250820131857013049770626
0000218263250820131857019035019531
0000218273250820131858012447648547
0000218283250820131900012381030443
0000218293250820131902013109375604
0000218303250820131903015158560637
0000218313250820131904013161621602
0000218323250820131905012687336604
0000218333250820131906012477389655
0000218343250820131906012484753057
0000218353250820131909012380364666
0000218363250820131909013084967562
0000218373250820131912012670677624
0000218383250820131913012478711763
0000218393250820131915012996148543
0000218403250820131923016426312151
0000218413250820132012012772235582
0000218423260820130630012176362731
0000218433260820130633013173312626
0000218443260820130635012371540775
0000218453260820130638013319746587
0000218463260820130643013115739582
0000218473260820130644012283239259
0000218483260820130645012851794606
0000218493260820130645012827643563
0000218503260820130646012478711763
0000218513260820130646021030657426
0000218523260820130648012970305609
0000218533260820130648012519156092
0000218543260820130649012538029483
0000218553260820130650012606067608
0000218563260820130651013204773549
0000218573260820130652013465354817
0000218583260820130653020765659403
0000218593260820130656012875834624
0000218603260820130657018221431686
0000218613260820130657013182496548
0000218623260820130658012550828676
0000218633260820130658012805580623
0000218643260820130700012772235582
0000218653260820130700012381030443
0000218663260820130700012654819606
0000218673260820130700012477389655
0000218683260820130700013112637568
0000218693260820130701012938212587
0000218703260820130702012380364666
0000218713260820130702012612285565
0000218723260820130702012413665465
0000218733260820130703016271900195
0000218743260820130703016558907977
0000218753260820130705012507549248
0000218763260820130705013161621602
0000218773260820130705012742113608
0000218783260820130706012717311604
0000218793260820130706018111187594
0000218803260820130707013399809629
0000218813260820130708013216582603
0000218823260820130708012919610602
0000218833260820130708012645519581
0000218843260820130708016992755006
0000218853260820130713010117312573
0000218863260820130714012802922116
0000218873260820130714012525180846
0000218883260820130714013341204546
0000218893260820130715019006769099
0000218903260820130715012334764118
0000218913260820130716012044908095
0000218923260820130722012623352609
0000218933260820130738013401082603
0000218943260820130741012380989410
0000218953260820130746013104205549
0000218963260820130747012951973669
0000218973260820130804013369017600
0000218983260820130804013445927773
0000218993260820130805011497117148
0000219003260820130818012537757965
0000219013260820130824013346415626
0000219023260820130834013172115541
0000219033260820130834018054856240
0000221183260820130841013389894585
0000221193260820130841020427186484
0000223303260820131413017015654626
0000227513260820131734013172115541
0000229623260820131745013445927773
0000229633260820131809012537757965
0000229643260820131848020765841783
0000229653260820131848012640964587
0000229663260820131848013261293585
0000229673260820131850013283694604
0000229683260820131852013115739582
0000229693260820131859014270490272
0000229703260820131859013182496548
0000229713260820131900013216582603
0000229723260820131901012606067608
0000229733260820131902013204773549
0000229743260820131902012044908095
0000229753260820131903013064808620
0000229763260820131906013389894585
0000229773260820131908010661988071
0000229783260820131909016034273510
0000229793260820131909018054856240
0000229803260820131910012538029483
0000229813260820131911020427186484
0000229823260820131913017015654626
0000229833260820131919012477403208
0000229843260820131923012951973669
0000229853260820131933013340472628
0000229863260820131939013369017600
0000229873260820131942013399256603
0000229883270820130631012447756730
0000229893270820130644016559837492
0000229903270820130644013359379607
0000229913270820130646012093421471
0000229923270820130648012631147547
0000229933270820130650012996148543
0000229943270820130651015158560637
0000229953270820130652019006769099
0000229963270820130653012687336604
0000229973270820130653012938212587
0000229983270820130654012672055582
0000229993270820130654018111187594
0000230003270820130655012780072581
0000230013270820130655012555174496
0000230023270820130656013261293585
0000230033270820130657013350901939
0000230043270820130657012899058624
0000230053270820130659012413664892
0000230063270820130700012413665465
0000230073270820130700012851794606
0000230083270820130700012970305609
0000230093270820130701013283694604
0000230103270820130701012640964587
0000230113270820130702016034273510
0000230123270820130703014270490272
0000230133270820130703012477403208
0000230143270820130703012550828676
0000230153270820130704018221431686
0000230163270820130705011696742131
0000230173270820130705013216782602
0000230183270820130705013221220625
0000230193270820130706012788517620
0000230203270820130707012670677624
0000230213270820130707012283239259
0000230223270820130707013064808620
0000230233270820130709020412059058
0000230243270820130711012867217581
0000230253270820130711012929874564
0000230263270820130712012090266823
0000230273270820130714013173312626
0000230283270820130718012334764118
0000230293270820130719012827643563
0000230303270820130719020765841783
0000230313270820130720016426312151
0000230323270820130720013109375604
0000230333270820130721012371540775
0000230343270820130727012805580623
0000230353270820130728012825759580
0000230363270820130729012478711763
0000230373270820130754012951973669
0000230383270820130756012507549248
0000230393270820130756013465354817
0000230403270820130758016992755006
0000230413270820130821013346415626
0000230423270820130822012537757965
0000230433270820130822019000623483
0000230443270820130824012781811078
0000230453270820130824015853828278
0000230463270820130842012669365606
0000230473270820130842012669365606
0000230483270820130842013445927773
0000230493270820130852018054856240
0000230503270820130856013172115541
0000230513270820130950013340472628
0000230523270820131021017015654626
0000230533270820131735013346415626
0000230543270820131735012669365606
0000230553270820131735013445927773
0000230563270820131744018054856240
0000230573270820131746013172115541
0000230583270820131803012537757965
0000230593270820131837020765659403
0000230603270820131837019012657825
0000230613270820131838012447756730
0000230623270820131845012640964587
0000230633270820131846012742113608
0000230643270820131846016558907977
0000230653270820131849021030657426
0000230663270820131852012484753057
0000230673270820131855016271900195
0000230683270820131855012478711763
0000230693270820131859013221220625
0000230703270820131901012670677624
0000230713270820131901015158560637
0000230723270820131902012687336604
0000230733270820131903012832854623
0000230743270820131905012381030443
0000230753270820131906012555174496
0000230763270820131908015853828278
0000230773270820131908012781811078
0000230783270820131908012825759580
0000230793270820131910018054342492
0000230803270820131911019000623483
0000230813270820131912012951973669
0000230823270820131927016426312151
0000230833270820131927013109375604
0000230843270820131945013175087581
0000230853270820131945013339566584
0000230863270820132002019041061420
0000230873270820132136017015654626
0000230883280820130616017045046764
0000230893280820130617020766123841
0000230903280820130626012472079984
0000230913280820130626013364583624
0000230923280820130637012176362731
0000230933280820130644013248433565
0000230943280820130645014205344267
0000230953280820130645012447648547
0000230963280820130649013115739582
0000230973280820130649012447754835
0000230983280820130651021030657426
0000230993280820130653012743360587
0000231003280820130654013341212603
0000231013280820130654013204773549
0000231023280820130655019012657825
0000231033280820130657012093421471
0000231043280820130657019035599597
0000231053280820130658013084967562
0000231063280820130658013112637568
0000231073280820130658013399809629
0000231083280820130659013327971543
0000231093280820130659012413664892
0000231103280820130659012484753057
0000231113280820130659016271900195
0000231123280820130700012538029483
0000231133280820130700012867217581
0000231143280820130700016558907977
0000231153280820130700013145826629
0000231163280820130701012742113608
0000231173280820130701012381030443
0000231183280820130702012606067608
0000231193280820130704012044908095
0000231203280820130706013359379607
0000231213280820130707013332112561
0000231223280820130708011696742131
0000231233280820130709013175087581
0000231243280820130709012929874564
0000231253280820130709018221431686
0000231263280820130709018221431686
0000231273280820130710012832854623
0000231283280820130710012672055582
0000231293280820130710016559837492
0000231303280820130711012899058624
0000231313280820130713013216582603
0000231323280820130715012477389655
0000231333280820130715012780072581
0000231343280820130716012788517620
0000231353280820130718013032643561
0000231363280820130719012640964587
0000231373280820130719012357054974
0000231383280820130720012996148543
0000231393280820130720020412059058
0000231403280820130725013369017600
0000231413280820130729013302245563
0000231423280820130749012776030543
0000231433280820130808012669365606
0000231443280820130809012669365606
0000231453280820130813012951973669
0000231463280820130813012951973669
0000231473280820130813013346415626
0000231483280820130814012537757965
0000231493280820130814019000623483
0000231503280820130814019000623483
0000231513280820130820013172115541
0000231523280820130825013445927773
0000231533280820130825013445927773
0000231543280820130832014368972275
0000231553280820130848012631147547
0000231563280820130849018054856240
0000237873280820131732013172115541
0000237883280820131743012669365606
0000237893280820131743012669365606
0000237903280820131743013346415626
0000237913280820131801012537757965
0000237923280820131801013445927773
0000237933280820131841012477403208
0000237943280820131844013283694604
0000237953280820131848013261293585
0000237963280820131851012640964587
0000237973280820131852013302245563
0000237983280820131853013248433565
0000237993280820131853012044908095
0000238003280820131854012176362731
0000238013280820131855013032643561
0000238023280820131858013216582603
0000238033280820131905013204773549
0000238043280820131906013115739582
0000238053280820131921015900373278
0000238063280820131922016034273510
0000238073280820131927013064808620
0000238083280820131929010661988071
0000238093280820131929012606067608
0000238103280820131932015853828278
0000238113280820131933012781811078
0000238123280820132001019027172210
0000238133290820130627012447756730
0000238143290820130638015900373278
0000238153290820130640012987837625
0000238163290820130642010109237835
0000238173290820130643012640964587
0000238183290820130648012835827627
0000238193290820130649012484753057
0000238203290820130651010606179051
0000238213290820130651015158560637
0000238223290820130654012274771873
0000238233290820130654017045046764
0000238243290820130654013182496548
0000238253290820130654013166042589
0000238263290820130655012670677624
0000238273290820130655012555174496
0000238283290820130655012703576562
0000238293290820130657010806944681
0000238303290820130658012687336604
0000238313290820130659019011902834
0000238323290820130700013203260602
0000238333290820130700013112637568
0000238343290820130700012037738465
0000238353290820130701013327971543
0000238363290820130701013145826629
0000238373290820130702013261293585
0000238383290820130702019028175884
0000238393290820130702019028175884
0000238403290820130702013084967562
0000238413290820130703020766123841
0000238423290820130703013064808620
0000238433290820130703014368972275
0000238443290820130703012588967584
0000238453290820130704012478711763
0000238463290820130704013341212603
0000238473290820130705012477389655
0000238483290820130706012743360587
0000238493290820130707013228264547
0000238503290820130709013717157778
0000238513290820130710012477403208
0000238523290820130710016426312151
0000238533290820130711013109375604
0000238543290820130713013161621602
0000238553290820130713013221220625
0000238563290820130714010661988071
0000238573290820130715013369017600
0000238583290820130716012447754835
0000238593290820130717012613488605
0000238603290820130719013332112561
0000238613290820130719012472079984
0000238623290820130721013364583624
0000238633290820130722012357054974
0000238643290820130722013399809629
0000238653290820130722010606004081
0000238663290820130723012776030543
0000238673290820130725019035599597
0000238683290820130730012885430585
0000238693290820130733013283694604
0000238703290820130733012447648547
0000238713290820130754019027172210
0000238723290820130811013172115541
0000238733290820130816012537757965
0000238743290820130818013346415626
0000238753290820130825018054856240
0000238763290820130826013328164625
0000238773290820130855013357909609
0000238783290820130911012669365606
0000238793290820130911012669365606
0000238803290820130930013445927773
0000238813290820131051017015654626
0000238823290820131707012537757965
0000238833290820131709012537757965
0000238843290820131712013172115541
0000238853290820131738012669365606
0000238863290820131742013346415626
0000238873290820131759018054856240
0000238883290820131820013228264547
0000238893290820131820012631147547
0000238903290820131844010606179051
0000238913290820131846012478711763
0000238923290820131846012742113608
0000238933290820131847019012657825
0000238943290820131847016558907977
0000238953290820131848020765659403
0000238963290820131900021030657426
0000238973290820131901012996148543
0000238983290820131901020765841783
0000238993290820131903012670677624
0000239003290820131903013357909609
0000239013290820131905012687336604
0000239023290820131905012381030443
0000239033290820131905015158560637
0000239043290820131906016271900195
0000239053290820131909012885430585
0000239063290820131911012959720565
0000239073290820131913012555174496
0000239083290820131917012477246072
0000239093290820131917013221220625
0000239103290820131920013109375604
0000239113290820131922012484753057
0000239123290820131924013182496548
0000239133290820131928013203260602
0000239143290820131935013328164625
0000239153290820131936016426312151
0000239163290820131944019011902834
0000239173290820131957019041061420
0000239183290820132014018054342492
0000239213290820132017011690094642
0000239223290820132023012525180846
0000239233290820132029013445927773
0000239243290820132132017015654626
0000239253300820130550010606004081
0000239263300820130600020765659403
0000239273300820130628012176362731
0000239283300820130639012787840584
0000239293300820130642020107848044
0000239303300820130643010728402499
0000239313300820130644017016186545
0000239323300820130644017016186545
0000239333300820130645013204773549
0000239343300820130645012965194608
0000239353300820130645021030657426
0000239363300820130645013248433565
0000239373300820130649010800328040
0000239383300820130650012987837625
0000239393300820130651013287856293
0000239403300820130652012703576562
0000239413300820130652018054342492
0000239423300820130653013125683628
0000239433300820130654012672055582
0000239443300820130656012435260174
0000239453300820130657020059340368
0000239463300820130657013115739582
0000239473300820130657019011902834
0000239483300820130657012606067608
0000239493300820130658019012657825
0000239503300820130658012738213628
0000239513300820130658016271900195
0000239523300820130659016558907977
0000239533300820130659012742113608
0000239543300820130659012381030443
0000239553300820130700012995385568
0000239563300820130701010806944681
0000239573300820130701010606179051
0000239583300820130702012588967584
0000239593300820130703013166042589
0000239603300820130703012413665465
0000239613300820130704012044908095
0000239623300820130705013161621602
0000239633300820130705016208924457
0000239643300820130707012660972623
0000239653300820130707013341204546
0000239663300820130708012996148543
0000239673300820130708012631147547
0000239683300820130709012274771873
0000239693300820130709012613488605
0000239703300820130709012613488605
0000239713300820130709013089592583
0000239723300820130710012193107221
0000239733300820130710012037738465
0000239743300820130710019028175884
0000239753300820130712012525180846
0000239763300820130712020765841783
0000239773300820130713012959720565
0000239783300820130728018221290284
0000239793300820130729010109237835
0000239803300820130748013172115541
0000239813300820130748012538029483
0000239823300820130823012537757965
0000239833300820130838012669365606
0000239843300820130838012669365606
0000239853300820130844013717157778
0000239863300820130844013717157778
0000239873300820130926013328164625
0000239883300820130926013328164625
0000239893300820130927013328164625
0000239903300820131131017015654626
0000239913300820131458018054856240
0000239923300820131643017015654626
0000239933300820131645013445927773
0000239943300820131703013172115541
