0000301133300920131734013346415626
0000301143300920131735012669365606
0000301153300920131736012537757965
0000301163300920131737013445927773
0000301173300920131805012205303491
0000301183300920131833021030657426
0000301193300920131839013319746587
0000301203300920131839012996148543
0000301213300920131842012525180846
0000301223300920131842012754312546
0000301233300920131848016271900195
0000301243300920131851020427186484
0000301253300920131851016558907977
0000301263300920131900012951973669
0000301273300920131900013112637568
0000301283300920131900013104205549
0000301293300920131901012772235582
0000301303300920131901012381030443
0000301313300920131901012897151562
0000301323300920131902012687336604
0000301333300920131902012538029483
0000301343300920131903013401082603
0000301353300920131909015158560637
0000301363300920131909012555174496
0000301373300920131911013340472628
0000301383300920131914013109375604
0000301393300920131914013109375604
0000301403300920131922013389894585
0000301413300920131926014270490272
0000301423300920131928016426312151
0000301433300920132006013399256603
0000301443300920132138013153387302
0000301453011020130624013173312626
0000301463011020130634012176362731
0000301473011020130637012851794606
0000301483011020130640012827643563
0000301493011020130641012970305609
0000301503011020130644012805580623
0000301513011020130651013115739582
0000301523011020130654012899058624
0000301533011020130655012044908095
0000301543011020130656012780072581
0000301553011020130657013204773549
0000301563011020130658020765841783
0000301573011020130658012606067608
0000301583011020130659019024197840
0000301593011020130659012738213628
0000301603011020130700012525180846
0000301613011020130700021030657426
0000301623011020130700012334465153
0000301633011020130701012645519581
0000301643011020130701012802922116
0000301653011020130701013216582603
0000301663011020130701014270490272
0000301673011020130701016558907977
0000301683011020130702012550828676
0000301693011020130702012754312546
0000301703011020130702012654819606
0000301713011020130702012380364666
0000301723011020130702012938212587
0000301733011020130703012717311604
0000301743011020130703012334764118
0000301753011020130703013209558565
0000301763011020130703016271900195
0000301773011020130704012484753057
0000301783011020130704012484753057
0000301793011020130704018111187594
0000301803011020130705012381030443
0000301813011020130706012413665465
0000301823011020130706012090266823
0000301833011020130707019006769099
0000301843011020130710012612285565
0000301853011020130710010117312573
0000301863011020130711012371540775
0000301873011020130711013109375604
0000301883011020130712019035019531
0000301893011020130714012875834624
0000301903011020130715013112637568
0000301913011020130715020762577953
0000301923011020130719012788517620
0000301933011020130724013328164625
0000301943011020130736019000623483
0000301953011020130742012781811078
0000301963011020130745013340472628
0000301973011020130749013369017600
0000301983011020130802012205303491
0000301993011020130814012951973669
0000302003011020130815012537757965
0000302013011020130815013346415626
0000302023011020130816012669365606
0000302033011020130823016992755006
0000302043011020130852013445927773
0000302053011020130904019026460158
0000302063011020130907017015654626
0000302073011020131650017015654626
