0000242053300820131716012669365606
0000242063300820131734018054856240
0000242073300820131800013445927773
0000242083300820131834012537757965
0000242093300820131834012477246072
0000242103300820131835013221220625
0000242113300820131846013261293585
0000242123300820131853012640964587
0000242133300820131855013115739582
0000242143300820131855012044908095
0000242153300820131858013216582603
0000242163300820131900013283694604
0000242173300820131902012176362731
0000242183300820131903010606179051
0000242193300820131909010661988071
0000242203300820131909013248433565
0000242213300820131915012538029483
0000242223300820131916019011902834
0000242233300820131919012477403208
0000242243300820131921013204773549
0000242253300820131922013064808620
0000242263300820131928015900373278
0000242273300820131932012606067608
0000242283300820132013013328164625
0000242293310820130619012478711763
0000242303310820130628012919610602
0000242313310820130634019024197840
0000242323310820130644012555174496
0000242333310820130646010027963389
0000242343310820130648013221220625
0000242353310820130648013319746587
0000242363310820130648013125683628
0000242373310820130648012965194608
0000242383310820130648020728187471
0000242393310820130649012717311604
0000242403310820130650013287856293
0000242413310820130650012537141441
0000242423310820130651016208924457
0000242433310820130652010117312573
0000242443310820130652012380364666
0000242453310820130653013049770626
0000242463310820130656012995385568
0000242473310820130656012413665465
0000242483310820130658010661988071
0000242493310820130658012645519581
0000242503310820130659019011902834
0000242513310820130659012687336604
0000242523310820130659016559843816
0000242533310820130659010728402499
0000242543310820130700012193107221
0000242553310820130700012435260174
0000242563310820130700013283694604
0000242573310820130701013261293585
0000242583310820130701016034273510
0000242593310820130701013089592583
0000242603310820130703020762577953
0000242613310820130703012477403208
0000242623310820130703012612285565
0000242633310820130705012660972623
0000242643310820130705012787840584
0000242653310820130707012044908095
0000242663310820130708012741695565
0000242673310820130708013104205549
0000242683310820130709015900373278
0000242693310820130710019035019531
0000242703310820130711018221290284
0000242713310820130712013161621602
0000242723310820130714019038066271
0000242733310820130715013216582603
0000242743310820130717012738213628
0000242753310820130718012640964587
0000242763310820130719012672055582
0000242773310820130722020107848044
0000242783310820130722013341204546
0000242793310820130728017016186545
0000242803310820130741012654819606
0000242813310820130744013109375604
0000242823310820130754019000623483
0000242833310820130759020059340368
0000242843310820131838021030657426
0000242853310820131842012525180846
0000242863310820131843013216582603
0000242873310820131845012742113608
0000242883310820131850016558907977
0000242893310820131856012381030443
0000242903310820131857016271900195
0000242913310820131901012687336604
0000242923310820131901019000623483
0000242933310820131904013049770626
0000242943310820131904012672055582
0000242953310820131904012044908095
0000242963310820131906019035019531
0000242973310820131909020765659403
0000242983310820131911012477389655
0000242993310820131916012555174496
0000243003310820131917013109375604
0000243013310820131931011974148372
0000243023310820131952015195158278
0000243033010920130625012176362731
0000243043010920130644012380989410
0000243053010920130644012380989410
0000243063010920130646012760305580
0000243073010920130646012827643563
0000243083010920130647012851794606
0000243093010920130649013248433565
0000243103010920130649012938212587
0000243113010920130650013204773549
0000243123010920130652013115739582
0000243133010920130653012550828676
0000243143010920130654012044908095
0000243153010920130654020765659403
0000243163010920130655013112637568
0000243173010920130655012283239259
0000243183010920130655012623352609
0000243193010920130656012478711763
0000243203010920130657012612285565
0000243213010920130657012875834624
0000243223010920130658012970305609
0000243233010920130658012090266823
0000243243010920130659021030657426
0000243253010920130700012919610602
0000243263010920130700012606067608
0000243273010920130701015195158278
0000243283010920130702013341204546
0000243293010920130702016558907977
0000243303010920130702012742113608
0000243313010920130702012537141441
0000243323010920130703012381030443
0000243333010920130703012654819606
0000243343010920130703020762577953
0000243353010920130703016271900195
0000243363010920130704012645519581
0000243373010920130705012741695565
0000243383010920130705012538029483
0000243393010920130705019006769099
0000243403010920130705012380364666
0000243413010920130706013319746587
0000243423010920130706020728187471
0000243433010920130706013465354817
0000243443010920130710012717311604
0000243453010920130710012477389655
0000243463010920130711012507549248
0000243473010920130713013216582603
0000243483010920130714012525180846
0000243493010920130714010117312573
0000243503010920130716015774279271
0000243513010920130716012976884589
0000243523010920130721010027963389
0000243533010920130722012805580623
0000243543010920130722012334764118
0000243553010920130723019024197840
0000243563010920130724013161621602
0000243573010920130727020765841783
0000243583010920130737011497117148
0000243593010920130810019011902834
0000243603010920130813019038066271
0000243613010920130909012672055582
0000243623010920130909012672055582
0000243633010920131831012640964587
0000243643010920131840013064808620
0000243653010920131847013283694604
0000243663010920131848013173312626
0000243673010920131852010661988071
0000243683010920131853012477403208
0000243693010920131855012176362731
0000243703010920131855018111187594
0000243713010920131856013216582603
0000243723010920131856013248433565
0000243733010920131857013112637568
0000243743010920131857012672055582
0000243753010920131858013115739582
0000243763010920131903014205344267
0000243773010920131904013204773549
0000243783010920131905012044908095
0000243793010920131913012606067608
0000243803010920131922016271900195
0000243813020920130627012478711763
0000243823020920130637012371540775
0000243833020920130641012631147547
0000243843020920130645012687336604
0000243853020920130645012519156092
0000243863020920130646012938212587
0000243873020920130648012672055582
0000243883020920130650012447648547
0000243893020920130651012802922116
0000243903020920130651018221431686
0000243913020920130653012555174496
0000243923020920130653012093421471
0000243933020920130656012507549248
0000243943020920130657012550828676
0000243953020920130657020412059058
0000243963020920130657012867217581
0000243973020920130658018111187594
0000243983020920130659013283694604
0000243993020920130659012875834624
0000244003020920130700012283239259
0000244013020920130700012827643563
0000244023020920130700012477403208
0000244033020920130701012413664892
0000244043020920130701015158560637
0000244053020920130702012090266823
0000244063020920130702012851794606
0000244073020920130702010661988071
0000244083020920130703012805580623
0000244093020920130703016992755006
0000244103020920130704013216782602
0000244113020920130704012640964587
0000244123020920130705012760305580
0000244133020920130707013173312626
0000244143020920130707013350901939
0000244153020920130707013465354817
0000244163020920130709020765841783
0000244173020920130710012334764118
0000244183020920130712019006769099
0000244193020920130712012970305609
0000244203020920130713016426312151
0000244213020920130714013109375604
0000244223020920130714012978377625
0000244233020920130715012996148543
0000244263020920130723019044769777
0000244273020920130725013064808620
0000244283020920130727020427186484
0000244293020920130730012380989410
0000244303020920130730012380989410
0000244313020920130731012623352609
0000244323020920130736013401082603
0000244333020920130736013717157778
0000244343020920130739013369017600
0000244353020920130756013172115541
0000244363020920130810011497117148
0000244373020920130816012537757965
0000244383020920130822013445927773
0000244393020920130823013389894585
0000244403020920130831012669365606
0000244413020920130831012669365606
0000244423020920130853018054856240
0000244433020920130854012951973669
0000246543020920131703013172115541
0000250753020920131712012537757965
0000250763020920131712012669365606
0000250773020920131718013445927773
0000250783020920131804020765659403
0000250793020920131805018054856240
0000250803020920131817016558907977
0000250813020920131847019012657825
0000250823020920131854016271900195
0000250833020920131857012478711763
0000250843020920131857013109375604
0000250853020920131857012555174496
0000250863020920131858012525180846
0000250873020920131859012381030443
0000250883020920131900012687336604
0000250893020920131900012687336604
0000250903020920131901021030657426
0000250913020920131903014270490272
0000250923020920131911020427186484
0000250933020920131912015158560637
0000250943020920131913013389894585
0000250953020920131920012951973669
0000250963020920131922016426312151
0000250973020920131933013369017600
0000250983020920131954013340472628
0000250993030920130619012472079984
0000251003030920130620013364583624
0000251013030920130620017045046764
0000251023030920130633012176362731
0000251033030920130633016559837492
0000251043030920130639020765659403
0000251053030920130639013465354817
0000251063030920130643013204773549
0000251073030920130647012538029483
0000251083030920130648012899058624
0000251093030920130648013327971543
0000251103030920130649013248433565
0000251113030920130649012447754835
0000251123030920130649012447754835
0000251133030920130649020766123841
0000251143030920130650013145826629
0000251153030920130651012640964587
0000251163030920130651013115739582
0000251173030920130651021030657426
0000251183030920130652012788517620
0000251193030920130653013399809629
0000251203030920130658019035599597
0000251213030920130658012044908095
0000251223030920130658012780072581
0000251233030920130659013084967562
0000251243030920130659019012657825
0000251253030920130659012381030443
0000251263030920130659016271900195
0000251273030920130659013112637568
0000251283030920130659012477389655
0000251293030920130700013350901939
0000251303030920130700016558907977
0000251313030920130700012687336604
0000251323030920130703012802922116
0000251333030920130704012867217581
0000251343030920130705012996148543
0000251353030920130705012996148543
0000251363030920130707013717157778
0000251373030920130707012929874564
0000251383030920130708012525180846
0000251393030920130708014270490272
0000251403030920130709012631147547
0000251413030920130710012672055582
0000251423030920130710012978377625
0000251433030920130711012093421471
0000251443030920130712012093421471
0000251453030920130715020412059058
0000251463030920130715012447648547
0000251473030920130720012413664892
0000251483030920130722013328164625
0000251493030920130729012371540775
0000251503030920130732012606067608
0000251513030920130742016992755006
0000251523030920130806018221431686
0000251533030920130812012537757965
0000251543030920130812014368972275
0000251553030920130812013346415626
0000251563030920130816012781811078
0000251573030920130816015853828278
0000251593030920130802013445927773
0000251613030920130826012996148543
0000253723030920130835012951973669
0000254473030920130842013153387302
0000254483030920130843018054856240
0000254493030920130852012669365606
0000254503030920130915013172115541
0000254513030920130928019026460158
0000254523030920130940013340472628
0000254533030920130947017015654626
0000256653030920131718013172115541
0000258773030920131753012537757965
0000258783030920131756018054856240
0000258793030920131757013346415626
0000258803030920131758012669365606
0000258813030920131828013261293585
0000258823030920131833010661988071
0000258833030920131839012996148543
0000258843030920131843012477403208
0000258853030920131846013283694604
0000258863030920131846012176362731
0000258873030920131849013153387302
0000258883030920131855013115739582
0000258893030920131856013248433565
0000258903030920131856015853828278
0000258913030920131856012781811078
0000258923030920131856012538029483
0000258933030920131857012951973669
0000258973030920131900019019769807
0000258983030920131900012044908095
0000258993030920131902012093421471
0000259003030920131903013204773549
0000259013030920131904012832854623
0000259023030920131904013357909609
0000259033030920131912013445927773
0000259043030920131913013445927773
0000259053030920131914019026460158
0000259063030920131917018054342492
0000259073030920131917013328164625
0000259083030920131919013064808620
0000259093030920131933012606067608
0000259103030920132008019041061420
0000259113030920132129017015654626
0000259123040920130643012478711763
0000259133040920130651014205344267
0000259143040920130652012555174496
0000259153040920130653012687336604
0000259163040920130653013341212603
0000259173040920130656012987837625
0000259183040920130656012037738465
0000259193040920130656010109237835
0000259203040920130657015158560637
0000259213040920130657012743360587
0000259223040920130659013221220625
0000259233040920130700012640964587
0000259243040920130700013364583624
0000259253040920130700010800328040
0000259263040920130700010661988071
0000259273040920130701016034273510
0000259283040920130701012835827627
0000259293040920130701012447754835
0000259303040920130701012447754835
0000259313040920130703013465354817
0000259323040920130703012477389655
0000259333040920130704013084967562
0000259343040920130705012477403208
0000259353040920130705013112637568
0000259363040920130705013261293585
0000259373040920130706013327971543
0000259383040920130706013228264547
0000259393040920130706013166042589
0000259403040920130706012274771873
0000259413040920130706013283694604
0000259423040920130707011696742131
0000259433040920130713012996148543
0000259443040920130713013182496548
0000259453040920130714012472079984
0000259463040920130714012780072581
0000259473040920130714012899058624
0000259483040920130716013032643561
0000259493040920130718012788517620
0000259503040920130718013145826629
0000259513040920130718020766123841
0000259523040920130718019028175884
0000259533040920130719012613488605
0000259543040920130721013161621602
0000259553040920130726013399809629
0000259563040920130726017045046764
0000259573040920130728016426312151
0000259583040920130728013064808620
0000259593040920130735014368972275
0000259603040920130735013109375604
0000259613040920130737012832854623
0000259623040920130747016559837492
0000259633040920130758013369017600
0000259643040920130825012537757965
0000259653040920130826012951973669
0000259663040920130828013172115541
0000259673040920130842013445927773
0000259683040920130843018054856240
0000259693040920130847012669365606
0000259703040920130853013346415626
0000259713040920130958013302245563
0000259783040920131430012897151562
0000259793040920131430013209558565
0000264203040920131507012905230586
0000268603040920131731012537757965
0000268613040920131731013172115541
0000270813040920131750013445927773
0000270823040920131752013346415626
0000270833040920131753012669365606
0000270863040920131804012754312546
0000270873040920131828015900373278
0000270883040920131839016558907977
0000270893040920131840012525180846
0000270903040920131845019012657825
0000270913040920131847013302245563
0000270923040920131848012478711763
0000270933040920131852018054856240
0000270943040920131852016271900195
0000270953040920131857019001662830
0000270963040920131857020765659403
0000270973040920131859012381030443
0000270983040920131900013032643561
0000270993040920131900012897151562
0000271003040920131900012555174496
0000271013040920131901015853828278
0000271023040920131901012781811078
0000271033040920131903012687336604
0000271043040920131904012959720565
0000271053040920131906012507549248
0000271063040920131907012447754835
0000271073040920131908016426312151
0000271083040920131908013221220625
0000271093040920131912013109375604
0000271103040920131916015158560637
0000271113040920131919021030657426
0000271123050920130628012176362731
0000271133050920130631020765659403
0000271143050920130632010728402499
0000271153050920130641013248433565
0000271163050920130641013204773549
0000271173050920130646020107848044
0000271183050920130651012965194608
0000271193050920130651013125683628
0000271203050920130652012538029483
0000271213050920130654012672055582
0000271223050920130655012959720565
0000271233050920130656015900373278
0000271243050920130657010806944681
0000271253050920130657012606067608
0000271263050920130657012477246072
0000271273050920130657012703576562
0000271283050920130658012738213628
0000271293050920130658019012657825
0000271303050920130658021030657426
0000271313050920130658012044908095
0000271323050920130659019028175884
0000271333050920130659013228264547
0000271343050920130659012995385568
0000271353050920130659016208924457
0000271363050920130700016271900195
0000271373050920130700012613488605
0000271383050920130700016558907977
0000271393050920130701012588967584
0000271403050920130703012381030443
0000271413050920130703012037738465
0000271423050920130703012435260174
0000271433050920130704012987837625
0000271443050920130704012754312546
0000271453050920130706013182496548
0000271463050920130706013203260602
0000271473050920130706010606179051
0000271483050920130707012274771873
0000271493050920130817012537757965
0000271503050920130818013172115541
0000271513050920130820013357909609
0000271523050920130829012669365606
0000271533050920130854018054856240
0000271543050920130952013328164625
0000271553050920131409013445927773
0000271593050920131430013053302623
0000276013050920131717013172115541
0000276023050920131740012669365606
0000276033050920131741012537757965
0000276043050920131744013346415626
0000276053050920131800013445927773
0000276063050920131826010661988071
0000276073050920131830012640964587
0000276083050920131840012477403208
0000276093050920131848013261293585
0000276103050920131851013283694604
0000276113050920131852013357909609
0000276123050920131853012176362731
0000276133050920131855013248433565
0000276143050920131856013115739582
0000276153050920131857012413665465
0000276163050920131902013203260602
0000276173050920131904013064808620
0000276183050920131907013053302623
0000276193050920131909019011902834
0000276203050920131909010606179051
0000276213050920131910012044908095
0000276223050920131910013328164625
0000276233050920131911013204773549
0000276243050920131912018054856240
0000276253050920131924012606067608
0000276263050920131933011690094642
0000276273050920132027019041061420
0000276283060920130537013175087581
0000276293060920130618012919610602
0000276303060920130630019024197840
0000276313060920130642013209558565
0000276323060920130646012555174496
0000276333060920130647012897151562
0000276343060920130648012654819606
0000276353060920130650012380364666
0000276363060920130652012703576562
0000276373060920130652013112637568
0000276383060920130653012717311604
0000276393060920130654012687336604
0000276403060920130654012447754835
0000276413060920130654013261293585
0000276423060920130655012741695565
0000276433060920130656012484753057
0000276443060920130657013283694604
0000276453060920130657013049770626
0000276463060920130658012477403208
0000276473060920130700020107848044
0000276483060920130700012435260174
0000276493060920130700012965194608
0000276503060920130701012995385568
0000276513060920130701013125683628
0000276523060920130701010606179051
0000276533060920130701013104205549
0000276543060920130701010806944681
0000276553060920130702012738213628
0000276563060920130703016559843816
0000276573060920130703012413665465
0000276583060920130703013064808620
0000276593060920130704010117312573
0000276603060920130704013341204546
0000276613060920130705012787840584
0000276623060920130706010728402499
0000276633060920130706012538029483
0000276643060920130706012672055582
0000276653060920130707017016186545
0000276663060920130707012612285565
0000276673060920130707012193107221
0000276683060920130708012760305580
0000276693060920130709013287856293
0000276703060920130710010606004081
0000276713060920130710012588967584
0000276723060920130711015900373278
0000276733060920130714019011902834
0000276743060920130714012776030543
0000276753060920130715016208924457
0000276763060920130715018221290284
0000276773060920130715012660972623
0000276783060920130716016426312151
0000276793060920130717013109375604
0000276803060920130718013161621602
0000276813060920130719013319746587
0000276823060920130719013216582603
0000276833060920130720020059340368
0000276843060920130722012640964587
0000276853060920130736012477246072
0000276863060920130817013346415626
0000276873060920130817012537757965
0000276883060920130829013445927773
0000276893060920130829013172115541
0000276903060920130834012669365606
0000276913060920130834012669365606
0000276923060920130841018054856240
0000276933060920130950013328164625
0000276943060920131736012537757965
0000276953060920131750013445927773
0000276963060920131800018054856240
0000276973060920131801013172115541
0000276983060920131810012669365606
0000276993060920131811012669365606
0000277003060920131813013346415626
0000277013060920131831021030657426
0000277023060920131835012640964587
0000277033060920131835020765659403
0000277043060920131848018221431686
0000277053060920131849016558907977
0000277063060920131854012754312546
0000277073060920131856012538029483
0000277083060920131857013049770626
0000277093060920131858016271900195
0000277103060920131859012897151562
0000277113060920131900012381030443
0000277123060920131901013209558565
0000277133060920131904012555174496
0000277143060920131906010606179051
0000277153060920131908012687336604
0000277163060920131909012996148543
0000277173060920131911013216582603
0000277183060920131918013109375604
0000277193060920131922019011902834
0000277203060920131925016426312151
0000277213060920131933012612285565
0000277223060920131938013328164625
0000277233060920131939013328164625
0000277243060920131956012645519581
0000277253060920132008012447754835
0000277263060920132008012447754835
0000277273060920132054012629839542
0000277283060920132054012629839542
0000277293060920132055012629839542
0000277303070920130631012176362731
0000277313070920130631013204773549
0000277323070920130639013209558565
0000277333070920130640010027963389
0000277343070920130641012938212587
0000277353070920130644012851794606
0000277363070920130644013248433565
0000277373070920130645013173312626
0000277383070920130647012827643563
0000277393070920130650013221220625
0000277403070920130654012090266823
0000277413070920130654012537141441
0000277423070920130655017016186545
0000277433070920130655012805580623
0000277443070920130655020765841783
0000277453070920130656012413665465
0000277463070920130657012996148543
0000277473070920130657018111187594
0000277483070920130658012550828676
0000277493070920130659020728187471
0000277503070920130659019038066271
0000277513070920130659015158560637
0000277523070920130700012654819606
0000277533070920130700012640964587
0000277543070920130700013287856293
0000277553070920130700013341204546
0000277563070920130700021030657426
0000277573070920130701012380364666
0000277583070920130702012776030543
0000277593070920130702020765659403
0000277603070920130702012754312546
0000277613070920130703013115739582
0000277623070920130704015900373278
0000277633070920130704010117312573
0000277643070920130704012381030443
0000277653070920130704019011902834
0000277663070920130705013104205549
0000277673070920130706012741695565
0000277683070920130707019024197840
0000277693070920130707016271900195
0000277703070920130707012717311604
0000277713070920130707016558907977
0000277723070920130707013112637568
0000277733070920130707012484753057
0000277743070920130708012672055582
0000277753070920130710019006769099
0000277763070920130710012645519581
0000277773070920130712013319746587
0000277783070920130726012875834624
0000277793070920130729012606067608
0000277803070920130729013465354817
0000277813070920130729013161621602
0000277823070920130735020059340368
0000277833070920130737018221431686
0000277843070920130810012334764118
0000277853070920130812019000623483
0000277863070920130813012044908095
0000277873070920131656013064808620
0000277883070920131703012044908095
0000277893070920131846013283694604
0000277903070920131850013261293585
0000277913070920131852012477403208
0000277923070920131853012176362731
0000277933070920131857012525180846
0000277943070920131858013248433565
0000277953070920131858019000623483
0000277963070920131858019000623483
0000277973070920131859013209558565
0000277983070920131901013115739582
0000277993070920131902012606067608
0000278003070920131902015158560637
0000278013070920131904013204773549
0000278023070920131907020412059058
0000278033070920131908011974148372
0000278043070920131935015195158278
0000278053080920130623012478711763
0000278063080920130625012897151562
0000278073080920130633016559837492
0000278083080920130641012093421471
0000278093080920130643013359379607
0000278103080920130644012283239259
0000278113080920130648011696742131
0000278123080920130648012996148543
0000278133080920130651018221431686
0000278143080920130652012555174496
0000278153080920130653012631147547
0000278163080920130653015158560637
0000278173080920130654015195158278
0000278183080920130654012380989410
0000278193080920130655010661988071
0000278203080920130655012623352609
0000278213080920130656012867217581
0000278223080920130659020412059058
0000278233080920130659020412059058
0000278243080920130700012537141441
0000278253080920130700013261293585
0000278263080920130701012851794606
0000278273080920130702012827643563
0000278283080920130703012413664892
0000278293080920130704012687336604
0000278303080920130705020728187471
0000278313080920130705013173312626
0000278323080920130706018111187594
0000278333080920130706012525180846
0000278343080920130706012538029483
0000278353080920130707012090266823
0000278363080920130707012805580623
0000278373080920130707013341204546
0000278383080920130708012978377625
0000278393080920130708020765841783
0000278403080920130709012334764118
0000278413080920130714012477403208
0000278423080920130715013283694604
0000278433080920130718010027963389
0000278443080920130720016426312151
0000278453080920130721012672055582
0000278463080920130721013109375604
0000278473080920130729012550828676
0000278483080920130739012413665465
0000278493080920130753011497117148
0000278503080920130802019011902834
0000278513080920130802019000623483
0000278523080920130804019038066271
0000278533080920130910012938212587
0000278543080920131815012772235582
0000278553080920131837021030657426
0000278563080920131846012478711763
0000278573080920131848012525180846
0000278583080920131855020765659403
0000278593080920131855019000623483
0000278603080920131855012381030443
0000278613080920131859016271900195
0000278623080920131859012413665465
0000278633080920131900012897151562
0000278643080920131903011974148372
0000278653080920131904012538029483
0000278663080920131905012555174496
0000278673080920131906016558907977
0000278683080920131906013465354817
0000278693080920131908019011902834
0000278703080920131909013109375604
0000278713080920131909013109375604
0000278723080920131910016426312151
0000278733080920131912012687336604
0000278743080920131913015158560637
0000278753080920131916012929874564
0000278763080920131956012754312546
0000278773090920130630012176362731
0000278783090920130630013364583624
0000278793090920130631012472079984
0000278803090920130632012447648547
0000278813090920130634020765659403
0000278823090920130637013248433565
0000278833090920130641020766123841
0000278843090920130644012802922116
0000278853090920130644012606067608
0000278863090920130646017045046764
0000278873090920130646013109375604
0000278883090920130647012371540775
0000278893090920130649014368972275
0000278903090920130649013204773549
0000278913090920130649013145826629
0000278923090920130652013115739582
0000278933090920130652012484753057
0000278943090920130654013332112561
0000278953090920130654013399809629
0000278963090920130655013209558565
0000278973090920130655012447754835
0000278983090920130655012772235582
0000278993090920130656013112637568
0000279003090920130657012413664892
0000279013090920130657013327971543
0000279023090920130659019044769777
0000279033090920130700021030657426
0000279043090920130700012283239259
0000279053090920130700012525180846
0000279063090920130700012413665465
0000279073090920130700013359379607
0000279083090920130700012381030443
0000279093090920130701016271900195
0000279103090920130701013341204546
0000279113090920130701012631147547
0000279123090920130702012044908095
0000279133090920130702012754312546
0000279143090920130704016559837492
0000279153090920130707011696742131
0000279163090920130708012929874564
0000279173090920130708012996148543
0000279183090920130710012093421471
0000279193090920130710013389894585
0000279203090920130710012867217581
0000279213090920130712016558907977
0000279223090920130713016992755006
0000279233090920130713012477389655
0000279243090920130714020412059058
0000279253090920130723013401082603
0000279263090920130726019011902834
0000279273090920130726020427186484
0000279283090920130728012380989410
0000279293090920130728012380989410
0000279303090920130738012623352609
0000279313090920130745012357054974
0000279323090920130749013369017600
0000279333090920130758011497117148
0000279343090920130801018221431686
0000279353090920130801012669365606
0000279363090920130815013346415626
0000279373090920130816012537757965
0000279383090920130829013172115541
0000279393090920130901013445927773
0000279403090920130905012951973669
0000279443090920131044020992333886
0000279453090920131716020992333886
0000279463090920131743012537757965
0000279473090920131743013346415626
0000279483090920131743012669365606
0000279493090920131743012669365606
0000279503090920131745013172115541
0000279513090920131751013445927773
0000279523090920131817013401082603
0000279533090920131836012477403208
0000279543090920131836012477403208
0000279553090920131846012640964587
0000279563090920131854013261293585
0000279573090920131857012044908095
0000279583090920131857010661988071
0000279593090920131858013064808620
0000279603090920131858013209558565
0000279613090920131859013216582603
0000279623090920131859012176362731
0000279633090920131900013248433565
0000279643090920131904014270490272
0000279653090920131905013115739582
0000279663090920131906012951973669
0000279673090920131907016034273510
0000279683090920131916019035599597
0000279693090920131916012484753057
0000279703090920131919013340472628
0000279713090920131919020427186484
0000279723090920131920013389894585
0000279733090920131926013369017600
0000279743090920131931013153387302
0000279753090920131943012606067608
0000279763090920131951013399256603
0000279773100920130638012897151562
0000279783100920130642012555174496
0000279793100920130643012835827627
0000279803100920130644012538029483
0000279813100920130647012037738465
0000279823100920130648013346415626
0000279833100920130648012899058624
0000279843100920130651013204773549
0000279853100920130652012743360587
0000279863100920130653012996148543
0000279873100920130654012484753057
0000279883100920130655013221220625
0000279893100920130655013182496548
0000279903100920130655012905230586
0000279913100920130656013161621602
0000279923100920130656015158560637
0000279933100920130659012640964587
0000279943100920130700010661988071
0000279953100920130700013261293585
0000279963100920130701012477389655
0000279973100920130701012687336604
0000279983100920130702012447754835
0000279993100920130702012613488605
0000280003100920130702012613488605
0000280013100920130703013104205549
0000280023100920130704013084967562
0000280033100920130704016034273510
0000280043100920130704013064808620
0000280053100920130705013112637568
0000280063100920130705013283694604
0000280073100920130706012780072581
0000280083100920130707012472079984
0000280093100920130707012478711763
0000280103100920130707013166042589
0000280113100920130707012274771873
0000280123100920130708014270490272
0000280133100920130708012447648547
0000280143100920130710012802922116
0000280153100920130711013717157778
0000280163100920130712017045046764
0000280173100920130712013399809629
0000280183100920130713013145826629
0000280193100920130713020766123841
0000280203100920130714014368972275
0000280213100920130715013328164625
0000280223100920130718013228264547
0000280233100920130718013327971543
0000280243100920130721016992755006
0000280253100920130724016426312151
0000280263100920130726019035599597
0000280273100920130727013364583624
0000280283100920130727012357054974
0000280293100920130729013153387302
0000280303100920130732013332112561
0000280313100920130740012371540775
0000280323100920130801019000623483
0000280333100920130801019000623483
0000280343100920130807020992333886
0000280353100920130811013445927773
0000280363100920130814012669365606
0000280373100920130814012669365606
0000280383100920130818012537757965
0000280393100920130833015853828278
0000280403100920130833012781811078
0000280413100920130840013172115541
0000280423100920130908012951973669
0000280433100920130911013340472628
0000280443100920130943019026460158
0000280453100920131452017015654626
0000280463100920131704012537757965
0000280473100920131717020992333886
0000280483100920131745013346415626
0000280493100920131748012669365606
0000280503100920131749013228264547
0000280513100920131749012827643563
0000280523100920131809013172115541
0000280533100920131827012507549248
0000280543100920131840012525180846
0000280553100920131841013221220625
0000280563100920131841013445927773
0000280573100920131843012538029483
0000280583100920131843019012657825
0000280593100920131844020765659403
0000280603100920131848012478711763
0000280613100920131848016558907977
0000280623100920131851012897151562
0000280633100920131852012754312546
0000280643100920131853015853828278
0000280653100920131853012781811078
0000280663100920131854013204773549
0000280673100920131856012951973669
0000280683100920131858021030657426
0000280693100920131859016271900195
0000280703100920131859012832854623
0000280713100920131901013104205549
0000280723100920131902019026460158
0000280733100920131903015158560637
0000280743100920131905012555174496
0000280753100920131905015158560637
0000280763100920131905012687336604
0000280773100920131907019000623483
0000280783100920131908012959720565
0000280793100920131920016426312151
0000280803100920131937012381030443
0000280813100920132002012867217581
0000280823100920132036013328164625
0000280833100920132114017015654626
0000280843110920130630012176362731
0000280853110920130636012965194608
0000280863110920130636020107848044
0000280873110920130642013125683628
0000280883110920130643013248433565
0000280893110920130643013248433565
0000280903110920130643012787840584
0000280913110920130644010728402499
0000280923110920130644013209558565
0000280933110920130644013204773549
0000280943110920130648012672055582
0000280953110920130650012044908095
0000280963110920130651020765659403
0000280973110920130653015158560637
0000280983110920130653012477246072
0000280993110920130654013341212603
0000281003110920130655019012657825
0000281013110920130656012760305580
0000281023110920130657012660972623
0000281033110920130659012788517620
0000281043110920130700012754312546
0000281053110920130700010800328040
0000281063110920130701012738213628
0000281073110920130701016271900195
0000281083110920130701012905230586
0000281093110920130701012827643563
0000281103110920130701012381030443
0000281113110920130701016558907977
0000281123110920130702013161621602
0000281133110920130702012995385568
0000281143110920130702012835827627
0000281153110920130702012193107221
0000281163110920130703012613488605
0000281173110920130704012525180846
0000281183110920130705012037738465
0000281193110920130706012867217581
0000281203110920130706013182496548
0000281213110920130709013032643561
0000281223110920130709012832854623
0000281233110920130709012899058624
0000281243110920130710012743360587
0000281253110920130711021030657426
0000281263110920130712013302245563
0000281273110920130716012780072581
0000281283110920130719014205344267
0000281293110920130720018221290284
0000281303110920130724012996148543
0000281313110920130729012959720565
0000281323110920130729013166042589
0000281333110920130729012274771873
0000281343110920130733013369017600
0000281353110920130734016208924457
0000281363110920130738012606067608
0000281373110920130748019000623483
0000281383110920130748019000623483
0000281393110920130749012435260174
0000281403110920130751012507549248
0000281413110920130807012951973669
0000281423110920130810013445927773
0000281433110920130810012669365606
0000281443110920130814020992333886
0000281453110920130817012537757965
0000281493110920130934015783929275
0000281503110920131135013089592583
0000281513110920131708020992333886
0000281523110920131715012669365606
0000281533110920131726013172115541
0000281543110920131817012090266823
0000281553110920131817012477246072
0000281563110920131833012640964587
0000281573110920131834013283694604
0000281583110920131850012781811078
0000281593110920131850015853828278
0000281603110920131852012413665465
0000281613110920131852013064808620
0000281623110920131856012477403208
0000281633110920131856016034273510
0000281643110920131856012176362731
0000281653110920131856013209558565
0000281663110920131857012044908095
0000281673110920131857013248433565
0000281683110920131857013089592583
0000281693110920131858012435260174
0000281703110920131901012951973669
0000281713110920131902015158560637
0000281723110920131903015783929275
0000281733110920131904012550828676
0000281743110920131904013032643561
0000281753110920131904013302245563
0000281763110920131905013204773549
0000281773110920131909013261293585
0000281783110920131910019000623483
0000281793110920131913010661988071
0000281803110920131918015900373278
0000281813110920131922013445927773
0000281823110920131937012606067608
0000281833110920132013019027172210
0000281843120920130619016426312151
0000281853120920130624012654819606
0000281863120920130629019024197840
0000281873120920130631010117312573
0000281883120920130639013319746587
0000281893120920130643012787840584
0000281903120920130645019012657825
0000281913120920130645012538029483
0000281923120920130646012478711763
0000281933120920130648012717311604
0000281943120920130649012741695565
0000281953120920130650012477403208
0000281963120920130650012484753057
0000281973120920130651012447754835
0000281983120920130652013053302623
0000281993120920130653012380364666
0000282003120920130654012897151562
0000282013120920130655020107848044
0000282023120920130655012703576562
0000282033120920130655012965194608
0000282043120920130655020762577953
0000282053120920130656012555174496
0000282063120920130657012995385568
0000282073120920130657013049770626
0000282083120920130658012687336604
0000282093120920130658013261293585
0000282103120920130658010806944681
0000282113120920130659012090266823
0000282123120920130659010661988071
0000282133120920130700010728402499
0000282143120920130700016559843816
0000282153120920130701013283694604
0000282163120920130702015900373278
0000282173120920130703010800328040
0000282183120920130703012612285565
0000282193120920130703013125683628
0000282203120920130703012413665465
0000282213120920130703012760305580
0000282223120920130704013104205549
0000282233120920130704012193107221
0000282243120920130704012788517620
0000282253120920130708013203260602
0000282263120920130708019035019531
0000282273120920130709012588967584
0000282283120920130710013341212603
0000282293120920130710012660972623
0000282303120920130710012550828676
0000282313120920130710012672055582
0000282323120920130711012672055582
0000282333120920130712016208924457
0000282343120920130713012738213628
0000282353120920130713013216582603
0000282363120920130715012640964587
0000282373120920130716019011902834
0000282383120920130716016034273510
0000282393120920130720010606179051
0000282403120920130726013369017600
0000282413120920130726019027172210
0000282423120920130733018221290284
0000282433120920130734010606004081
0000282443120920130746013064808620
0000282453120920130809013357909609
0000282463120920130810012537757965
0000282473120920130812020992333886
0000282483120920130836013346415626
0000282493120920130840012669365606
0000282503120920130840013172115541
0000282513120920130915013328164625
0000282523120920131431013445927773
0000282533120920131726012537757965
0000282543120920131736012669365606
0000282553120920131737013346415626
0000282563120920131740020992333886
0000282573120920131759013172115541
0000282583120920131838012525180846
0000282593120920131845013445927773
0000282603120920131846016558907977
0000282613120920131856013399809629
0000282623120920131857012381030443
0000282633120920131900013357909609
0000282643120920131900012484753057
0000282653120920131900013216782602
0000282663120920131901013203260602
0000282673120920131901012687336604
0000282683120920131901012687336604
0000282693120920131903012897151562
0000282703120920131903016271900195
0000282713120920131904019012657825
0000282723120920131908016559843816
0000282733120920131912019035019531
0000282743120920131912013161621602
0000282753120920131913012447754835
0000282763120920131913012645519581
0000282773120920131914010606179051
0000282783120920131915012555174496
0000282793120920131916012555174496
0000282803120920131917013053302623
0000282813120920131918012478711763
0000282823120920131934016426312151
0000282833120920131957019041061420
0000282843120920132001020765659403
0000282853120920132002019012657825
0000282863120920132004017015654626
0000282873120920132018013328164625
0000282883120920132024012654819606
0000282893120920132209019011902834
0000282903130920130631013173312626
0000282913130920130633012176362731
0000282923130920130638013209558565
0000282933130920130643012996148543
0000282943130920130644012550828676
0000282953130920130644013204773549
0000282963130920130645013248433565
0000282973130920130645010606179051
0000282983130920130648012827643563
0000282993130920130649017016186545
0000283003130920130649013115739582
0000283013130920130650012606067608
0000283023130920130650012970305609
0000283033130920130653012044908095
0000283043130920130655013465354817
0000283053130920130655012851794606
0000283063130920130657013287856293
0000283073130920130659012703576562
0000283083130920130700016558907977
0000283093130920130700012380364666
0000283103130920130700018111187594
0000283113130920130700012938212587
0000283123130920130700019012657825
0000283133130920130701012381030443
0000283143130920130701012717311604
0000283153130920130701012413665465
0000283163130920130701019041061420
0000283173130920130702013216582603
0000283183130920130702016271900195
0000283193130920130702012588967584
0000283203130920130702021030657426
0000283213130920130702010806944681
0000283223130920130703013399809629
0000283233130920130703013399809629
0000283243130920130703010117312573
0000283253130920130703019024197840
0000283263130920130704012645519581
0000283273130920130704012090266823
0000283283130920130708012507549248
0000283293130920130709020059340368
0000283303130920130709019006769099
0000283313130920130709010606004081
0000283323130920130710019011902834
0000283333130920130710012875834624
0000283343130920130710013049770626
0000283353130920130712020762577953
0000283363130920130712013104205549
0000283373130920130713012741695565
0000283383130920130714013161621602
0000283393130920130715013319746587
0000283403130920130719012525180846
0000283413130920130721012776030543
0000283423130920130729012612285565
0000283433130920130734012334764118
0000283443130920130816015900373278
0000283453130920130819013445927773
0000283463130920130826013346415626
0000283473130920130827012537757965
0000283483130920130854013172115541
0000283503130920131106020992333886
0000283533130920131108020638222952
0000283553130920131236017015654626
0000283563130920131351012805580623
0000283573130920131405013399809629
0000283583130920131710020992333886
0000283593130920131730013172115541
0000283603130920131756012537757965
0000283613130920131756017015654626
0000283623130920131815013445927773
0000283633130920131815013346415626
0000283643130920131841013261293585
0000283653130920131845012640964587
0000283663130920131851015900373278
0000283673130920131852013115739582
0000283683130920131856013283694604
0000283693130920131856012176362731
0000283703130920131857016034273510
0000283713130920131857012044908095
0000283723130920131901013204773549
0000283733130920131903013248433565
0000283743130920131905013216582603
0000283753130920131906010606179051
0000283763130920131908013209558565
0000283773130920131918012606067608
0000283783130920131922010661988071
0000283793130920131922020765841783
0000283803130920131937012996148543
0000283813130920132132019011902834
0000283823140920130631012093421471
0000283833140920130633012897151562
0000283843140920130637016559837492
0000283853140920130641012538029483
0000283863140920130643010027963389
0000283873140920130644018221431686
0000283883140920130645016558907977
0000283893140920130646012631147547
0000283903140920130647013221220625
0000283913140920130647020728187471
0000283923140920130648012478711763
0000283933140920130650013261293585
0000283943140920130650012867217581
0000283953140920130650012938212587
0000283963140920130651015158560637
0000283973140920130652012672055582
0000283983140920130655012978377625
0000283993140920130655012996148543
0000284003140920130656013287856293
0000284013140920130656012537141441
0000284023140920130700012640964587
0000284033140920130700010661988071
0000284043140920130700012413664892
0000284053140920130701018111187594
0000284063140920130701012555174496
0000284073140920130701013109375604
0000284083140920130702013359379607
0000284093140920130702013173312626
0000284103140920130703011696742131
0000284113140920130703012687336604
0000284123140920130703012970305609
0000284133140920130703020638222952
0000284143140920130703013283694604
0000284153140920130703012090266823
0000284163140920130704012827643563
0000284173140920130704012334764118
0000284183140920130704016034273510
0000284193140920130705017016186545
0000284203140920130705019038066271
0000284213140920130705012477403208
0000284223140920130706012929874564
0000284233140920130707012875834624
0000284243140920130708012851794606
0000284253140920130709012507549248
0000284263140920130714019011902834
0000284273140920130718012550828676
0000284283140920130720012805580623
0000284293140920130720020765841783
0000284303140920130731012413665465
0000284313140920130733019011902834
0000284323140920130735020059340368
0000284333140920130819019000623483
0000284343140920130819019000623483
0000284353140920131411013465354817
0000284363140920131835021030657426
0000284373140920131849019000623483
0000284383140920131853016271900195
0000284393140920131853012478711763
0000284403140920131854012525180846
0000284413140920131858013465354817
0000284423140920131901012897151562
0000284433140920131901012555174496
0000284443140920131901012538029483
0000284453140920131902020765659403
0000284463140920131903016558907977
0000284473140920131903019012657825
0000284483140920131904016558907977
0000284493140920131905012381030443
0000284503140920131906015158560637
0000284513140920131908012687336604
0000284523140920131924012754312546
0000284533140920131949015195158278
0000284543150920130626012472079984
0000284553150920130627013364583624
0000284563150920130627017045046764
0000284573150920130631012176362731
0000284583150920130632012606067608
0000284593150920130640012827643563
0000284603150920130643013209558565
0000284613150920130644013145826629
0000284623150920130646013221220625
0000284633150920130647012550828676
0000284643150920130647012447754835
0000284653150920130648013115739582
0000284663150920130648014368972275
0000284673150920130650012283239259
0000284683150920130650013327971543
0000284693150920130651012380989410
0000284703150920130655019012657825
0000284713150920130657013248433565
0000284723150920130657019035599597
0000284733150920130658016558907977
0000284743150920130659013399809629
0000284753150920130659020728187471
0000284763150920130700012381030443
0000284773150920130700016271900195
0000284783150920130700021030657426
0000284793150920130700012537141441
0000284803150920130701012477389655
0000284813150920130701012996148543
0000284823150920130701013359379607
0000284833150920130702012867217581
0000284843150920130702012447648547
0000284853150920130702012413664892
0000284863150920130702016559837492
0000284873150920130702013465354817
0000284883150920130703012093421471
0000284893150920130703018221431686
0000284903150920130703018221431686
0000284913150920130704013084967562
0000284923150920130704015195158278
0000284933150920130705012093421471
0000284943150920130705013341204546
0000284953150920130706010027963389
0000284963150920130706013109375604
0000284973150920130708011696742131
0000284983150920130708013332112561
0000284993150920130708012788517620
0000285003150920130709019038066271
0000285013150920130711012525180846
0000285023150920130711012631147547
0000285033150920130717012044908095
0000285043150920130722019027172210
0000285053150920130722012754312546
0000285063150920130736011497117148
0000285073150920130754019011902834
0000285083150920130802019000623483
0000285093150920130805011974148372
0000285103150920131831012772235582
0000285113150920131833013283694604
0000285123150920131844012477403208
0000285133150920131845012672055582
0000285143150920131853015158560637
0000285153150920131856012093421471
0000285163150920131856013216582603
0000285173150920131859012996148543
0000285183150920131859012176362731
0000285193150920131900011974148372
0000285203150920131901019000623483
0000285213150920131901013209558565
0000285223150920131901013109375604
0000285233150920131901013115739582
0000285243150920131902013248433565
0000285253150920131902012044908095
0000285263150920131902012606067608
0000285273150920131903010661988071
0000285283150920131909012550828676
0000285293150920131911012938212587
0000285303150920131912019011902834
0000285313150920131923013327971543
0000285323150920131924013332112561
0000285333150920131924016034273510
0000285343150920131924013064808620
0000285353160920130626016426312151
0000285363160920130632012802922116
0000285373160920130632012897151562
0000285383160920130637012037738465
0000285393160920130642012371540775
0000285403160920130649012484753057
0000285413160920130649012555174496
0000285423160920130650012938212587
0000285433160920130652012835827627
0000285443160920130655012905230586
0000285453160920130656012905230586
0000285463160920130657016034273510
0000285473160920130658019027172210
0000285483160920130658010109237835
0000285493160920130658012772235582
0000285503160920130659013161621602
0000285513160920130700012283239259
0000285523160920130700010661988071
0000285533160920130700012413665465
0000285543160920130700013166042589
0000285553160920130700012274771873
0000285563160920130701012477403208
0000285573160920130701015158560637
0000285583160920130701015158560637
0000285593160920130701012447754835
0000285603160920130701012519156092
0000285613160920130702013228264547
0000285623160920130702012477389655
0000285633160920130702012478711763
0000285643160920130702012478711763
0000285653160920130705012538029483
0000285663160920130705012827643563
0000285673160920130705013064808620
0000285683160920130706013084967562
0000285693160920130707012447648547
0000285703160920130710014368972275
0000285713160920130710012472079984
0000285723160920130712012687336604
0000285733160920130712013283694604
0000285743160920130716017045046764
0000285753160920130717012788517620
0000285763160920130717013145826629
0000285773160920130718013109375604
0000285783160920130720016992755006
0000285793160920130720012996148543
0000285803160920130721012380989410
0000285813160920130722013364583624
0000285823160920130722012672055582
0000285833160920130723013717157778
0000285843160920130725013399809629
0000285853160920130725019011902834
0000285863160920130725013341204546
0000285873160920130727019035599597
0000285883160920130730013401082603
0000285893160920130730013221220625
0000285903160920130737013369017600
0000285913160920130745013389894585
0000285923160920130749020427186484
0000285933160920130825012669365606
0000285943160920130826013445927773
0000285953160920130831011497117148
0000285963160920130844012951973669
0000285973160920130849019044769777
0000285983160920131055012537757965
0000285993160920131720012669365606
0000286003160920131744013172115541
0000286013160920131807012537757965
0000286023160920131825021030657426
0000286033160920131834016271900195
0000286043160920131841012478711763
0000286053160920131843012525180846
0000286063160920131845016558907977
0000286073160920131846012538029483
0000286083160920131852012897151562
0000286093160920131853012951973669
0000286103160920131855012987837625
0000286113160920131856012381030443
0000286123160920131857012447754835
0000286133160920131858020765659403
0000286143160920131859013389894585
0000286153160920131900015158560637
0000286163160920131900013369017600
0000286173160920131900012555174496
0000286183160920131900020427186484
0000286193160920131903014270490272
0000286203160920131909012484753057
0000286213160920131909016426312151
0000286223160920131911013109375604
0000286233160920131916013153387302
0000286243160920131919012413665465
0000286253160920131919012687336604
0000286263160920131920012959720565
0000286273160920131950013401082603
0000286283160920131950013340472628
0000286293160920131954013445927773
0000286303160920132221019012657825
0000286313170920130623012477246072
0000286323170920130633010728402499
0000286333170920130634012176362731
0000286343170920130636013204773549
0000286353170920130638013248433565
0000286363170920130641012787840584
0000286373170920130642013209558565
0000286383170920130648012623352609
0000286393170920130650012780072581
0000286403170920130650020107848044
0000286413170920130651012965194608
0000286423170920130651012899058624
0000286433170920130654012550828676
0000286443170920130654013228264547
0000286453170920130654012672055582
0000286463170920130657013115739582
0000286473170920130658013125683628
0000286483170920130658012044908095
0000286493170920130659012606067608
0000286503170920130659013089592583
0000286513170920130700012738213628
0000286523170920130700012660972623
0000286533170920130700012959720565
0000286543170920130700012525180846
0000286553170920130700012037738465
0000286563170920130700012381030443
0000286573170920130701012760305580
0000286583170920130702012435260174
0000286593170920130703012193107221
0000286603170920130703013161621602
0000286613170920130703012905230586
0000286623170920130703012447754835
0000286633170920130704019012657825
0000286643170920130705012802922116
0000286653170920130706016558907977
0000286663170920130706016271900195
0000286673170920130710013717157778
0000286683170920130712013221220625
0000286693170920130712012995385568
0000286703170920130714013216582603
0000286713170920130721016992755006
0000286723170920130724013328164625
0000286733170920130725012371540775
0000286743170920130727018221290284
0000286753170920130727012835827627
0000286763170920130735013153387302
0000286773170920130740014270490272
0000286783170920130806015853828278
0000286793170920130807012781811078
0000286803170920130810019000623483
0000286813170920130816013346415626
0000286823170920130816012537757965
0000286833170920130817019019769807
0000286843170920130819013172115541
0000286853170920130833012669365606
0000286863170920130840013340472628
0000286873170920130841012951973669
0000286883170920131138017015654626
0000286893170920131320013445927773
0000286933170920131459012334465153
0000286943170920131740017015654626
0000286953170920131743013172115541
0000286973170920131748012669365606
0000286983170920131748012669365606
0000286993170920131751013445927773
0000287003170920131800013346415626
0000287013170920131808012537757965
0000287023170920131828012090266823
0000287033170920131828012477246072
0000287043170920131832012640964587
0000287053170920131843013283694604
0000287063170920131850012477403208
0000287073170920131851010661988071
0000287083170920131851013261293585
0000287093170920131855016208924457
0000287103170920131857013115739582
0000287113170920131858019019769807
0000287123170920131858012176362731
0000287133170920131859012044908095
0000287143170920131859013209558565
0000287153170920131900013204773549
0000287163170920131900013248433565
0000287173170920131901015853828278
0000287183170920131901012951973669
0000287193170920131901012781811078
0000287203170920131902012550828676
0000287213170920131903019000623483
0000287223170920131904013064808620
0000287233170920131906012832854623
0000287243170920131907013216582603
0000287253170920131916018054342492
0000287263170920131916018054342492
0000287273170920131928012606067608
0000287283170920131934013328164625
0000287293170920132000019041061420
0000287303180920130627012897151562
0000287313180920130628019024197840
0000287323180920130640012435260174
0000287333180920130647012965194608
0000287343180920130647012995385568
0000287353180920130652013399809629
0000287363180920130652012334465153
0000287373180920130653013341212603
0000287383180920130654012741695565
0000287393180920130655012687336604
0000287403180920130655016559843816
0000287413180920130655012996148543
0000287423180920130656013283694604
0000287433180920130656012484753057
0000287443180920130656012717311604
0000287453180920130656013084967562
0000287463180920130657015158560637
0000287473180920130657013112637568
0000287483180920130657012555174496
0000287493180920130658012477403208
0000287503180920130659012654819606
0000287513180920130700013261293585
0000287523180920130700010661988071
0000287533180920130700012193107221
0000287543180920130701019035599597
0000287553180920130701013104205549
0000287563180920130701013125683628
0000287573180920130702013089592583
0000287583180920130702012640964587
0000287593180920130702012787840584
0000287603180920130703010800328040
0000287613180920130704012538029483
0000287623180920130704010728402499
0000287633180920130705019035019531
0000287643180920130706012738213628
0000287653180920130707012672055582
0000287663180920130707012090266823
0000287673180920130708012660972623
0000287683180920130710012760305580
0000287693180920130713012478711763
0000287703180920130714012899058624
0000287713180920130715016426312151
0000287723180920130720020107848044
0000287733180920130720013064808620
0000287743180920130725012780072581
0000287753180920130725018054342492
0000287763180920130725013369017600
0000287773180920130734013109375604
0000287783180920130735016208924457
0000287793180920130735012951973669
0000287803180920130739015783929275
0000287813180920130748018221290284
0000287823180920130749019000623483
0000287833180920130759012832854623
0000287843180920130802013445927773
0000287853180920130814012537757965
0000287863180920130827013172115541
0000287873180920130844013346415626
0000287883180920130902013032643561
0000287893180920130902013302245563
0000287903180920130913012623352609
0000287923180920131717013346415626
0000287933180920131724013445927773
0000287943180920131728012537757965
0000287953180920131729013172115541
0000287963180920131819013319746587
0000287973180920131834012525180846
0000287983180920131843016271900195
0000287993180920131843020765659403
0000288003180920131846020762577953
0000288013180920131846013112637568
0000288023180920131847015900373278
0000288033180920131851013109375604
0000288043180920131855012754312546
0000288053180920131855021030657426
0000288063180920131857012478711763
0000288073180920131859019012657825
0000288083180920131859019000623483
0000288093180920131859019000623483
0000288103180920131859013302245563
0000288113180920131900013032643561
0000288123180920131900012538029483
0000288133180920131900012687336604
0000288143180920131900012897151562
0000288153180920131901015158560637
0000288163180920131902012380364666
0000288173180920131902013084967562
0000288183180920131903015783929275
0000288193180920131903019027172210
0000288203180920131905012381030443
0000288213180920131906013399809629
0000288223180920131908016426312151
0000288233180920131908016426312151
0000288243180920131910012555174496
0000288253180920131912012951973669
0000288263180920131914019035599597
0000288273180920131922012645519581
0000288283180920132114015853828278
0000288293180920132114012781811078
0000288303190920130626012176362731
0000288313190920130628012970305609
0000288323190920130633020765659403
0000288333190920130639013204773549
0000288343190920130641013209558565
0000288353190920130642019012657825
0000288363190920130644013248433565
0000288373190920130646012851794606
0000288383190920130648013115739582
0000288393190920130648012827643563
0000288403190920130651012413665465
0000288413190920130652019011902834
0000288423190920130653010806944681
0000288433190920130653013465354817
0000288443190920130653012477246072
0000288453190920130653012672055582
0000288463190920130653021030657426
0000288473190920130653012550828676
0000288483190920130654012334764118
0000288493190920130655013053302623
0000288503190920130655012044908095
0000288513190920130655012703576562
0000288523190920130656012805580623
0000288533190920130656012588967584
0000288543190920130657010800328040
0000288553190920130657010606179051
0000288563190920130657012875834624
0000288573190920130658012380364666
0000288583190920130659012381030443
0000288593190920130700013104205549
0000288603190920130700019024197840
0000288613190920130700012654819606
0000288623190920130700012525180846
0000288633190920130700019035019531
0000288643190920130700016271900195
0000288653190920130701012717311604
0000288663190920130701013341212603
0000288673190920130701013216582603
0000288683190920130702012334465153
0000288693190920130702012754312546
0000288703190920130704012484753057
0000288713190920130705012938212587
0000288723190920130705019006769099
0000288733190920130707018111187594
0000288743190920130707012645519581
0000288753190920130708012606067608
0000288763190920130709012996148543
0000288773190920130709019027172210
0000288783190920130710020762577953
0000288793190920130711013319746587
0000288803190920130711013203260602
0000288813190920130712012507549248
0000288823190920130715015900373278
0000288833190920130721013369017600
0000288843190920130725016426312151
0000288853190920130734010606004081
0000288863190920130734020765841783
0000288873190920130807013445927773
0000288883190920130816012537757965
0000288893190920130818013172115541
0000288903190920130829012669365606
0000288913190920130840013357909609
0000288943190920130852013328164625
0000288953190920131036017015654626
0000288963190920131401013203260602
0000288973190920131700012537757965
0000288983190920131700012537757965
0000288993190920131706013172115541
0000289003190920131712012669365606
0000289013190920131741013445927773
0000289023190920131829012640964587
0000289033190920131841013283694604
0000289043190920131847013357909609
0000289053190920131852013261293585
0000289063190920131853013216582603
0000289073190920131854010661988071
0000289083190920131856016034273510
0000289093190920131858013115739582
0000289103190920131859013248433565
0000289113190920131859013209558565
0000289123190920131901012044908095
0000289133190920131903013328164625
0000289143190920131903010606179051
0000289153190920131904013204773549
0000289163190920131905012176362731
0000289173190920131906013053302623
0000289183190920131912013064808620
0000289193190920131930012606067608
0000289203190920131936018054342492
0000289213190920131941019011902834
0000289223190920132008019041061420
0000289233190920132219012477403208
0000289243190920132307019011902834
0000289253200920130023017015654626
0000289263200920130023017015654626
0000289273200920130623012754312546
0000289283200920130632020412059058
0000289293200920130639012631147547
0000289303200920130640017016186545
0000289313200920130643013359379607
0000289323200920130645016559837492
0000289333200920130646012897151562
0000289343200920130646012996148543
0000289353200920130650018221431686
0000289363200920130651013287856293
0000289373200920130652012555174496
0000289383200920130652015158560637
0000289393200920130654013283694604
0000289403200920130654012093421471
0000289413200920130655018111187594
0000289423200920130657016034273510
0000289433200920130657012938212587
0000289443200920130657013261293585
0000289453200920130700012970305609
0000289463200920130700010661988071
0000289473200920130701013064808620
0000289483200920130702012703576562
0000289493200920130702012550828676
0000289503200920130702012672055582
0000289513200920130703012805580623
0000289523200920130703010806944681
0000289533200920130703020765841783
0000289543200920130703019041061420
0000289553200920130704010606179051
0000289563200920130704012477403208
0000289573200920130704012334764118
0000289583200920130704012851794606
0000289593200920130704012776030543
0000289603200920130705012827643563
0000289613200920130705012875834624
0000289623200920130706012978377625
0000289633200920130706012507549248
0000289643200920130707012867217581
0000289653200920130708017015654626
0000289663200920130708017015654626
0000289673200920130708012538029483
0000289683200920130709012588967584
0000289693200920130711012640964587
0000289703200920130713011696742131
0000289713200920130716012413664892
0000289723200920130720012413665465
0000289733200920130725019011902834
0000289743200920130726010606004081
0000289753200920130726016426312151
0000289763200920130727013109375604
0000289773200920130730012929874564
0000289783200920130744013341204546
0000289793200920130748020638222952
0000289803200920130812012537757965
0000289813200920130824013172115541
0000289823200920130829012669365606
0000289833200920130829012669365606
0000289843200920130836012477246072
0000289853200920130843013445927773
0000289863200920130843013346415626
0000289873200920130924013328164625
0000289883200920131034017015654626
0000292153200920131128012184372198
0000292173200920131232013172115541
0000292183200920131236013445927773
0000292193200920131738013346415626
0000292203200920131748017015654626
0000292213200920131827012669365606
0000292223200920131829012672055582
0000292233200920131832013465354817
0000292243200920131838019012657825
0000292253200920131847012525180846
0000292263200920131848016271900195
0000292273200920131849010606179051
0000292283200920131900016558907977
0000292293200920131900013328164625
0000292303200920131901021030657426
0000292313200920131901015158560637
0000292323200920131902012538029483
0000292333200920131902012555174496
0000292343200920131903012897151562
0000292353200920131908012381030443
0000292363200920131926013109375604
0000292373200920131928016426312151
0000292383200920131958020765659403
0000292393200920132127019011902834
0000292403210920130634012176362731
0000292413210920130634012472079984
0000292423210920130634013364583624
0000292433210920130642013248433565
0000292443210920130643020059340368
0000292453210920130644010027963389
0000292463210920130646012606067608
0000292473210920130646013145826629
0000292483210920130649012827643563
0000292493210920130650013209558565
0000292503210920130653012537141441
0000292513210920130654013287856293
0000292523210920130656020765659403
0000292533210920130657013327971543
0000292543210920130657013115739582
0000292553210920130657014368972275
0000292563210920130658019012657825
0000292573210920130659013399809629
0000292583210920130700012996148543
0000292593210920130700012978377625
0000292603210920130700012631147547
0000292613210920130700017016186545
0000292623210920130701021030657426
0000292633210920130701020638222952
0000292643210920130701016558907977
0000292653210920130701016271900195
0000292663210920130701012447648547
0000292673210920130702012929874564
0000292683210920130703012413664892
0000292693210920130703013216582603
0000292703210920130704012867217581
0000292713210920130704012184372198
0000292723210920130705012381030443
0000292733210920130705018221431686
0000292743210920130706010800328040
0000292753210920130706012754312546
0000292763210920130707011696742131
0000292773210920130708013332112561
0000292783210920130709013359379607
0000292793210920130710017045046764
0000292803210920130711013204773549
0000292813210920130711012093421471
0000292823210920130711012477389655
0000292833210920130714012525180846
0000292843210920130714020412059058
0000292853210920130716012044908095
0000292863210920130722015900373278
0000292873210920130722013112637568
0000292883210920130722013084967562
0000292893210920130724019011902834
0000292903210920130742013341204546
0000292913210920130747019000623483
0000292923210920130901012357054974
0000292933210920130914012447754835
0000292943210920130918019038066271
0000292953210920131837010661988071
0000292963210920131842019035599597
0000292973210920131846012672055582
0000292983210920131850013248433565
0000292993210920131850013115739582
0000293003210920131851013064808620
0000293013210920131851013209558565
0000293023210920131851013283694604
0000293033210920131852012477403208
0000293043210920131852019000623483
0000293053210920131856012640964587
0000293063210920131857012044908095
0000293073210920131858012176362731
0000293083210920131859013216582603
0000293093210920131900013161621602
0000293103210920131901012447754835
0000293113210920131902012827643563
0000293123210920131903012827643563
0000293133210920131903013399809629
0000293143210920131903012938212587
0000293153210920131904013327971543
0000293163210920131904013261293585
0000293173210920131905013204773549
0000293183210920131905015900373278
0000293193210920131927020766123841
0000293203210920131930016034273510
0000293213210920131932015195158278
0000293223210920131934012606067608
0000293233220920130641012478711763
0000293243220920130647012772235582
0000293253220920130647016426312151
0000293263220920130647020412059058
0000293273220920130650012380989410
0000293283220920130650012538029483
0000293293220920130650013166042589
0000293303220920130650012938212587
0000293313220920130651012283239259
0000293323220920130651012835827627
0000293333220920130651012274771873
0000293343220920130652012905230586
0000293353220920130655013283694604
0000293363220920130655013283694604
0000293373220920130657012623352609
0000293383220920130658012413665465
0000293393220920130658013204773549
0000293403220920130659013261293585
0000293413220920130659012640964587
0000293423220920130659012640964587
0000293433220920130659010109237835
0000293443220920130700010661988071
0000293453220920130700012897151562
0000293463220920130700012555174496
0000293473220920130700012987837625
0000293483220920130700012613488605
0000293493220920130701012827643563
0000293503220920130701012477389655
0000293513220920130702013341204546
0000293523220920130704010800328040
0000293533220920130706010027963389
0000293543220920130706012537141441
0000293553220920130707012477403208
0000293563220920130709020766123841
0000293573220920130709013145826629
0000293583220920130712012978377625
0000293593220920130712013161621602
0000293603220920130714013064808620
0000293613220920130714017045046764
0000293623220920130716013084967562
0000293633220920130716013182496548
0000293643220920130717015195158278
0000293653220920130717012472079984
0000293663220920130717019035599597
0000293673220920130718012357054974
0000293683220920130718012447648547
0000293693220920130718019027172210
0000293703220920130720013364583624
0000293713220920130723014368972275
0000293723220920130723013221220625
0000293733220920130723020059340368
0000293743220920130748019038066271
0000293753220920130750019011902834
0000293763220920130804019000623483
0000293773220920131837021030657426
0000293783220920131844019012657825
0000293793220920131844012184372198
0000293803220920131848013204773549
0000293813220920131849012525180846
0000293823220920131851016558907977
0000293833220920131852019027172210
0000293843220920131855016271900195
0000293853220920131857013161621602
0000293863220920131858012754312546
0000293873220920131858013112637568
0000293883220920131858012613488605
0000293893220920131858012381030443
0000293903220920131859012978377625
0000293913220920131859012897151562
0000293923220920131859012538029483
0000293933220920131902013283694604
0000293943220920131902012772235582
0000293953220920131904012413665465
0000293963220920131907012555174496
0000293973220920131911012447754835
0000293983220920131914019000623483
0000293993220920131918011974148372
0000294003220920131922020765659403
0000294013220920131929016426312151
0000294023220920131932019011902834
0000294033220920132037012959720565
0000294043230920130627012176362731
0000294053230920130631012371540775
0000294063230920130632020107848044
0000294073230920130634013248433565
0000294083230920130635010728402499
0000294093230920130646013125683628
0000294103230920130646013209558565
0000294113230920130648012787840584
0000294123230920130649012672055582
0000294133230920130651012965194608
0000294143230920130654012044908095
0000294153230920130655012738213628
0000294163230920130656012987837625
0000294173230920130656012435260174
0000294183230920130657012802922116
0000294193230920130657012193107221
0000294203230920130700012283239259
0000294213230920130700012381030443
0000294223230920130700012660972623
0000294233230920130702013221220625
0000294243230920130704013089592583
0000294253230920130704012754312546
0000294263230920130705021030657426
0000294273230920130706013182496548
0000294283230920130706013084967562
0000294293230920130706012905230586
0000294303230920130707012995385568
0000294313230920130707020765659403
0000294323230920130707012959720565
0000294333230920130708016558907977
0000294343230920130708011974148372
0000294353230920130708011974148372
0000294363230920130708016992755006
0000294373230920130709012037738465
0000294383230920130709016271900195
0000294393230920130712013161621602
0000294403230920130712012447754835
0000294413230920130713012447754835
0000294423230920130713020412059058
0000294433230920130713020412059058
0000294443230920130713010109237835
0000294453230920130713010109237835
0000294463230920130713013166042589
0000294473230920130714012606067608
0000294483230920130715012525180846
0000294493230920130716012184372198
0000294503230920130716012184372198
0000294513230920130716012184372198
0000294523230920130716012274771873
0000294533230920130717018221290284
0000294543230920130718012760305580
0000294553230920130718012623352609
0000294563230920130719013115739582
0000294573230920130722013341204546
0000294583230920130723012380989410
0000294593230920130728019011902834
0000294603230920130730013369017600
0000294613230920130734013389894585
0000294623230920130734013389894585
0000294633230920130734013389894585
0000294643230920130739012477246072
0000294653230920130740012835827627
0000294663230920130805011497117148
0000294673230920130810013445927773
0000294683230920130810012537757965
0000294693230920130811013346415626
0000294703230920130812012951973669
0000294713230920130812020427186484
0000294723230920130825013172115541
0000294733230920130855019044769777
0000294743230920131724013172115541
0000294753230920131726013346415626
0000294763230920131753012537757965
0000294773230920131803013445927773
0000294783230920131827010661988071
0000294793230920131830013283694604
0000294803230920131835012640964587
0000294813230920131838013064808620
0000294823230920131843012550828676
0000294833230920131844012827643563
0000294843230920131853012447648547
0000294853230920131853016208924457
0000294863230920131855013209558565
0000294873230920131856013261293585
0000294883230920131858012995385568
0000294893230920131858013115739582
0000294903230920131859012176362731
0000294913230920131901012044908095
0000294923230920131902012435260174
0000294933230920131903013216582603
0000294943230920131903013109375604
0000294953230920131903013109375604
0000294963230920131903013084967562
0000294973230920131904012951973669
0000294983230920131904011497117148
0000294993230920131911020427186484
0000295003230920131916013153387302
0000295013230920131917013389894585
0000295023230920131919012606067608
0000295033230920131923012477246072
0000295043230920131924013340472628
0000295053230920131925014270490272
0000295063230920131937013399256603
0000295073240920130618012538029483
0000295083240920130630019024197840
0000295093240920130637013248433565
0000295103240920130644012897151562
0000295113240920130648012717311604
0000295123240920130651014270490272
0000295133240920130653013261293585
0000295143240920130654015158560637
0000295153240920130655012780072581
0000295163240920130656012334465153
0000295173240920130656012555174496
0000295183240920130657012555174496
0000295193240920130657012687336604
0000295203240920130657010661988071
0000295213240920130658013089592583
0000295223240920130658012555174496
0000295233240920130658020107848044
0000295243240920130659012380364666
0000295253240920130659012640964587
0000295263240920130659016559843816
0000295273240920130659010117312573
0000295283240920130659012787840584
0000295293240920130659012760305580
0000295303240920130700016208924457
0000295313240920130700012788517620
0000295323240920130700012654819606
0000295333240920130701013112637568
0000295343240920130701013283694604
0000295353240920130703019035019531
0000295363240920130704013104205549
0000295373240920130704012827643563
0000295383240920130705016426312151
0000295393240920130705012447754835
0000295403240920130706012612285565
0000295413240920130706012660972623
0000295423240920130706010728402499
0000295433240920130706012965194608
0000295443240920130706013125683628
0000295453240920130707012193107221
0000295463240920130707012899058624
0000295473240920130708012672055582
0000295483240920130710012996148543
0000295493240920130710012371540775
0000295503240920130713013161621602
0000295513240920130713012741695565
0000295523240920130715012550828676
0000295533240920130715012802922116
0000295543240920130717012447648547
0000295553240920130718018221290284
0000295563240920130722012738213628
0000295573240920130729013328164625
0000295583240920130730013369017600
0000295593240920130738016992755006
0000295603240920130739019000623483
0000295613240920130744012781811078
0000295623240920130748015853828278
0000295633240920130800013340472628
0000295643240920130804013109375604
0000295653240920130809013445927773
0000295663240920130817012537757965
0000295673240920130817013346415626
0000295683240920130824012669365606
0000295693240920130843019019769807
0000295703240920130856012951973669
0000295713240920131345013172115541
0000295723240920131718012669365606
0000295733240920131718012669365606
0000295743240920131756012537757965
0000295753240920131800013346415626
0000295743240920131756012537757965
0000295753240920131800013346415626
0000295763240920131805013445927773
0000295773240920131806013172115541
0000295783240920131821013319746587
0000295793240920131825019012657825
0000295803240920131827012996148543
0000295813240920131827012996148543
0000295823240920131827016559843816
0000295833240920131840021030657426
0000295843240920131848012525180846
0000295853240920131849016271900195
0000295863240920131850012754312546
0000295873240920131853020762577953
0000295883240920131856019035599597
0000295893240920131856012832854623
0000295903240920131858013248433565
0000295913240920131858016558907977
0000295923240920131859012538029483
0000295933240920131900012897151562
0000295943240920131900012687336604
0000295953240920131900013112637568
0000295963240920131901012555174496
0000295973240920131903019000623483
0000295983240920131904019035019531
0000295993240920131906012381030443
0000296003240920131908015158560637
0000296013240920131914012645519581
0000296023240920131917012447754835
0000296033240920131927019019769807
0000296043240920131941012781811078
0000296053240920131943015853828278
0000296063240920131944016426312151
0000296073240920131951013328164625
0000296083240920132005019041061420
0000296093240920132010018054342492
0000296103250920130629013173312626
0000296113250920130633012176362731
0000296123250920130634012970305609
0000296133250920130637013204773549
0000296143250920130642012851794606
0000296153250920130643020412059058
0000296163250920130645013209558565
0000296173250920130648013216582603
0000296183250920130648012827643563
0000296193250920130650012606067608
0000296203250920130650013115739582
0000296213250920130651014205344267
0000296223250920130652012938212587
0000296233250920130652013399809629
0000296243250920130653012044908095
0000296253250920130655010800328040
0000296263250920130655012184372198
0000296273250920130656013341212603
0000296283250920130657012334764118
0000296293250920130700012754312546
0000296303250920130700018111187594
0000296313250920130700012550828676
0000296323250920130701013465354817
0000296333250920130701021030657426
0000296343250920130701016558907977
0000296353250920130703016271900195
0000296363250920130703012334465153
0000296373250920130705012899058624
0000296383250920130705012788517620
0000296393250920130706012413665465
0000296403250920130706012654819606
0000296413250920130707013302245563
0000296423250920130707012717311604
0000296433250920130708019024197840
0000296443250920130708019006769099
0000296453250920130710013182496548
0000296463250920130710019012657825
0000296473250920130712012996148543
0000296483250920130713010117312573
0000296493250920130713020762577953
0000296503250920130716013319746587
0000296513250920130716012380364666
0000296523250920130716013032643561
0000296533250920130717019041061420
0000296543250920130717012381030443
0000296553250920130719012645519581
0000296563250920130720012875834624
0000296573250920130725013104205549
0000296583250920130730012780072581
0000296593250920130733013369017600
0000296603250920130737019000623483
0000296613250920130743012832854623
0000296623250920130750015783929275
0000296633250920130751019035599597
0000296643250920130805013445927773
0000296653250920130806012951973669
0000296663250920130807019001662830
0000296673250920130813012537757965
0000296683250920130816013346415626
0000296693250920130817012669365606
0000296703250920130817012669365606
0000296733250920130856012115330732
0000296743250920130856013172115541
0000296783250920130930012205303491
0000296823250920130936020023934683
0000296833250920131734012537757965
0000296843250920131737013346415626
0000296853250920131737013445927773
0000296863250920131742013172115541
0000296873250920131744012669365606
0000296883250920131744012669365606
0000296893250920131745012669365606
0000296903250920131828010661988071
0000296913250920131840015900373278
0000296923250920131842012640964587
0000296933250920131844013084967562
0000296943250920131846012717311604
0000296953250920131847012938212587
0000296963250920131849013182496548
0000296973250920131849013261293585
0000296983250920131852012176362731
0000296993250920131852013216582603
0000297003250920131852013209558565
0000297013250920131853013283694604
0000297023250920131854020412059058
0000297033250920131857013115739582
0000297043250920131858012044908095
0000297053250920131858020765841783
0000297063250920131900013032643561
0000297073250920131900013204773549
0000297083250920131901012805580623
0000297093250920131902012951973669
0000297103250920131903013399809629
0000297113250920131904015783929275
0000297123250920131909019000623483
0000297133250920131909019027172210
0000297143250920131921012781811078
0000297153250920131921015853828278
0000297163250920131923013064808620
0000297173250920131924012606067608
0000297183250920131931013302245563
0000297193260920130058013109375604
0000297203260920130621012897151562
0000297213260920130627012631147547
0000297223260920130637012538029483
0000297233260920130643013248433565
0000297243260920130646013465354817
0000297253260920130648013359379607
0000297263260920130650012555174496
0000297273260920130652012687336604
0000297283260920130653010661988071
0000297293260920130653013053302623
0000297303260920130654012703576562
0000297313260920130656015158560637
0000297323260920130657012588967584
0000297333260920130657013261293585
0000297343260920130657013283694604
0000297353260920130657012093421471
0000297363260920130657018221431686
0000297373260920130658020412059058
0000297383260920130658012413664892
0000297393260920130658013173312626
0000297403260920130659012640964587
0000297413260920130700019011902834
0000297423260920130701012996148543
0000297433260920130701012867217581
0000297443260920130702012827643563
0000297453260920130702012970305609
0000297463260920130702013109375604
0000297473260920130703013341212603
0000297483260920130705012507549248
0000297493260920130706012413665465
0000297503260920130707015900373278
0000297513260920130707010606179051
0000297523260920130707013717157778
0000297533260920130709012550828676
0000297543260920130709012717311604
0000297553260920130709013203260602
0000297563260920130709012875834624
0000297573260920130710012851794606
0000297583260920130710018111187594
0000297593260920130710012851794606
0000297603260920130711013084967562
0000297613260920130711012334764118
0000297623260920130714010800328040
0000297633260920130717013216782602
0000297643260920130717012978377625
0000297653260920130718012929874564
0000297663260920130720019027172210
0000297673260920130724016426312151
0000297683260920130726019006769099
0000297693260920130728012184372198
0000297703260920130731013369017600
0000297713260920130735012115330732
0000297723260920130740010800328040
0000297733260920130754012205303491
0000297743260920130817012537757965
0000297753260920130821013357909609
0000297763260920130828013346415626
0000297773260920130834012669365606
0000297783260920130834012669365606
0000297793260920130902013328164625
0000297803260920131027016559837492
0000297813260920131046012851794606
0000297823260920131331013445927773
