0000242053300820131716012669365606
0000242063300820131734018054856240
0000242073300820131800013445927773
0000242083300820131834012537757965
0000242093300820131834012477246072
0000242103300820131835013221220625
0000242113300820131846013261293585
0000242123300820131853012640964587
0000242133300820131855013115739582
0000242143300820131855012044908095
0000242153300820131858013216582603
0000242163300820131900013283694604
0000242173300820131902012176362731
0000242183300820131903010606179051
0000242193300820131909010661988071
0000242203300820131909013248433565
0000242213300820131915012538029483
0000242223300820131916019011902834
0000242233300820131919012477403208
0000242243300820131921013204773549
0000242253300820131922013064808620
0000242263300820131928015900373278
0000242273300820131932012606067608
0000242283300820132013013328164625
0000242293310820130619012478711763
0000242303310820130628012919610602
0000242313310820130634019024197840
0000242323310820130644012555174496
0000242333310820130646010027963389
0000242343310820130648013221220625
0000242353310820130648013319746587
0000242363310820130648013125683628
0000242373310820130648012965194608
0000242383310820130648020728187471
0000242393310820130649012717311604
0000242403310820130650013287856293
0000242413310820130650012537141441
0000242423310820130651016208924457
0000242433310820130652010117312573
0000242443310820130652012380364666
0000242453310820130653013049770626
0000242463310820130656012995385568
0000242473310820130656012413665465
0000242483310820130658010661988071
0000242493310820130658012645519581
0000242503310820130659019011902834
0000242513310820130659012687336604
0000242523310820130659016559843816
0000242533310820130659010728402499
0000242543310820130700012193107221
0000242553310820130700012435260174
0000242563310820130700013283694604
0000242573310820130701013261293585
0000242583310820130701016034273510
0000242593310820130701013089592583
0000242603310820130703020762577953
0000242613310820130703012477403208
0000242623310820130703012612285565
0000242633310820130705012660972623
0000242643310820130705012787840584
0000242653310820130707012044908095
0000242663310820130708012741695565
0000242673310820130708013104205549
0000242683310820130709015900373278
0000242693310820130710019035019531
0000242703310820130711018221290284
0000242713310820130712013161621602
0000242723310820130714019038066271
0000242733310820130715013216582603
0000242743310820130717012738213628
0000242753310820130718012640964587
0000242763310820130719012672055582
0000242773310820130722020107848044
0000242783310820130722013341204546
0000242793310820130728017016186545
0000242803310820130741012654819606
0000242813310820130744013109375604
0000242823310820130754019000623483
0000242833310820130759020059340368
0000242843310820131838021030657426
0000242853310820131842012525180846
0000242863310820131843013216582603
0000242873310820131845012742113608
0000242883310820131850016558907977
0000242893310820131856012381030443
0000242903310820131857016271900195
0000242913310820131901012687336604
0000242923310820131901019000623483
0000242933310820131904013049770626
0000242943310820131904012672055582
0000242953310820131904012044908095
0000242963310820131906019035019531
0000242973310820131909020765659403
0000242983310820131911012477389655
0000242993310820131916012555174496
0000243003310820131917013109375604
0000243013310820131931011974148372
0000243023310820131952015195158278
0000243033010920130625012176362731
0000243043010920130644012380989410
0000243053010920130644012380989410
0000243063010920130646012760305580
0000243073010920130646012827643563
0000243083010920130647012851794606
0000243093010920130649013248433565
0000243103010920130649012938212587
0000243113010920130650013204773549
0000243123010920130652013115739582
0000243133010920130653012550828676
0000243143010920130654012044908095
0000243153010920130654020765659403
0000243163010920130655013112637568
0000243173010920130655012283239259
0000243183010920130655012623352609
0000243193010920130656012478711763
0000243203010920130657012612285565
0000243213010920130657012875834624
0000243223010920130658012970305609
0000243233010920130658012090266823
0000243243010920130659021030657426
0000243253010920130700012919610602
0000243263010920130700012606067608
0000243273010920130701015195158278
0000243283010920130702013341204546
0000243293010920130702016558907977
0000243303010920130702012742113608
0000243313010920130702012537141441
0000243323010920130703012381030443
0000243333010920130703012654819606
0000243343010920130703020762577953
0000243353010920130703016271900195
0000243363010920130704012645519581
0000243373010920130705012741695565
0000243383010920130705012538029483
0000243393010920130705019006769099
0000243403010920130705012380364666
0000243413010920130706013319746587
0000243423010920130706020728187471
0000243433010920130706013465354817
0000243443010920130710012717311604
0000243453010920130710012477389655
0000243463010920130711012507549248
0000243473010920130713013216582603
0000243483010920130714012525180846
0000243493010920130714010117312573
0000243503010920130716015774279271
0000243513010920130716012976884589
0000243523010920130721010027963389
0000243533010920130722012805580623
0000243543010920130722012334764118
0000243553010920130723019024197840
0000243563010920130724013161621602
0000243573010920130727020765841783
0000243583010920130737011497117148
0000243593010920130810019011902834
0000243603010920130813019038066271
0000243613010920130909012672055582
0000243623010920130909012672055582
0000243633010920131831012640964587
0000243643010920131840013064808620
0000243653010920131847013283694604
0000243663010920131848013173312626
0000243673010920131852010661988071
0000243683010920131853012477403208
0000243693010920131855012176362731
0000243703010920131855018111187594
0000243713010920131856013216582603
0000243723010920131856013248433565
0000243733010920131857013112637568
0000243743010920131857012672055582
0000243753010920131858013115739582
0000243763010920131903014205344267
0000243773010920131904013204773549
0000243783010920131905012044908095
0000243793010920131913012606067608
0000243803010920131922016271900195
0000243813020920130627012478711763
0000243823020920130637012371540775
0000243833020920130641012631147547
0000243843020920130645012687336604
0000243853020920130645012519156092
0000243863020920130646012938212587
0000243873020920130648012672055582
0000243883020920130650012447648547
0000243893020920130651012802922116
0000243903020920130651018221431686
0000243913020920130653012555174496
0000243923020920130653012093421471
0000243933020920130656012507549248
0000243943020920130657012550828676
0000243953020920130657020412059058
0000243963020920130657012867217581
0000243973020920130658018111187594
0000243983020920130659013283694604
0000243993020920130659012875834624
0000244003020920130700012283239259
0000244013020920130700012827643563
0000244023020920130700012477403208
0000244033020920130701012413664892
0000244043020920130701015158560637
0000244053020920130702012090266823
0000244063020920130702012851794606
0000244073020920130702010661988071
0000244083020920130703012805580623
0000244093020920130703016992755006
0000244103020920130704013216782602
0000244113020920130704012640964587
0000244123020920130705012760305580
0000244133020920130707013173312626
0000244143020920130707013350901939
0000244153020920130707013465354817
0000244163020920130709020765841783
0000244173020920130710012334764118
0000244183020920130712019006769099
0000244193020920130712012970305609
0000244203020920130713016426312151
0000244213020920130714013109375604
0000244223020920130714012978377625
0000244233020920130715012996148543
0000244263020920130723019044769777
0000244273020920130725013064808620
0000244283020920130727020427186484
0000244293020920130730012380989410
0000244303020920130730012380989410
0000244313020920130731012623352609
0000244323020920130736013401082603
0000244333020920130736013717157778
0000244343020920130739013369017600
0000244353020920130756013172115541
0000244363020920130810011497117148
0000244373020920130816012537757965
0000244383020920130822013445927773
0000244393020920130823013389894585
0000244403020920130831012669365606
0000244413020920130831012669365606
0000244423020920130853018054856240
0000244433020920130854012951973669
0000246543020920131703013172115541
0000250753020920131712012537757965
0000250763020920131712012669365606
0000250773020920131718013445927773
0000250783020920131804020765659403
0000250793020920131805018054856240
0000250803020920131817016558907977
0000250813020920131847019012657825
0000250823020920131854016271900195
0000250833020920131857012478711763
0000250843020920131857013109375604
0000250853020920131857012555174496
0000250863020920131858012525180846
0000250873020920131859012381030443
0000250883020920131900012687336604
0000250893020920131900012687336604
0000250903020920131901021030657426
0000250913020920131903014270490272
0000250923020920131911020427186484
0000250933020920131912015158560637
0000250943020920131913013389894585
0000250953020920131920012951973669
0000250963020920131922016426312151
0000250973020920131933013369017600
0000250983020920131954013340472628
0000250993030920130619012472079984
0000251003030920130620013364583624
0000251013030920130620017045046764
0000251023030920130633012176362731
0000251033030920130633016559837492
0000251043030920130639020765659403
0000251053030920130639013465354817
0000251063030920130643013204773549
0000251073030920130647012538029483
0000251083030920130648012899058624
0000251093030920130648013327971543
0000251103030920130649013248433565
0000251113030920130649012447754835
0000251123030920130649012447754835
0000251133030920130649020766123841
0000251143030920130650013145826629
0000251153030920130651012640964587
0000251163030920130651013115739582
0000251173030920130651021030657426
0000251183030920130652012788517620
0000251193030920130653013399809629
0000251203030920130658019035599597
0000251213030920130658012044908095
0000251223030920130658012780072581
0000251233030920130659013084967562
0000251243030920130659019012657825
0000251253030920130659012381030443
0000251263030920130659016271900195
0000251273030920130659013112637568
0000251283030920130659012477389655
0000251293030920130700013350901939
0000251303030920130700016558907977
0000251313030920130700012687336604
0000251323030920130703012802922116
0000251333030920130704012867217581
0000251343030920130705012996148543
0000251353030920130705012996148543
0000251363030920130707013717157778
0000251373030920130707012929874564
0000251383030920130708012525180846
0000251393030920130708014270490272
0000251403030920130709012631147547
0000251413030920130710012672055582
0000251423030920130710012978377625
0000251433030920130711012093421471
0000251443030920130712012093421471
0000251453030920130715020412059058
0000251463030920130715012447648547
0000251473030920130720012413664892
0000251483030920130722013328164625
0000251493030920130729012371540775
0000251503030920130732012606067608
0000251513030920130742016992755006
0000251523030920130806018221431686
0000251533030920130812012537757965
0000251543030920130812014368972275
0000251553030920130812013346415626
0000251563030920130816012781811078
0000251573030920130816015853828278
0000251593030920130802013445927773
0000251613030920130826012996148543
0000253723030920130835012951973669
0000254473030920130842013153387302
0000254483030920130843018054856240
0000254493030920130852012669365606
0000254503030920130915013172115541
0000254513030920130928019026460158
0000254523030920130940013340472628
0000254533030920130947017015654626
0000256653030920131718013172115541
0000258773030920131753012537757965
0000258783030920131756018054856240
0000258793030920131757013346415626
0000258803030920131758012669365606
0000258813030920131828013261293585
0000258823030920131833010661988071
0000258833030920131839012996148543
0000258843030920131843012477403208
0000258853030920131846013283694604
0000258863030920131846012176362731
0000258873030920131849013153387302
0000258883030920131855013115739582
0000258893030920131856013248433565
0000258903030920131856015853828278
0000258913030920131856012781811078
0000258923030920131856012538029483
0000258933030920131857012951973669
0000258973030920131900019019769807
0000258983030920131900012044908095
0000258993030920131902012093421471
0000259003030920131903013204773549
0000259013030920131904012832854623
0000259023030920131904013357909609
0000259033030920131912013445927773
0000259043030920131913013445927773
0000259053030920131914019026460158
0000259063030920131917018054342492
0000259073030920131917013328164625
0000259083030920131919013064808620
0000259093030920131933012606067608
0000259103030920132008019041061420
0000259113030920132129017015654626
0000259123040920130643012478711763
0000259133040920130651014205344267
0000259143040920130652012555174496
0000259153040920130653012687336604
0000259163040920130653013341212603
0000259173040920130656012987837625
0000259183040920130656012037738465
0000259193040920130656010109237835
0000259203040920130657015158560637
0000259213040920130657012743360587
0000259223040920130659013221220625
0000259233040920130700012640964587
0000259243040920130700013364583624
0000259253040920130700010800328040
0000259263040920130700010661988071
0000259273040920130701016034273510
0000259283040920130701012835827627
0000259293040920130701012447754835
0000259303040920130701012447754835
0000259313040920130703013465354817
0000259323040920130703012477389655
0000259333040920130704013084967562
0000259343040920130705012477403208
0000259353040920130705013112637568
0000259363040920130705013261293585
0000259373040920130706013327971543
0000259383040920130706013228264547
0000259393040920130706013166042589
0000259403040920130706012274771873
0000259413040920130706013283694604
0000259423040920130707011696742131
0000259433040920130713012996148543
0000259443040920130713013182496548
0000259453040920130714012472079984
0000259463040920130714012780072581
0000259473040920130714012899058624
0000259483040920130716013032643561
0000259493040920130718012788517620
0000259503040920130718013145826629
0000259513040920130718020766123841
0000259523040920130718019028175884
0000259533040920130719012613488605
0000259543040920130721013161621602
0000259553040920130726013399809629
0000259563040920130726017045046764
0000259573040920130728016426312151
0000259583040920130728013064808620
0000259593040920130735014368972275
0000259603040920130735013109375604
0000259613040920130737012832854623
0000259623040920130747016559837492
0000259633040920130758013369017600
0000259643040920130825012537757965
0000259653040920130826012951973669
0000259663040920130828013172115541
0000259673040920130842013445927773
0000259683040920130843018054856240
0000259693040920130847012669365606
0000259703040920130853013346415626
0000259713040920130958013302245563
0000259783040920131430012897151562
0000259793040920131430013209558565
0000264203040920131507012905230586
0000268603040920131731012537757965
0000268613040920131731013172115541
0000270813040920131750013445927773
0000270823040920131752013346415626
0000270833040920131753012669365606
0000270863040920131804012754312546
0000270873040920131828015900373278
0000270883040920131839016558907977
0000270893040920131840012525180846
0000270903040920131845019012657825
0000270913040920131847013302245563
0000270923040920131848012478711763
0000270933040920131852018054856240
0000270943040920131852016271900195
0000270953040920131857019001662830
0000270963040920131857020765659403
0000270973040920131859012381030443
0000270983040920131900013032643561
0000270993040920131900012897151562
0000271003040920131900012555174496
0000271013040920131901015853828278
0000271023040920131901012781811078
0000271033040920131903012687336604
0000271043040920131904012959720565
0000271053040920131906012507549248
0000271063040920131907012447754835
0000271073040920131908016426312151
0000271083040920131908013221220625
0000271093040920131912013109375604
0000271103040920131916015158560637
0000271113040920131919021030657426
0000271123050920130628012176362731
0000271133050920130631020765659403
0000271143050920130632010728402499
0000271153050920130641013248433565
0000271163050920130641013204773549
0000271173050920130646020107848044
0000271183050920130651012965194608
0000271193050920130651013125683628
0000271203050920130652012538029483
0000271213050920130654012672055582
0000271223050920130655012959720565
0000271233050920130656015900373278
0000271243050920130657010806944681
0000271253050920130657012606067608
0000271263050920130657012477246072
0000271273050920130657012703576562
0000271283050920130658012738213628
0000271293050920130658019012657825
0000271303050920130658021030657426
0000271313050920130658012044908095
0000271323050920130659019028175884
0000271333050920130659013228264547
0000271343050920130659012995385568
0000271353050920130659016208924457
0000271363050920130700016271900195
0000271373050920130700012613488605
0000271383050920130700016558907977
0000271393050920130701012588967584
0000271403050920130703012381030443
0000271413050920130703012037738465
0000271423050920130703012435260174
0000271433050920130704012987837625
0000271443050920130704012754312546
0000271453050920130706013182496548
0000271463050920130706013203260602
0000271473050920130706010606179051
0000271483050920130707012274771873
0000271493050920130817012537757965
0000271503050920130818013172115541
0000271513050920130820013357909609
0000271523050920130829012669365606
0000271533050920130854018054856240
0000271543050920130952013328164625
0000271553050920131409013445927773
0000271593050920131430013053302623
0000276013050920131717013172115541
0000276023050920131740012669365606
0000276033050920131741012537757965
0000276043050920131744013346415626
0000276053050920131800013445927773
0000276063050920131826010661988071
0000276073050920131830012640964587
0000276083050920131840012477403208
0000276093050920131848013261293585
0000276103050920131851013283694604
0000276113050920131852013357909609
0000276123050920131853012176362731
0000276133050920131855013248433565
0000276143050920131856013115739582
0000276153050920131857012413665465
0000276163050920131902013203260602
0000276173050920131904013064808620
0000276183050920131907013053302623
0000276193050920131909019011902834
0000276203050920131909010606179051
0000276213050920131910012044908095
0000276223050920131910013328164625
0000276233050920131911013204773549
0000276243050920131912018054856240
0000276253050920131924012606067608
0000276263050920131933011690094642
0000276273050920132027019041061420
0000276283060920130537013175087581
0000276293060920130618012919610602
0000276303060920130630019024197840
0000276313060920130642013209558565
0000276323060920130646012555174496
0000276333060920130647012897151562
0000276343060920130648012654819606
0000276353060920130650012380364666
0000276363060920130652012703576562
0000276373060920130652013112637568
0000276383060920130653012717311604
0000276393060920130654012687336604
0000276403060920130654012447754835
0000276413060920130654013261293585
0000276423060920130655012741695565
0000276433060920130656012484753057
0000276443060920130657013283694604
0000276453060920130657013049770626
0000276463060920130658012477403208
0000276473060920130700020107848044
0000276483060920130700012435260174
0000276493060920130700012965194608
0000276503060920130701012995385568
0000276513060920130701013125683628
0000276523060920130701010606179051
0000276533060920130701013104205549
0000276543060920130701010806944681
0000276553060920130702012738213628
0000276563060920130703016559843816
0000276573060920130703012413665465
0000276583060920130703013064808620
0000276593060920130704010117312573
0000276603060920130704013341204546
0000276613060920130705012787840584
0000276623060920130706010728402499
0000276633060920130706012538029483
0000276643060920130706012672055582
0000276653060920130707017016186545
0000276663060920130707012612285565
0000276673060920130707012193107221
0000276683060920130708012760305580
0000276693060920130709013287856293
0000276703060920130710010606004081
0000276713060920130710012588967584
0000276723060920130711015900373278
0000276733060920130714019011902834
0000276743060920130714012776030543
0000276753060920130715016208924457
0000276763060920130715018221290284
0000276773060920130715012660972623
0000276783060920130716016426312151
0000276793060920130717013109375604
0000276803060920130718013161621602
0000276813060920130719013319746587
0000276823060920130719013216582603
0000276833060920130720020059340368
0000276843060920130722012640964587
0000276853060920130736012477246072
0000276863060920130817013346415626
0000276873060920130817012537757965
0000276883060920130829013445927773
0000276893060920130829013172115541
0000276903060920130834012669365606
0000276913060920130834012669365606
0000276923060920130841018054856240
0000276933060920130950013328164625
0000276943060920131736012537757965
0000276953060920131750013445927773
0000276963060920131800018054856240
0000276973060920131801013172115541
0000276983060920131810012669365606
0000276993060920131811012669365606
0000277003060920131813013346415626
0000277013060920131831021030657426
0000277023060920131835012640964587
0000277033060920131835020765659403
0000277043060920131848018221431686
0000277053060920131849016558907977
0000277063060920131854012754312546
0000277073060920131856012538029483
0000277083060920131857013049770626
0000277093060920131858016271900195
0000277103060920131859012897151562
0000277113060920131900012381030443
0000277123060920131901013209558565
0000277133060920131904012555174496
0000277143060920131906010606179051
0000277153060920131908012687336604
0000277163060920131909012996148543
0000277173060920131911013216582603
0000277183060920131918013109375604
0000277193060920131922019011902834
0000277203060920131925016426312151
0000277213060920131933012612285565
0000277223060920131938013328164625
0000277233060920131939013328164625
0000277243060920131956012645519581
0000277253060920132008012447754835
0000277263060920132008012447754835
0000277273060920132054012629839542
0000277283060920132054012629839542
0000277293060920132055012629839542
0000277303070920130631012176362731
0000277313070920130631013204773549
0000277323070920130639013209558565
0000277333070920130640010027963389
0000277343070920130641012938212587
0000277353070920130644012851794606
0000277363070920130644013248433565
0000277373070920130645013173312626
0000277383070920130647012827643563
0000277393070920130650013221220625
0000277403070920130654012090266823
0000277413070920130654012537141441
0000277423070920130655017016186545
0000277433070920130655012805580623
0000277443070920130655020765841783
0000277453070920130656012413665465
0000277463070920130657012996148543
0000277473070920130657018111187594
0000277483070920130658012550828676
0000277493070920130659020728187471
0000277503070920130659019038066271
0000277513070920130659015158560637
0000277523070920130700012654819606
0000277533070920130700012640964587
0000277543070920130700013287856293
0000277553070920130700013341204546
0000277563070920130700021030657426
0000277573070920130701012380364666
0000277583070920130702012776030543
0000277593070920130702020765659403
0000277603070920130702012754312546
0000277613070920130703013115739582
0000277623070920130704015900373278
0000277633070920130704010117312573
0000277643070920130704012381030443
0000277653070920130704019011902834
0000277663070920130705013104205549
0000277673070920130706012741695565
0000277683070920130707019024197840
0000277693070920130707016271900195
0000277703070920130707012717311604
0000277713070920130707016558907977
0000277723070920130707013112637568
0000277733070920130707012484753057
0000277743070920130708012672055582
0000277753070920130710019006769099
0000277763070920130710012645519581
0000277773070920130712013319746587
0000277783070920130726012875834624
0000277793070920130729012606067608
0000277803070920130729013465354817
0000277813070920130729013161621602
0000277823070920130735020059340368
0000277833070920130737018221431686
0000277843070920130810012334764118
0000277853070920130812019000623483
0000277863070920130813012044908095
0000277873070920131656013064808620
0000277883070920131703012044908095
0000277893070920131846013283694604
0000277903070920131850013261293585
0000277913070920131852012477403208
0000277923070920131853012176362731
0000277933070920131857012525180846
0000277943070920131858013248433565
0000277953070920131858019000623483
0000277963070920131858019000623483
0000277973070920131859013209558565
0000277983070920131901013115739582
0000277993070920131902012606067608
0000278003070920131902015158560637
0000278013070920131904013204773549
0000278023070920131907020412059058
0000278033070920131908011974148372
0000278043070920131935015195158278
0000278053080920130623012478711763
0000278063080920130625012897151562
0000278073080920130633016559837492
0000278083080920130641012093421471
0000278093080920130643013359379607
0000278103080920130644012283239259
0000278113080920130648011696742131
0000278123080920130648012996148543
0000278133080920130651018221431686
0000278143080920130652012555174496
0000278153080920130653012631147547
0000278163080920130653015158560637
0000278173080920130654015195158278
0000278183080920130654012380989410
0000278193080920130655010661988071
0000278203080920130655012623352609
0000278213080920130656012867217581
0000278223080920130659020412059058
0000278233080920130659020412059058
0000278243080920130700012537141441
0000278253080920130700013261293585
0000278263080920130701012851794606
0000278273080920130702012827643563
0000278283080920130703012413664892
0000278293080920130704012687336604
0000278303080920130705020728187471
0000278313080920130705013173312626
0000278323080920130706018111187594
0000278333080920130706012525180846
0000278343080920130706012538029483
0000278353080920130707012090266823
0000278363080920130707012805580623
0000278373080920130707013341204546
0000278383080920130708012978377625
0000278393080920130708020765841783
0000278403080920130709012334764118
0000278413080920130714012477403208
0000278423080920130715013283694604
0000278433080920130718010027963389
0000278443080920130720016426312151
0000278453080920130721012672055582
0000278463080920130721013109375604
0000278473080920130729012550828676
0000278483080920130739012413665465
0000278493080920130753011497117148
0000278503080920130802019011902834
0000278513080920130802019000623483
0000278523080920130804019038066271
0000278533080920130910012938212587
0000278543080920131815012772235582
0000278553080920131837021030657426
0000278563080920131846012478711763
0000278573080920131848012525180846
0000278583080920131855020765659403
0000278593080920131855019000623483
0000278603080920131855012381030443
0000278613080920131859016271900195
0000278623080920131859012413665465
0000278633080920131900012897151562
0000278643080920131903011974148372
0000278653080920131904012538029483
0000278663080920131905012555174496
0000278673080920131906016558907977
0000278683080920131906013465354817
0000278693080920131908019011902834
0000278703080920131909013109375604
0000278713080920131909013109375604
0000278723080920131910016426312151
0000278733080920131912012687336604
0000278743080920131913015158560637
0000278753080920131916012929874564
0000278763080920131956012754312546
0000278773090920130630012176362731
0000278783090920130630013364583624
0000278793090920130631012472079984
0000278803090920130632012447648547
0000278813090920130634020765659403
0000278823090920130637013248433565
0000278833090920130641020766123841
0000278843090920130644012802922116
0000278853090920130644012606067608
0000278863090920130646017045046764
0000278873090920130646013109375604
0000278883090920130647012371540775
0000278893090920130649014368972275
0000278903090920130649013204773549
0000278913090920130649013145826629
0000278923090920130652013115739582
0000278933090920130652012484753057
0000278943090920130654013332112561
0000278953090920130654013399809629
0000278963090920130655013209558565
0000278973090920130655012447754835
0000278983090920130655012772235582
0000278993090920130656013112637568
0000279003090920130657012413664892
0000279013090920130657013327971543
0000279023090920130659019044769777
0000279033090920130700021030657426
0000279043090920130700012283239259
0000279053090920130700012525180846
0000279063090920130700012413665465
0000279073090920130700013359379607
0000279083090920130700012381030443
0000279093090920130701016271900195
0000279103090920130701013341204546
0000279113090920130701012631147547
0000279123090920130702012044908095
0000279133090920130702012754312546
0000279143090920130704016559837492
0000279153090920130707011696742131
0000279163090920130708012929874564
0000279173090920130708012996148543
0000279183090920130710012093421471
0000279193090920130710013389894585
0000279203090920130710012867217581
0000279213090920130712016558907977
0000279223090920130713016992755006
0000279233090920130713012477389655
0000279243090920130714020412059058
0000279253090920130723013401082603
0000279263090920130726019011902834
0000279273090920130726020427186484
0000279283090920130728012380989410
0000279293090920130728012380989410
0000279303090920130738012623352609
0000279313090920130745012357054974
0000279323090920130749013369017600
0000279333090920130758011497117148
0000279343090920130801018221431686
0000279353090920130801012669365606
0000279363090920130815013346415626
0000279373090920130816012537757965
0000279383090920130829013172115541
0000279393090920130901013445927773
0000279403090920130905012951973669
0000279443090920131044020992333886
0000279453090920131716020992333886
0000279463090920131743012537757965
0000279473090920131743013346415626
0000279483090920131743012669365606
0000279493090920131743012669365606
0000279503090920131745013172115541
0000279513090920131751013445927773
0000279523090920131817013401082603
0000279533090920131836012477403208
0000279543090920131836012477403208
0000279553090920131846012640964587
0000279563090920131854013261293585
0000279573090920131857012044908095
0000279583090920131857010661988071
0000279593090920131858013064808620
0000279603090920131858013209558565
0000279613090920131859013216582603
0000279623090920131859012176362731
0000279633090920131900013248433565
0000279643090920131904014270490272
0000279653090920131905013115739582
0000279663090920131906012951973669
0000279673090920131907016034273510
0000279683090920131916019035599597
0000279693090920131916012484753057
0000279703090920131919013340472628
0000279713090920131919020427186484
0000279723090920131920013389894585
0000279733090920131926013369017600
0000279743090920131931013153387302
0000279753090920131943012606067608
0000279763090920131951013399256603
0000279773100920130638012897151562
0000279783100920130642012555174496
0000279793100920130643012835827627
0000279803100920130644012538029483
0000279813100920130647012037738465
0000279823100920130648013346415626
0000279833100920130648012899058624
0000279843100920130651013204773549
0000279853100920130652012743360587
0000279863100920130653012996148543
0000279873100920130654012484753057
0000279883100920130655013221220625
0000279893100920130655013182496548
0000279903100920130655012905230586
0000279913100920130656013161621602
0000279923100920130656015158560637
0000279933100920130659012640964587
0000279943100920130700010661988071
0000279953100920130700013261293585
0000279963100920130701012477389655
0000279973100920130701012687336604
0000279983100920130702012447754835
0000279993100920130702012613488605
0000280003100920130702012613488605
0000280013100920130703013104205549
0000280023100920130704013084967562
0000280033100920130704016034273510
0000280043100920130704013064808620
0000280053100920130705013112637568
0000280063100920130705013283694604
0000280073100920130706012780072581
0000280083100920130707012472079984
0000280093100920130707012478711763
0000280103100920130707013166042589
0000280113100920130707012274771873
0000280123100920130708014270490272
0000280133100920130708012447648547
0000280143100920130710012802922116
0000280153100920130711013717157778
0000280163100920130712017045046764
0000280173100920130712013399809629
0000280183100920130713013145826629
0000280193100920130713020766123841
0000280203100920130714014368972275
0000280213100920130715013328164625
0000280223100920130718013228264547
0000280233100920130718013327971543
0000280243100920130721016992755006
0000280253100920130724016426312151
0000280263100920130726019035599597
0000280273100920130727013364583624
0000280283100920130727012357054974
0000280293100920130729013153387302
0000280303100920130732013332112561
0000280313100920130740012371540775
0000280323100920130801019000623483
0000280333100920130801019000623483
0000280343100920130807020992333886
0000280353100920130811013445927773
0000280363100920130814012669365606
0000280373100920130814012669365606
