0000339243311020131805012205303491
0000339253311020131813012669365606
0000339263311020131830012640964587
0000339273311020131833020765841783
0000339283311020131833013112637568
0000339293311020131836012176362731
0000339303311020131837010661988071
0000339313311020131841012537757965
0000339323311020131841013346415626
0000339333311020131848013109375604
0000339343311020131851013064808620
0000339353311020131852012875834624
0000339363311020131855012184372198
0000339373311020131857013261293585
0000339383311020131859013387802543
0000339393311020131859012687336604
0000339403311020131900013357909609
0000339413311020131901013216582603
0000339423311020131902010863443432
0000339433311020131902013204773549
0000339443311020131903013053302623
0000339453311020131903013115739582
0000339463311020131904013203260602
0000339473311020131918010606179051
0000339483311020131919013445927773
0000339493311020131927010806944681
0000339503311020131927012371540775
0000339513311020131949019011902834
0000339523311020131956018054342492
0000339533311020132054013328164625
0000339543011120130620012996148543
0000339553011120130627019024197840
0000339563011120130635016559837492
0000339573011120130639012631147547
0000339583011120130645012672055582
0000339593011120130647018221431686
0000339603011120130647018221431686
0000339613011120130647012897151562
0000339623011120130648013399809629
0000339633011120130648013399809629
0000339643011120130649012703576562
0000339653011120130651012538029483
0000339663011120130652016426312151
0000339673011120130653016558907977
0000339683011120130653012093421471
0000339693011120130654021030657426
0000339703011120130654013287856293
0000339713011120130655020412059058
0000339723011120130656012090266823
0000339733011120130657016271900195
0000339743011120130657015158560637
0000339753011120130659013261293585
0000339763011120130700019011902834
0000339773011120130701018111187594
0000339783011120130701012550828676
0000339793011120130702012851794606
0000339803011120130703012334764118
0000339813011120130703013112637568
0000339823011120130704012176362731
0000339833011120130704012938212587
0000339843011120130706010661988071
0000339853011120130706012978377625
0000339863011120130707012413664892
0000339873011120130708012413665465
0000339883011120130708012827643563
0000339893011120130709012413665465
0000339903011120130710012875834624
0000339913011120130710012184372198
0000339923011120130710012334465153
0000339933011120130710012805580623
0000339943011120130711012640964587
0000339953011120130712012588967584
0000339963011120130712013465354817
0000339973011120130713013173312626
0000339983011120130713012970305609
0000339993011120130719010606179051
0000340003011120130720012776030543
0000340013011120130726013359379607
0000340023011120130728010806944681
0000340033011120130735013341204546
0000340043011120130736010606004081
0000340053011120130736010606004081
0000340063011120130755012205303491
0000340073011120130803013445927773
0000340083011120130814012537757965
0000340093011120130814012507549248
0000340103011120130815013346415626
0000340113011120130834012669365606
0000340123011120130834012669365606
0000340133011120131013011722716058
0000340143011120131342011722716058
0000340173011120131723012537757965
0000340183011120131728012205303491
0000340193011120131748013445927773
0000340203011120131753012669365606
0000340213011120131816013346415626
0000340223011120131841012827643563
0000340233011120131843013209558565
0000340243011120131844013216782602
0000340253011120131847012525180846
0000340263011120131850012754312546
0000340273011120131852012184372198
0000340283011120131856012555174496
0000340293011120131858012867217581
0000340303011120131859012044908095
0000340313011120131900019024197840
0000340323011120131900016426312151
0000340333011120131900016558907977
0000340343011120131901013204773549
0000340353011120131901012413665465
0000340363011120131901012538029483
0000340373011120131901015158560637
0000340383011120131901021030657426
0000340393011120131909012897151562
0000340403011120131911012381030443
0000340413011120131925013399809629
0000340423011120131926014205344267
0000340433011120132003010606179051
0000340443021120130612013364583624
0000340453021120130612012472079984
0000340463021120130613017045046764
0000340473021120130640010027963389
0000340483021120130644012938212587
0000340493021120130647020728187471
0000340503021120130647013145826629
0000340513021120130650013327971543
0000340523021120130651019011902834
0000340533021120130652012687336604
0000340543021120130654012537141441
0000340553021120130654013399809629
0000340563021120130654012413665465
0000340573021120130655012835827627
0000340583021120130655013387802543
0000340593021120130656010863443432
0000340603021120130656013115739582
0000340613021120130700013216782602
0000340623021120130700013359379607
0000340633021120130700012754312546
0000340643021120130700013209558565
0000340653021120130700019038066271
0000340663021120130700012827643563
0000340673021120130700012867217581
0000340683021120130701012381030443
0000340693021120130701013287856293
0000340703021120130701012525180846
0000340713021120130702012413664892
0000340723021120130703012672055582
0000340733021120130703012044908095
0000340743021120130703013204773549
0000340753021120130704012184372198
0000340763021120130705013084967562
0000340773021120130705012447648547
0000340783021120130706013112637568
0000340793021120130707012447754835
0000340803021120130707016559837492
0000340813021120130707012929874564
0000340823021120130708012555174496
0000340833021120130709012093421471
0000340843021120130710013341204546
0000340853021120130711013216582603
0000340863021120130712012978377625
0000340873021120130719020059340368
0000340883021120130720012477389655
0000340893021120130720012631147547
0000340903021120130722020412059058
0000340913021120130723012996148543
0000340923021120130723012776030543
0000340933021120130724013332112561
0000340943021120130745018221431686
0000340953021120130745018221431686
0000340963021120130751019000623483
0000340973021120130818011722716058
0000340983021120130840014368972275
0000340993021120130844012996148543
0000341003021120130857012537757965
0000341013021120130920012537757965
0000341023021120131025016271900195
0000341033021120131410016271900195
0000341043021120131837013064808620
0000341053021120131837012176362731
0000341063021120131844012640964587
0000341073021120131847012851794606
0000341083021120131850010661988071
0000341093021120131852012827643563
0000341103021120131858012687336604
0000341113021120131900013084967562
0000341123021120131900013216582603
0000341133021120131901013115739582
0000341143021120131901013387802543
0000341153021120131902013161621602
0000341163021120131906019035599597
0000341173021120131907012413665465
0000341183021120131907019000623483
0000341193021120131910010863443432
0000341203021120131916013399809629
0000341213021120131916020728187471
0000341223021120131918010800328040
0000341233021120131920015195158278
0000341243021120131925012447754835
0000341253021120131930013261293585
0000341263031120130642016271900195
0000341273031120130643012987837625
0000341283031120130645010109237835
0000341293031120130645016558907977
0000341303031120130646020023934683
0000341313031120130646012274771873
0000341323031120130651012938212587
0000341333031120130652012283239259
0000341343031120130653013182496548
0000341353031120130653013166042589
0000341363031120130653013228264547
0000341373031120130653012996148543
0000341383031120130653021030657426
0000341393031120130655012380989410
0000341403031120130655012380989410
0000341413031120130656012037738465
0000341423031120130656012905230586
0000341433031120130657012613488605
0000341443031120130658012623352609
0000341453031120130658015158560637
0000341463031120130659012640964587
0000341473031120130659010661988071
0000341483031120130700012827643563
0000341493031120130700012851794606
0000341503031120130700016426312151
0000341513031120130700013261293585
0000341523031120130700012537141441
0000341533031120130702012176362731
0000341543031120130702010027963389
0000341553031120130706015195158278
0000341563031120130707013112637568
0000341573031120130707012772235582
0000341583031120130708012477389655
0000341593031120130708010800328040
0000341603031120130708010800328040
0000341613031120130709017045046764
0000341623031120130709013327971543
0000341633031120130710013364583624
0000341643031120130711013109375604
0000341653031120130712013341204546
0000341663031120130714012472079984
0000341673031120130715013145826629
0000341683031120130716012538029483
0000341693031120130716012447648547
0000341703031120130717014368972275
0000341713031120130719012835827627
0000341723031120130727019035599597
0000341733031120130729015774279271
0000341743031120130739012897151562
0000341753031120130900019038066271
0000341763031120130910013340472628
0000341773031120131839013204773549
0000341783031120131839012525180846
0000341793031120131847011497117148
0000341803031120131852013221220625
0000341813031120131859012044908095
0000341823031120131900012897151562
0000341833031120131900012538029483
0000341843031120131900012555174496
0000341853031120131900012996148543
0000341863031120131902016426312151
0000341873031120131902013209558565
0000341883031120131903016558907977
0000341893031120131907013341204546
0000341903031120131908015158560637
0000341913031120131909012772235582
0000341923031120131913012381030443
0000341933031120131916010661988071
0000341943031120131938013340472628
0000341953041120130624010728402499
0000341963041120130630012802922116
0000341973041120130648012827643563
0000341983041120130650012687336604
0000341993041120130651013387802543
0000342003041120130652010661988071
0000342013041120130653013089592583
0000342023041120130654013228264547
0000342033041120130654013125683628
0000342043041120130654012519156092
0000342053041120130654012672055582
0000342063041120130655012965194608
0000342073041120130655012371540775
0000342083041120130655012987837625
0000342093041120130656010863443432
0000342103041120130658010109237835
0000342113041120130659020107848044
0000342123041120130700012274771873
0000342133041120130700012613488605
0000342143041120130700012037738465
0000342153041120130701012905230586
0000342163041120130701012660972623
0000342173041120130701012381030443
0000342183041120130702012283239259
0000342193041120130703012738213628
0000342203041120130704012525180846
0000342213041120130704012555174496
0000342223041120130704013166042589
0000342233041120130704020023934683
0000342243041120130705013209558565
0000342253041120130707012477246072
0000342263041120130707013216582603
0000342273041120130707013204773549
0000342283041120130709013161621602
0000342293041120130709016208924457
0000342303041120130709018221290284
0000342313041120130710013221220625
0000342323041120130710013182496548
0000342333041120130713012760305580
0000342343041120130715016992755006
0000342353041120130716012044908095
0000342363041120130716012787840584
0000342373041120130717019044769777
0000342383041120130719012623352609
0000342393041120130730012193107221
0000342403041120130730013115739582
0000342413041120130731012380989410
0000342423041120130750013369017600
0000342433041120130758012205303491
0000342443041120130814012537757965
0000342453041120130815013346415626
0000342463041120130840013445927773
0000342473041120130853012951973669
0000342483041120130957011722716058
0000342493041120131310011722716058
0000342503041120131407013387802543
0000342513041120131724012205303491
0000342523041120131735012537757965
0000342533041120131739013445927773
0000342543041120131741013445927773
0000342553041120131826012176362731
0000342563041120131831012640964587
0000342573041120131833020412059058
0000342583041120131834013064808620
0000342593041120131844013261293585
0000342603041120131845012477246072
0000342613041120131850012413665465
0000342623041120131851013216582603
0000342633041120131854014270490272
0000342643041120131855012447648547
0000342653041120131858013089592583
0000342663041120131859012687336604
0000342673041120131900010863443432
0000342683041120131901010806944681
0000342693041120131902012827643563
0000342703041120131904013115739582
0000342713041120131910012754312546
0000342723041120131924013109375604
0000342733041120131927013153387302
0000342743041120131945012371540775
0000342753041120132142013340472628
0000342763051120130625012654819606
0000342773051120130635019024197840
0000342783051120130640012897151562
0000342793051120130640016271900195
0000342803051120130642010117312573
0000342813051120130642016558907977
0000342823051120130647013399809629
0000342833051120130649012274771873
0000342843051120130651012899058624
0000342853051120130652014270490272
0000342863051120130652013261293585
0000342873051120130654012741695565
0000342883051120130655012484753057
0000342893051120130655012717311604
0000342903051120130655012380364666
0000342913051120130656012612285565
0000342923051120130656012965194608
0000342933051120130658012176362731
0000342943051120130700012780072581
0000342953051120130700012447648547
0000342963051120130700016559843816
0000342973051120130700010728402499
0000342983051120130700012193107221
0000342993051120130702012918515568
0000343003051120130702020412059058
0000343013051120130703013109375604
0000343023051120130703012672055582
0000343033051120130703013104205549
0000343043051120130704012787840584
0000343053051120130704012738213628
0000343063051120130705013125683628
0000343073051120130705012538029483
0000343083051120130705010806944681
0000343093051120130705019035019531
0000343103051120130705013049770626
0000343113051120130706012788517620
0000343123051120130707015158560637
0000343133051120130708012802922116
0000343143051120130709012760305580
0000343153051120130711012640964587
0000343163051120130712012413665465
0000343173051120130712020762577953
0000343183051120130715016426312151
0000343193051120130717018221290284
0000343203051120130718012660972623
0000343213051120130719016208924457
0000343223051120130722013340472628
0000343233051120130724012754312546
0000343243051120130726012477389655
0000343253051120130730020107848044
0000343263051120130738013328164625
0000343273051120130744021030657426
0000343283051120130751013369017600
0000343293051120130754012205303491
0000343303051120130803015853828278
0000343313051120130803012781811078
0000343323051120130804013445927773
0000343333051120130813012537757965
0000343343051120130825013064808620
0000343353051120130826013346415626
0000343363051120130827016992755006
0000343373051120130836019000623483
0000343383051120130841012951973669
0000343393051120130841019019769807
0000343403051120130843012669365606
0000343413051120131120011722716058
0000343423051120131310011722716058
