0000083903310720131726012978754585
0000083913310720131726013346415626
0000083923310720131753018054856240
0000083933310720131822015853828278
0000083943310720131822012781811078
0000083953310720131840012640964587
0000083963310720131844013283694604
0000083973310720131852013115739582
0000083983310720131853012606067608
0000083993310720131854010661988071
0000084003310720131855012176362731
0000084013310720131857013248433565
0000084023310720131858012538029483
0000084033310720131859013216582603
0000084043310720131901013302245563
0000084053310720131904012044908095
0000084063310720131904013032643561
0000084073310720131920012477403208
0000084083310720131920013261293585
0000084093010820130622012447756730
0000084103010820130625019024197840
0000084113010820130639012919610602
0000084123010820130646012687336604
0000084133010820130648021030657426
0000084143010820130648012717311604
0000084153010820130652012612285565
0000084163010820130653012555174496
0000084173010820130654012484753057
0000084183010820130655013115739582
0000084193010820130655012380364666
0000084203010820130655012741695565
0000084213010820130655012588967584
0000084223010820130656012703576562
0000084233010820130657013283694604
0000084243010820130658013049770626
0000084253010820130801012978754585
0000084263010820130802013328164625
0000084273010820130802013109375604
0000084283010820130802016426312151
0000084293010820130804013445927773
0000084303010820130804012478711763
0000084313010820130811019011902834
0000084323010820130815012537757965
0000084333010820130816013346415626
0000084373010820130823013203260602
0000084383010820130835018054856240
0000084393010820130843012669365606
0000084433010820130854013357909609
0000088353010820131009010800328040
0000094583010820131654012645519581
0000096563010820131659016559843816
0000096573010820131700020762577953
0000096583010820131702013104205549
0000096593010820131702013319746587
0000099393010820131750018054856240
0000099403010820131752018054856240
0000099413010820131758012669365606
0000099423010820131824020765659403
0000099433010820131838019012657825
0000099443010820131847016271900195
0000099453010820131849012742113608
0000099463010820131850013357909609
0000099473010820131850016558907977
0000099483010820131858012447756730
0000099493010820131858021030657426
0000099503010820131859012525180846
0000099513010820131905013203260602
0000099523010820131909012555174496
0000099533010820131911019011902834
0000099543010820131922013328164625
0000099553010820131926012687336604
0000099563010820131930012670677624
0000099573010820131935013109375604
0000099593010820131951016426312151
0000101593010820131958012654819606
0000101603010820132013013346415626
0000101613010820132013012537757965
0000101623010820132014013445927773
0000101633010820132112012381030443
0000101643020820130532012703576562
0000101653020820130606013173312626
0000101663020820130631012176362731
0000101673020820130632013115739582
0000101683020820130645017016186545
0000101693020820130646013465354817
0000101703020820130646012827643563
0000101713020820130653012550828676
0000101723020820130653012334764118
0000101733020820130653012851794606
0000101743020820130654012507549248
0000101753020820130654012672055582
0000101763020820130655012090266823
0000101773020820130655020765841783
0000101783020820130655012044908095
0000101793020820130656013248433565
0000101803020820130658012938212587
0000101813020820130658016558907977
0000101823020820130658012996148543
0000101833020820130659013216582603
0000101843020820130700012741695565
0000101853020820130700012654819606
0000101863020820130701016271900195
0000101873020820130701012525180846
0000101883020820130701012742113608
0000101893020820130701013104205549
0000101903020820130702012484753057
0000101913020820130702012875834624
0000101923020820130702012717311604
0000101933020820130702012381030443
0000101943020820130702010806944681
0000101953020820130703019024197840
0000101963020820130703019024197840
0000101973020820130703012380364666
0000101983020820130703012413665465
0000101993020820130704012606067608
0000102003020820130706012538029483
0000102013020820130707019012657825
0000102023020820130708012612285565
0000102033020820130708020762577953
0000102043020820130708012805580623
0000102053020820130709013319746587
0000102063020820130709012919610602
0000102073020820130709018111187594
0000102083020820130710010606004081
0000102093020820130710019011902834
0000102103020820130714012645519581
0000102113020820130716012670677624
0000102123020820130717013049770626
0000102133020820130719013172115541
0000102143020820130723019006769099
0000102153020820130727012776030543
0000102163020820130727013341204546
0000102173020820130736013165406609
0000102183020820130743012978754585
0000102193020820130806013346415626
0000102203020820130806012537757965
0000102213020820130812013445927773
0000105323020820130828018054856240
0000105333020820130828018111187594
0000105343020820130851012669365606
0000105353020820130945013287856293
0000105363020820130945012588967584
0000105373020820130946013328164625
0000111313020820131246015900373278
0000125143020820131743012669365606
0000125153020820131744018054856240
0000125163020820131756010661988071
0000125173020820131805012537757965
0000125183020820131805012537757965
0000125193020820131806013346415626
0000127173020820131834013261293585
0000127183020820131841012640964587
0000127193020820131850013283694604
0000127203020820131850012176362731
0000127213020820131854013172115541
0000127223020820131855013248433565
0000127233020820131856016034273510
0000127243020820131900013115739582
0000127253020820131902013216582603
0000127263020820131904013328164625
0000127273020820131908012606067608
0000127283020820131912012477403208
0000127293020820131912012044908095
0000127303020820131947013064808620
0000127313020820132034019011902834
0000127323020820132037012629839542
0000127333030820130414012629839542
0000127343030820130620012447756730
0000127353030820130622012631147547
0000127363030820130633012093421471
0000127373030820130634016559837492
0000127383030820130644011696742131
0000127393030820130645018221431686
0000127403030820130647020728187471
0000127413030820130649012670677624
0000127423030820130650010027963389
0000127433030820130650012413664892
0000127443030820130652012537141441
0000127453030820130652013287856293
0000127463030820130654012867217581
0000127473030820130655012687336604
0000127483030820130656012996148543
0000127493030820130659012334764118
0000127503030820130659017016186545
0000127513030820130659017016186545
0000127523030820130700013261293585
0000127533030820130700012827643563
0000127543030820130702012550828676
0000127553030820130705012776030543
0000127563030820130706010661988071
0000127573030820130706013173312626
0000127583030820130706012851794606
0000127593030820130706012929874564
0000127603030820130707013161621602
0000127613030820130707012640964587
0000127623030820130708012555174496
0000127633030820130711012875834624
0000127643030820130712012090266823
0000127653030820130713012507549248
0000127663030820130713012805580623
0000127673030820130713013341204546
0000127683030820130714019038066271
0000127693030820130714012938212587
0000127703030820130715020765841783
0000127713030820130715012477403208
0000127723030820130715019011902834
0000127733030820130717016426312151
0000127743030820130722013109375604
0000127753030820130726013283694604
0000127763030820130734012672055582
0000127773030820130740013350901939
0000127783030820130752019000623483
0000127793030820130822012478711763
0000127803030820130827013165406609
0000127813030820131836012447756730
0000127823030820131840020765659403
0000127833030820131841012742113608
0000127843030820131841019012657825
0000127853030820131842011974148372
0000127863030820131854021030657426
0000127873030820131856012525180846
0000127883030820131859012381030443
0000127893030820131900012687336604
0000127903030820131901012478711763
0000127913030820131901012478711763
0000127923030820131903012555174496
0000127933030820131906013465354817
0000127943030820131909012929874564
0000127953030820131911019006769099
0000127963030820131912012978377625
0000127973030820131912013161621602
0000127983030820131915019000623483
0000127993030820131916012413665465
0000128003030820131916013109375604
0000128013030820131919020728187471
0000128023030820131927015195158278
0000128033030820131940012670677624
0000128043040820130633013364583624
0000128053040820130633012472079984
0000128063040820130637012938212587
0000128073040820130642013248433565
0000128083040820130644012447648547
0000128093040820130648012538029483
0000128103040820130649012550828676
0000128113040820130651020412059058
0000128123040820130651012380989410
0000128133040820130651019006769099
0000128143040820130655012283239259
0000128153040820130656013084967562
0000128163040820130656013112637568
0000128173040820130657019035599597
0000128183040820130657019012657825
0000128193040820130700012742113608
0000128203040820130700012742113608
0000128213040820130700020766123841
0000128223040820130700013350901939
0000128233040820130700012835827627
0000128243040820130701012537141441
0000128253040820130701010027963389
0000128263040820130702012623352609
0000128273040820130702013145826629
0000128283040820130704013465354817
0000128293040820130704021030657426
0000128303040820130704012525180846
0000128313040820130704012381030443
0000128323040820130705012867217581
0000128333040820130705018221431686
0000128343040820130705018221431686
0000128353040820130705012093421471
0000128363040820130707013341204546
0000128373040820130708015195158278
0000128383040820130708012044908095
0000128393040820130710013332112561
0000128403040820130711013261293585
0000128413040820130714013172115541
0000128423040820130715012978377625
0000128433040820130717012606067608
0000128443040820130717012413664892
0000128453040820130719011696742131
0000128463040820130723012996148543
0000128473040820130726012794617542
0000128483040820130728016559837492
0000128493040820130729012631147547
0000128503040820130731012672055582
0000128513040820130734016426312151
0000128523040820130736012976884589
0000128533040820130736015774279271
0000128543040820130744019011902834
0000128553040820130746012357054974
0000128563040820130752019038066271
0000128573040820130758011497117148
0000128583040820131732010661988071
0000128593040820131821013327971543
0000128603040820131832012772235582
0000128613040820131835017045046764
0000128623040820131836013115739582
0000128633040820131837020412059058
0000128643040820131839012538029483
0000128653040820131842012938212587
0000128663040820131844014368972275
0000128673040820131844012447754835
0000128683040820131845012640964587
0000128693040820131851013283694604
0000128703040820131855013248433565
0000128713040820131900012606067608
0000128723040820131900012742113608
0000128733040820131900012835827627
0000128743040820131902013064808620
0000128753040820131904013112637568
0000128763040820131904013350901939
0000128773040820131904012938212587
0000128783040820131905012044908095
0000128793040820131909013261293585
0000128803040820131912012477389655
0000128813040820131914013465354817
0000128823040820131914018221431686
0000128833040820131915013465354817
0000128843040820131915018221431686
0000128853040820131917012477403208
0000128863050820130621012447756730
0000128873050820130631012371540775
0000128883050820130641012519156092
0000128893050820130652020412059058
0000128903050820130654012802922116
0000128913050820130655012670677624
0000128923050820130656012037738465
0000128933050820130657013228264547
0000128943050820130659012477389655
0000128953050820130659012772235582
0000128963050820130700013166042589
0000128973050820130703012283239259
0000128983050820130703012380989410
0000128993050820130703012987837625
0000129003050820130703013115739582
0000129013050820130704016426312151
0000129023050820130704012835827627
0000129033050820130705012687336604
0000129043050820130705012550828676
0000129053050820130705013084967562
0000129063050820130705013145826629
0000129073050820130705012274771873
0000129083050820130706013341204546
0000129093050820130706013283694604
0000129103050820130706016034273510
0000129113050820130707012938212587
0000129123050820130708013221220625
0000129133050820130708012555174496
0000129143050820130708012959720565
0000129153050820130710013350901939
0000129163050820130711012613488605
0000129173050820130711019028175884
0000129183050820130711019028175884
0000129193050820130711012640964587
0000129203050820130713017045046764
0000129213050820130715010661988071
0000129223050820130716016992755006
0000129233050820130717012477403208
0000129243050820130724014368972275
0000129253050820130724012472079984
0000129263050820130724012357054974
0000129273050820130724013064808620
0000129283050820130724013109375604
0000129293050820130725013364583624
0000129303050820130727019035599597
0000129313050820130727012447648547
0000129323050820130729013182496548
0000129333050820130730013327971543
0000129343050820130732013401082603
0000129353050820130733013161621602
0000129363050820130735012447754835
0000129373050820130736012623352609
0000129383050820130743013369017600
0000129393050820130807013332112561
0000129403050820130814013172115541
0000129413050820130818011497117148
0000129423050820130818012537757965
0000129433050820130818013346415626
0000129443050820130827013445927773
0000129453050820130850012669365606
0000129463050820130909018054856240
0000139533050820131409012951973669
0000143523050820131716012537757965
0000143533050820131717013346415626
0000145593050820131726013172115541
0000145603050820131751018054856240
0000145613050820131800012996148543
0000145623050820131802012669365606
0000145633050820131809013228264547
0000145643050820131826013445927773
0000145653050820131829012477389655
0000145663050820131839013084967562
0000145673050820131846019012657825
0000145683050820131846016271900195
0000145693050820131849020765659403
0000145703050820131855012742113608
0000145713050820131855016558907977
0000145723050820131855012525180846
0000145733050820131856013399809629
0000145743050820131900012670677624
0000145753050820131904012555174496
0000145763050820131905012951973669
0000145773050820131906014270490272
0000145783050820131908012687336604
0000145793050820131910012381030443
0000145803050820131912012987837625
0000145813050820131914012447754835
0000145823050820131919013340472628
0000145833050820131924013369017600
0000145843050820131926016426312151
0000145853050820131927013109375604
0000145863050820131938012959720565
0000145873050820131950013399256603
0000145883060820130632012176362731
0000145893060820130635020107848044
0000145903060820130642010728402499
0000145913060820130648013248433565
0000145923060820130648012606067608
0000145933060820130649013115739582
0000145943060820130649012780072581
0000145953060820130652012899058624
0000145963060820130654013089592583
0000145973060820130654012760305580
0000145983060820130655020765659403
0000145993060820130656013182496548
0000146003060820130657016271900195
0000146013060820130657012435260174
0000146023060820130658012660972623
0000146033060820130658012995385568
0000146043060820130658012193107221
0000146053060820130659012738213628
0000146063060820130700013221220625
0000146073060820130700012044908095
0000146083060820130700013216582603
0000146093060820130701012788517620
0000146103060820130701012538029483
0000146113060820130701013125683628
0000146123060820130702016208924457
0000146133060820130703012413665465
0000146143060820130704019012657825
0000146153060820130704012447754835
0000146163060820130705016558907977
0000146173060820130705012802922116
0000146183060820130706012835827627
0000146193060820130706012477389655
0000146203060820130706012742113608
0000146213060820130706020412059058
0000146223060820130707012787840584
0000146233060820130707012037738465
0000146243060820130707013161621602
0000146253060820130708013166042589
0000146263060820130709013084967562
0000146273060820130710019028175884
0000146283060820130710019028175884
0000146293060820130711012996148543
0000146303060820130711012477246072
0000146313060820130711012965194608
0000146323060820130712012381030443
0000146333060820130715012525180846
0000146343060820130720013399809629
0000146353060820130721018221290284
0000146363060820130724012371540775
0000146373060820130741019000623483
0000146383060820130742013340472628
0000146393060820130744013369017600
0000146403060820130753016992755006
0000146413060820130757013172115541
0000146423060820130809012781811078
0000146433060820130810015853828278
0000146443060820130818012537757965
0000146453060820130818013346415626
0000146463060820130820018054856240
0000146473060820130828019026460158
0000146483060820130828019026460158
0000146493060820130835012669365606
0000146503060820131056012951973669
0000146513060820131503013445927773
