0000301133300920131734013346415626
0000301143300920131735012669365606
0000301153300920131736012537757965
0000301163300920131737013445927773
0000301173300920131805012205303491
0000301183300920131833021030657426
0000301193300920131839013319746587
0000301203300920131839012996148543
0000301213300920131842012525180846
0000301223300920131842012754312546
0000301233300920131848016271900195
0000301243300920131851020427186484
0000301253300920131851016558907977
0000301263300920131900012951973669
0000301273300920131900013112637568
0000301283300920131900013104205549
0000301293300920131901012772235582
0000301303300920131901012381030443
0000301313300920131901012897151562
0000301323300920131902012687336604
0000301333300920131902012538029483
0000301343300920131903013401082603
0000301353300920131909015158560637
0000301363300920131909012555174496
0000301373300920131911013340472628
0000301383300920131914013109375604
0000301393300920131914013109375604
0000301403300920131922013389894585
0000301413300920131926014270490272
0000301423300920131928016426312151
0000301433300920132006013399256603
0000301443300920132138013153387302
0000301453011020130624013173312626
0000301463011020130634012176362731
0000301473011020130637012851794606
0000301483011020130640012827643563
0000301493011020130641012970305609
0000301503011020130644012805580623
0000301513011020130651013115739582
0000301523011020130654012899058624
0000301533011020130655012044908095
0000301543011020130656012780072581
0000301553011020130657013204773549
0000301563011020130658020765841783
0000301573011020130658012606067608
0000301583011020130659019024197840
0000301593011020130659012738213628
0000301603011020130700012525180846
0000301613011020130700021030657426
0000301623011020130700012334465153
0000301633011020130701012645519581
0000301643011020130701012802922116
0000301653011020130701013216582603
0000301663011020130701014270490272
0000301673011020130701016558907977
0000301683011020130702012550828676
0000301693011020130702012754312546
0000301703011020130702012654819606
0000301713011020130702012380364666
0000301723011020130702012938212587
0000301733011020130703012717311604
0000301743011020130703012334764118
0000301753011020130703013209558565
0000301763011020130703016271900195
0000301773011020130704012484753057
0000301783011020130704012484753057
0000301793011020130704018111187594
0000301803011020130705012381030443
0000301813011020130706012413665465
0000301823011020130706012090266823
0000301833011020130707019006769099
0000301843011020130710012612285565
0000301853011020130710010117312573
0000301863011020130711012371540775
0000301873011020130711013109375604
0000301883011020130712019035019531
0000301893011020130714012875834624
0000301903011020130715013112637568
0000301913011020130715020762577953
0000301923011020130719012788517620
0000301933011020130724013328164625
0000301943011020130736019000623483
0000301953011020130742012781811078
0000301963011020130745013340472628
0000301973011020130749013369017600
0000301983011020130802012205303491
0000301993011020130814012951973669
0000302003011020130815012537757965
0000302013011020130815013346415626
0000302023011020130816012669365606
0000302033011020130823016992755006
0000302043011020130852013445927773
0000302053011020130904019026460158
0000302063011020130907017015654626
0000302073011020131650017015654626
0000302083011020131737012669365606
0000302093011020131755012537757965
0000302103011020131807013445927773
0000302113011020131832010661988071
0000302123011020131841012640964587
0000302133011020131844013283694604
0000302143011020131849012875834624
0000302153011020131849013399809629
0000302163011020131854012176362731
0000302173011020131858012044908095
0000302183011020131901012738213628
0000302193011020131903013064808620
0000302203011020131906013115739582
0000302213011020131910013216582603
0000302223011020131921012781811078
0000302233011020131921013339566584
0000302243011020131934013204773549
0000302253011020131939013465354817
0000302263011020131951019026460158
0000302273011020132008019041061420
0000302283011020132008018054342492
0000302293011020132023012205303491
0000302303011020132205013328164625
0000302313011020132205013328164625
0000302323011020132209013248433565
0000302333021020130635011696742131
0000302343021020130636016559837492
0000302353021020130639018221431686
0000302363021020130640012093421471
0000302373021020130641013359379607
0000302383021020130642012631147547
0000302393021020130647012897151562
0000302403021020130648012538029483
0000302413021020130648012184372198
0000302423021020130648012996148543
0000302433021020130650014205344267
0000302443021020130651012687336604
0000302453021020130651012938212587
0000302463021020130652012555174496
0000302473021020130652013341212603
0000302483021020130654012672055582
0000302493021020130654013283694604
0000302503021020130655012413664892
0000302513021020130655020412059058
0000302523021020130656010661988071
0000302533021020130658013339566584
0000302543021020130658015158560637
0000302553021020130659012115330732
0000302563021020130700012851794606
0000302573021020130700018111187594
0000302583021020130701012867217581
0000302593021020130701012334764118
0000302603021020130702013302245563
0000302613021020130703012978377625
0000302623021020130704012827643563
0000302633021020130704012640964587
0000302643021020130705010800328040
0000302653021020130707012090266823
0000302663021020130707020765841783
0000302673021020130707013399809629
0000302683021020130707013216782602
0000302693021020130708012805580623
0000302703021020130711013173312626
0000302713021020130711012413665465
0000302723021020130711012550828676
0000302733021020130712012970305609
0000302743021020130716012606067608
0000302753021020130719012780072581
0000302763021020130719012899058624
0000302773021020130721012788517620
0000302783021020130722013032643561
0000302793021020130728013109375604
0000302803021020130730013369017600
0000302813021020130740019000623483
0000302823021020130740016426312151
0000302833021020130742013064808620
0000302843021020130812015783929275
0000302853021020130817012669365606
0000302863021020130817012669365606
0000302873021020130819012537757965
0000302883021020130820013346415626
0000302893021020130821013445927773
0000302903021020130844012951973669
0000302913021020131733012537757965
0000302923021020131741012669365606
0000302933021020131744013445927773
0000302943021020131745013346415626
0000302953021020131838016558907977
0000302963021020131840013261293585
0000302973021020131844019012657825
0000302983021020131850016271900195
0000302993021020131856013302245563
0000303003021020131856013032643561
0000303013021020131859019000623483
0000303023021020131900015783929275
0000303033021020131901012687336604
0000303043021020131901012897151562
0000303053021020131905012525180846
0000303063021020131905012754312546
0000303073021020131906012555174496
0000303083021020131907015158560637
0000303093021020131910019027172210
0000303103021020131916015853828278
0000303113021020131916012781811078
0000303123021020131917012381030443
0000303133021020131932013109375604
0000303143021020131932016426312151
0000303153021020131936015900373278
0000303163021020132032012205303491
0000303173031020130626012472079984
0000303183031020130626013364583624
0000303193031020130626017045046764
0000303203031020130635012176362731
0000303213031020130640013209558565
0000303223031020130642013327971543
0000303233031020130642021030657426
0000303243031020130645012588967584
0000303253031020130645012827643563
0000303263031020130651013204773549
0000303273031020130651013145826629
0000303283031020130651012044908095
0000303293031020130652012484753057
0000303303031020130652014368972275
0000303313031020130652013341212603
0000303323031020130655019012657825
0000303333031020130655013399809629
0000303343031020130656013399809629
0000303353031020130656013399809629
0000303363031020130658012929874564
0000303373031020130658012381030443
0000303383031020130659012835827627
0000303393031020130659019035599597
0000303403031020130700012672055582
0000303413031020130701018221431686
0000303423031020130701013359379607
0000303433031020130701012413664892
0000303443031020130703012867217581
0000303453031020130703016559837492
0000303463031020130703012754312546
0000303473031020130703012978377625
0000303483031020130704016558907977
0000303493031020130705012631147547
0000303503031020130705013203260602
0000303513031020130705013084967562
0000303523031020130705016271900195
0000303533031020130705013115739582
0000303543031020130705013261293585
0000303553031020130706012996148543
0000303563031020130707012357054974
0000303573031020130707012703576562
0000303583031020130707013112637568
0000303593031020130710020412059058
0000303603031020130710012477389655
0000303613031020130711013332112561
0000303623031020130712012093421471
0000303633031020130713013216582603
0000303643031020130713011696742131
0000303653031020130713019011902834
0000303663031020130713010800328040
0000303673031020130713010800328040
0000303683031020130715013053302623
0000303693031020130716012184372198
0000303703031020130717010606179051
0000303713031020130719012525180846
0000303723031020130720015900373278
0000303733031020130723012115330732
0000303743031020130727013369017600
0000303753031020130734012776030543
0000303763031020130816013346415626
0000303773031020130817012537757965
0000303783031020130822013445927773
0000303793031020130852012669365606
0000303803031020130902017015654626
0000303813031020130903013357909609
0000303823031020130906012205303491
0000303833031020130935013328164625
0000306133031020131557012816305564
0000306143031020131718012669365606
0000306153031020131834012640964587
0000306163031020131842018221431686
0000306173031020131845012672055582
0000306183031020131845012606067608
0000306193031020131845013283694604
0000306203031020131853013209558565
0000306213031020131855012044908095
0000306223031020131856012447648547
0000306233031020131856010606179051
0000306243031020131856013357909609
0000306253031020131856013203260602
0000306263031020131857021030657426
0000306273031020131857012816305564
0000306283031020131858012176362731
0000306293031020131858012537757965
0000306303031020131859013053302623
0000306313031020131900013115739582
0000306323031020131903013328164625
0000306333031020131903013064808620
0000306343031020131903013332112561
0000306353031020131904013216582603
0000306363031020131905012760305580
0000306373031020131905019035599597
0000306383031020131905012827643563
0000306393031020131907012484753057
0000306403031020131921013248433565
0000306413031020131928013204773549
0000306423031020131943013445927773
0000306433031020131946018054342492
0000306443031020131948019011902834
0000306453031020132014019041061420
0000306463031020132048010661988071
0000306473031020132113012205303491
0000306483041020130639012538029483
0000306493041020130639020766123841
0000306503041020130646013221220625
0000306513041020130647012555174496
0000306523041020130648012687336604
0000306533041020130650012905230586
0000306543041020130650020023934683
0000306553041020130650012703576562
0000306563041020130651012037738465
0000306573041020130651012897151562
0000306583041020130654013283694604
0000306593041020130656013166042589
0000306603041020130656010806944681
0000306613041020130656012274771873
0000306623041020130656011696742131
0000306633041020130658010661988071
0000306643041020130659013228264547
0000306653041020130701013287856293
0000306663041020130701012588967584
0000306673041020130701018221431686
0000306683041020130703013084967562
0000306693041020130703012672055582
0000306703041020130703015158560637
0000306713041020130704017045046764
0000306723041020130705016558907977
0000306733041020130705013399809629
0000306743041020130707013161621602
0000306753041020130707010606179051
0000306763041020130708012613488605
0000306773041020130709012835827627
0000306783041020130709013717157778
0000306793041020130710020059340368
0000306803041020130710013145826629
0000306813041020130713012760305580
0000306823041020130715012447648547
0000306833041020130715014368972275
0000306843041020130715012472079984
0000306853041020130715019011902834
0000306863041020130716013182496548
0000306873041020130716013364583624
0000306883041020130716012357054974
0000306893041020130717012477389655
0000306903041020130719013327971543
0000306913041020130722012645519581
0000306923041020130722013248433565
0000306933041020130723017015654626
0000306943041020130733012606067608
0000306953041020130740017016186545
0000306963041020130741020638222952
0000306973041020130741012669365606
0000306983041020130747012205303491
0000306993041020130759015900373278
0000307003041020130810013341204546
0000307013041020130817013346415626
0000307023041020130817012537757965
0000307033041020130916013328164625
0000307043041020131726012669365606
0000307053041020131726012669365606
0000307063041020131728013346415626
0000307073041020131732012537757965
0000307083041020131845013261293585
0000307093041020131855010109237835
0000307103041020131856012754312546
0000307113041020131857013109375604
0000307123041020131859012959720565
0000307133041020131900016271900195
0000307143041020131900012687336604
0000307153041020131900010606179051
0000307163041020131900012897151562
0000307173041020131901012538029483
0000307183041020131901012555174496
0000307193041020131902016558907977
0000307203041020131903013221220625
0000307213041020131906012381030443
0000307223041020131907015900373278
0000307233041020131910013328164625
0000307243041020131912015158560637
0000307253041020131914016426312151
0000307263041020131915012477389655
0000307273041020131933012205303491
0000307283041020131958019012657825
0000307293051020130058019011902834
0000307303051020130624020766123841
0000307313051020130630012176362731
0000307323051020130638018221290284
0000307333051020130640020107848044
0000307343051020130640010027963389
0000307353051020130645020728187471
0000307363051020130645013209558565
0000307373051020130646012447648547
0000307383051020130646012672055582
0000307393051020130646013115739582
0000307403051020130647012477246072
0000307413051020130647021030657426
0000307423051020130648012537141441
0000307433051020130650013287856293
0000307443051020130651012381030443
0000307453051020130652012760305580
0000307463051020130653012787840584
0000307473051020130654012435260174
0000307483051020130654012193107221
0000307493051020130655012044908095
0000307503051020130656012738213628
0000307513051020130657020638222952
0000307523051020130658010728402499
0000307533051020130659013204773549
0000307543051020130700012477389655
0000307553051020130700012037738465
0000307563051020130701016271900195
0000307573051020130701012660972623
0000307583051020130701013228264547
0000307593051020130701012754312546
0000307603051020130701013261293585
0000307613051020130704012413665465
0000307623051020130705010806944681
0000307633051020130705019038066271
0000307643051020130706020412059058
0000307653051020130706020412059058
0000307663051020130707017016186545
0000307673051020130707012274771873
0000307683051020130707020023934683
0000307693051020130707012905230586
0000307703051020130708019012657825
0000307713051020130708012995385568
0000307723051020130708013341204546
0000307733051020130709012959720565
0000307743051020130711013084967562
0000307753051020130711013166042589
0000307763051020130712010109237835
0000307773051020130714013161621602
0000307783051020130715013182496548
0000307793051020130716016426312151
0000307803051020130719019011902834
0000307813051020130725013717157778
0000307823051020130736013216582603
0000307833051020130740020059340368
0000307843051020130803017015654626
0000307853051020130803019000623483
0000307863051020130803019000623483
0000307873051020131818013064808620
0000307883051020131837013248433565
0000307893051020131838010661988071
0000307903051020131841012835827627
0000307913051020131843013204773549
0000307923051020131847012965194608
0000307933051020131848013125683628
0000307943051020131848013283694604
0000307953051020131851013209558565
0000307963051020131852021030657426
0000307973051020131853020412059058
0000307983051020131855013115739582
0000307993051020131856012176362731
0000308003051020131857013084967562
0000308013051020131859012044908095
0000308023051020131900012413665465
0000308033051020131900012413665465
0000308043051020131901012447648547
0000308053051020131907013089592583
0000308063051020131907013216582603
0000308073051020131908012606067608
0000308083051020131908019000623483
0000308093051020131927015195158278
0000308103061020130632012897151562
0000308113061020130634019024197840
0000308123061020130636012380364666
0000308133061020130637012827643563
0000308143061020130646012938212587
0000308153061020130649012623352609
0000308163061020130651012334465153
0000308173061020130651012538029483
0000308183061020130653012283239259
0000308193061020130653010661988071
0000308203061020130653018221431686
0000308213061020130654012645519581
0000308223061020130654012687336604
0000308233061020130655019035019531
0000308243061020130656012738213628
0000308253061020130700013283694604
0000308263061020130700013248433565
0000308273061020130701012555174496
0000308283061020130701015158560637
0000308293061020130701012612285565
0000308303061020130701020412059058
0000308313061020130701012965194608
0000308323061020130701020107848044
0000308333061020130702013125683628
0000308343061020130702012995385568
0000308353061020130702012660972623
0000308363061020130702013112637568
0000308373061020130702010027963389
0000308383061020130703012537141441
0000308393061020130703012816305564
0000308403061020130704012435260174
0000308413061020130704012787840584
0000308423061020130705010728402499
0000308433061020130705012717311604
0000308443061020130708012835827627
0000308453061020130709012380989410
0000308463061020130709012760305580
0000308473061020130709013089592583
0000308483061020130711018221290284
0000308493061020130712015774279271
0000308503061020130713019027172210
0000308513061020130714015195158278
0000308523061020130714013341204546
0000308533061020130716012193107221
0000308543061020130716012477389655
0000308553061020130717020728187471
0000308563061020130717016426312151
0000308573061020130718012413665465
0000308583061020130720011974148372
0000308593061020130720013109375604
0000308603061020130722012606067608
0000308613061020130738019011902834
0000308623061020130739011497117148
0000308633061020130757019038066271
0000308643061020130810013064808620
0000308653061020130812019011902834
0000308663061020131843012996148543
0000308673061020131846019012657825
0000308683061020131854013161621602
0000308693061020131854019035019531
0000308703061020131855016271900195
0000308713061020131856012525180846
0000308723061020131857019027172210
0000308733061020131858012938212587
0000308743061020131902012687336604
0000308753061020131902012897151562
0000308763061020131902012538029483
0000308773061020131903011974148372
0000308783061020131903012381030443
0000308793061020131904015158560637
0000308803061020131904012827643563
0000308813061020131906012555174496
0000308823061020131913013109375604
0000308833061020131924013104205549
0000308843061020131924016426312151
0000308853061020131927012754312546
0000308863071020130626012631147547
0000308873071020130633013173312626
0000308883071020130640012827643563
0000308893071020130640012851794606
0000308903071020130642012176362731
0000308913071020130644012371540775
0000308923071020130647012519156092
0000308933071020130648012970305609
0000308943071020130649012550828676
0000308953071020130650013209558565
0000308963071020130652012875834624
0000308973071020130654013204773549
0000308983071020130658012044908095
0000308993071020130659019044769777
0000309003071020130659012381030443
0000309013071020130659019012657825
0000309023071020130659012805580623
0000309033071020130700016271900195
0000309043071020130700012334465153
0000309053071020130702013084967562
0000309063071020130702018111187594
0000309073071020130702012413665465
0000309083071020130703013112637568
0000309093071020130703012525180846
0000309103071020130704012477389655
0000309113071020130704012477389655
0000309123071020130704012645519581
0000309133071020130705012802922116
0000309143071020130705012283239259
0000309153071020130706021030657426
0000309163071020130706012717311604
0000309173071020130707013115739582
0000309183071020130709013341204546
0000309193071020130710012996148543
0000309203071020130710012334764118
0000309213071020130710016992755006
0000309223071020130712019006769099
0000309233071020130714012772235582
0000309243071020130716012090266823
0000309253071020130716013104205549
0000309263071020130716020412059058
0000309273071020130717013161621602
0000309283071020130717019024197840
0000309293071020130726012380364666
0000309303071020130731012380989410
0000309313071020130732020427186484
0000309323071020130733012623352609
0000309333071020130734012816305564
0000309343071020130743013369017600
0000309353071020130743013389894585
0000309363071020130746012205303491
0000309373071020130810012951973669
0000309383071020130814012537757965
0000309393071020130814013346415626
0000309403071020130823018221431686
0000309413071020130825013445927773
0000309423071020130825012669365606
0000309473071020131800012537757965
0000309483071020131803013346415626
0000309493071020131805012669365606
0000309503071020131805012669365606
0000309513071020131816012205303491
0000309523071020131816010661988071
0000309533071020131839013248433565
0000309543071020131839012640964587
0000309553071020131842012606067608
0000309563071020131849013283694604
0000309573071020131851013064808620
0000309583071020131854012176362731
0000309593071020131855021030657426
0000309603071020131857013209558565
0000309613071020131900013204773549
0000309623071020131901014270490272
0000309633071020131902012772235582
0000309643071020131902013445927773
0000309653071020131905020427186484
0000309663071020131906012631147547
0000309673071020131908012477389655
0000309683071020131911012938212587
0000309693071020131911013084967562
0000309703071020131912013115739582
0000309713071020131913020765841783
0000309723071020131921012044908095
0000309733071020131923013153387302
0000309743071020131928013399256603
0000309753071020131931013340472628
0000309763071020131950013389894585
0000309773071020132005013465354817
0000309783081020130626012897151562
0000309793081020130639012631147547
0000309803081020130642016559837492
0000309813081020130642013359379607
0000309823081020130642020412059058
0000309833081020130650012996148543
0000309843081020130650013399809629
0000309853081020130652012938212587
0000309863081020130654012875834624
0000309873081020130654015158560637
0000309883081020130654018221431686
0000309893081020130655012555174496
0000309903081020130656012687336604
0000309913081020130656012623352609
0000309923081020130657011696742131
0000309933081020130657012184372198
0000309943081020130657012867217581
0000309953081020130658013283694604
0000309963081020130658012640964587
0000309973081020130658012899058624
0000309983081020130659012538029483
0000309993081020130659012413664892
0000310003081020130659013173312626
0000310013081020130659012970305609
0000310023081020130659019006769099
0000310033081020130700010661988071
0000310043081020130701012851794606
0000310053081020130701013248433565
0000310063081020130701018111187594
0000310073081020130702012334764118
0000310083081020130705013216782602
0000310093081020130706012780072581
0000310103081020130706014270490272
0000310113081020130706012827643563
0000310123081020130708020765841783
0000310133081020130708012805580623
0000310143081020130708012805580623
0000310153081020130714012550828676
0000310163081020130715012090266823
0000310173081020130717012413665465
0000310183081020130717012802922116
0000310193081020130720012978377625
0000310203081020130720012606067608
0000310213081020130721016426312151
0000310223081020130732013328164625
0000310233081020130733013328164625
0000310243081020130741013064808620
0000310253081020130746019000623483
0000310263081020130749012371540775
0000310273081020130756013369017600
0000310283081020130759012205303491
0000310293081020130811013445927773
0000310303081020130814012537757965
0000310313081020130814013346415626
0000310323081020130816015853828278
0000310333081020130816012781811078
0000310343081020130818016992755006
0000310353081020130831012951973669
0000310363081020130834013340472628
0000314883081020130913012918515568
0000314893081020130918017015654626
0000314913081020131626017015654626
0000314923081020131716012537757965
0000314933081020131718013346415626
0000314943081020131721013445927773
