0000083903310720131726012978754585
0000083913310720131726013346415626
0000083923310720131753018054856240
0000083933310720131822015853828278
0000083943310720131822012781811078
0000083953310720131840012640964587
0000083963310720131844013283694604
0000083973310720131852013115739582
0000083983310720131853012606067608
0000083993310720131854010661988071
0000084003310720131855012176362731
0000084013310720131857013248433565
0000084023310720131858012538029483
0000084033310720131859013216582603
0000084043310720131901013302245563
0000084053310720131904012044908095
0000084063310720131904013032643561
0000084073310720131920012477403208
0000084083310720131920013261293585
0000084093010820130622012447756730
0000084103010820130625019024197840
0000084113010820130639012919610602
0000084123010820130646012687336604
0000084133010820130648021030657426
0000084143010820130648012717311604
0000084153010820130652012612285565
0000084163010820130653012555174496
0000084173010820130654012484753057
0000084183010820130655013115739582
0000084193010820130655012380364666
0000084203010820130655012741695565
0000084213010820130655012588967584
0000084223010820130656012703576562
0000084233010820130657013283694604
0000084243010820130658013049770626
0000084253010820130801012978754585
0000084263010820130802013328164625
0000084273010820130802013109375604
0000084283010820130802016426312151
0000084293010820130804013445927773
0000084303010820130804012478711763
0000084313010820130811019011902834
0000084323010820130815012537757965
0000084333010820130816013346415626
0000084373010820130823013203260602
0000084383010820130835018054856240
0000084393010820130843012669365606
0000084433010820130854013357909609
0000088353010820131009010800328040
