0000371543291120131717013445927773
0000371553291120131719012413665465
0000371563291120131729012669365606
0000371573291120131809012645519581
0000371583291120131809012274771873
0000371593291120131847013209558565
0000371603291120131854013112637568
0000371613291120131857012538029483
0000371623291120131858012044908095
0000371633291120131858021030657426
0000371643291120131858012672055582
0000371653291120131900016558907977
0000371663291120131903015158560637
0000371673291120131904010606179051
0000371683291120131904010606179051
0000371693291120131904012525180846
0000371703291120131906012897151562
0000371713291120131907019035019531
0000371723291120131908013084967562
0000371733291120131910013084967562
0000371743291120131912019012657825
0000371753291120131914019012657825
0000371763291120131914019012657825
0000371773291120131915012555174496
0000371783291120131915012484753057
0000371793291120131915016271900195
0000371803291120131928013353551602
0000371813291120131930012477389655
0000371823291120131944016426312151
0000371833291120132143012381030443
0000371843301120130603013353551602
0000371853301120130632012970305609
0000371863301120130644012334465153
0000371873301120130647019012657825
0000371883301120130648012550828676
0000371893301120130650013399809629
0000371903301120130651012827643563
0000371913301120130651012805580623
0000371923301120130651012687336604
0000371933301120130651013115739582
0000371943301120130652020765841783
0000371953301120130652020728187471
0000371963301120130653012938212587
0000371973301120130653010027963389
0000371983301120130654018111187594
0000371993301120130654012537141441
0000372003301120130654012654819606
0000372013301120130656013173312626
0000372023301120130657012380364666
0000372033301120130657012184372198
0000372043301120130659012090266823
0000372053301120130659020638222952
0000372063301120130700010863443432
0000372073301120130700012274771873
0000372083301120130700010117312573
0000372093301120130700017016186545
0000372103301120130701013209558565
0000372113301120130701012381030443
0000372123301120130702012555174496
0000372133301120130702013204773549
0000372143301120130702013112637568
0000372153301120130703013216582603
0000372163301120130704019024197840
0000372173301120130707012477389655
0000372183301120130707012477389655
0000372193301120130707019011902834
0000372203301120130707012717311604
0000372213301120130708013104205549
0000372223301120130709012044908095
0000372233301120130709012413665465
0000372243301120130709013387802543
0000372253301120130710013287856293
0000372263301120130711012333401038
0000372273301120130714012875834624
0000372283301120130715013319746587
0000372293301120130716012525180846
0000372303301120130718013341204546
0000372313301120130719012612285565
0000372323301120130719012672055582
0000372333301120130723018221431686
0000372343301120130726014491135939
0000372353301120130740019038066271
0000372363301120130746019000623483
0000372373301120130752012334764118
0000372383301120130803020059340368
0000372393301120130805012490932707
0000372403301120131825010661988071
0000372413301120131836013261293585
0000372423301120131837012176362731
0000372433301120131851013109375604
0000372443301120131858013064808620
0000372453301120131900013387802543
0000372463301120131902019000623483
0000372473301120131902010863443432
0000372483301120131902012672055582
0000372493301120131903014491135939
0000372503301120131904013115739582
0000372513301120131909013204773549
0000372523301120131911012477389655
0000372533301120131912012640964587
0000372543301120131917012687336604
0000372553301120131924012970305609
0000372563301120131928013216582603
0000372573301120131946013465354817
0000372583301120131951015195158278
0000372593301120132155012490932707
0000372603011220130624012093421471
0000372613011220130624013364583624
0000372623011220130632016426312151
0000372633011220130648012623352609
0000372643011220130649016558907977
0000372653011220130649012283239259
0000372663011220130652012507549248
0000372673011220130652016271900195
0000372683011220130653020412059058
0000372693011220130654011696742131
0000372703011220130654016559837492
0000372713011220130655021030657426
0000372723011220130655012176362731
0000372733011220130655012631147547
0000372743011220130655012996148543
0000372753011220130659012867217581
0000372763011220130659010661988071
0000372773011220130659013112637568
0000372783011220130700013261293585
0000372793011220130701012897151562
0000372803011220130704012978377625
0000372813011220130704012380989410
0000372823011220130704012827643563
0000372833011220130705012875834624
0000372843011220130705018111187594
0000372853011220130706012938212587
0000372863011220130707012550828676
0000372873011220130707012413665465
0000372883011220130708012772235582
0000372893011220130709012477389655
0000372903011220130709018221431686
0000372913011220130710013173312626
0000372923011220130710012334465153
0000372933011220130711012333401038
0000372943011220130712012184372198
0000372953011220130712012334764118
0000372963011220130712012090266823
0000372973011220130712012538029483
0000372983011220130713012537141441
0000372993011220130716012413664892
0000373003011220130717020728187471
0000373013011220130718010027963389
0000373023011220130722012976884589
0000373033011220130723015774279271
0000373043011220130724012640964587
0000373053011220130726013109375604
0000373063011220130731013399809629
0000373073011220130736015195158278
0000373083011220130736015158560637
0000373093011220130736011974148372
0000373103011220130742012805580623
0000373113011220130742020765841783
0000373123011220130751013064808620
0000373133011220130753013341204546
0000373143011220130801013465354817
0000373153011220130808012672055582
0000373163011220130808012672055582
0000373173011220130823019038066271
0000373183011220130914013340472628
0000373193011220131857013209558565
0000373203011220131858011497117148
0000373213011220131858021030657426
0000373223011220131858012905230586
0000373233011220131859013112637568
0000373243011220131900012897151562
0000373253011220131900012538029483
0000373263011220131900012413664892
0000373273011220131901012044908095
0000373283011220131902016558907977
0000373293011220131902012525180846
0000373303011220131902019012657825
0000373313011220131903016271900195
0000373323011220131905013341204546
0000373333011220131907019024197840
0000373343011220131909012555174496
0000373353011220131911012381030443
0000373363011220131912012672055582
0000373373011220131914016426312151
0000373383011220131914013216782602
0000373393011220131914015158560637
0000373403011220131918019027172210
0000373413011220131923013161621602
0000373423011220131924012978377625
0000373433011220131929011974148372
0000373443011220131942012760305580
0000373453011220131949012477389655
0000373463011220131950013340472628
0000373473021220130632012472079984
0000373483021220130635013387802543
0000373493021220130635019012657825
0000373503021220130641012802922116
0000373513021220130645012371540775
0000373523021220130646012687336604
0000373533021220130649013327971543
0000373543021220130653012519156092
0000373553021220130654012447754835
0000373563021220130656013332112561
0000373573021220130656014368972275
0000373583021220130657012772235582
0000373593021220130659013204773549
0000373603021220130659012381030443
0000373613021220130659013399809629
0000373623021220130700010863443432
0000373633021220130700012283239259
0000373643021220130702012905230586
0000373653021220130702019024197840
0000373663021220130702013216782602
0000373673021220130702013209558565
0000373683021220130703012867217581
0000373693021220130705013261293585
0000373703021220130705013359379607
0000373713021220130705012996148543
0000373723021220130705012631147547
0000373733021220130706013145826629
0000373743021220130706012413665465
0000373753021220130707013161621602
0000373763021220130707012555174496
0000373773021220130710012093421471
0000373783021220130711012835827627
0000373793021220130711012525180846
0000373803021220130712013084967562
0000373813021220130713013112637568
0000373823021220130715019035599597
0000373833021220130717011696742131
0000373843021220130718020059340368
0000373853021220130718020412059058
0000373863021220130722012760305580
0000373873021220130723012044908095
0000373883021220130727012623352609
0000373893021220130728013216582603
0000373903021220130735012357054974
0000373913021220130735013364583624
0000373923021220130746018221431686
0000373933021220130748016559837492
0000373943021220130748012507549248
0000373953021220130748013369017600
0000373963021220130752019027172210
0000373973021220130754020155059615
0000373983021220130759012380989410
0000373993021220130806012951973669
0000374003021220130812012537757965
0000374013021220130817013445927773
0000374363021220130930012477246072
0000374393021220130932019020200863
0000374403021220131301011722716058
0000374413021220131305015195158278
0000374423021220131345013445927773
0000374433021220131712012537757965
0000374443021220131727012413665465
0000374453021220131831010661988071
0000374463021220131832012176362731
0000374473021220131833012640964587
0000374483021220131840013064808620
0000374493021220131846013115739582
0000374503021220131854012447648547
0000374513021220131855014270490272
0000374523021220131856013387802543
0000374533021220131857012827643563
0000374543021220131901010863443432
0000374553021220131902015195158278
0000374563021220131902013109375604
0000374573021220131902013216582603
0000374583021220131903013112637568
0000374593021220131905012687336604
0000374603021220131905013261293585
0000374613021220131907013204773549
0000374623021220131919013346415626
0000374633021220131919012669365606
0000374643021220131922012477246072
0000374653021220131928013153387302
0000374663021220131940012951973669
0000374673021220131951020155059615
0000374683021220131951019020200863
0000374693021220132146013332112561
0000374703021220132200013340472628
0000374713031220130647012037738465
0000374723031220130647012687336604
0000374733031220130649012613488605
0000374743031220130650012274771873
0000374753031220130650013166042589
0000374763031220130650016271900195
0000374773031220130654012899058624
0000374783031220130655012987837625
0000374793031220130655012780072581
0000374803031220130657014270490272
0000374813031220130659010109237835
0000374823031220130700013115739582
0000374833031220130700015158560637
0000374843031220130700011696742131
0000374853031220130701013182496548
0000374863031220130701013145826629
0000374873031220130701012788517620
0000374883031220130701013161621602
0000374893031220130702013084967562
0000374903031220130703013221220625
0000374913031220130703013340472628
0000374923031220130704010661988071
0000374933031220130704012835827627
0000374943031220130704013327971543
0000374953031220130705012905230586
0000374963031220130705013717157778
0000374973031220130705016558907977
0000374983031220130705013359379607
0000374993031220130706013109375604
0000375003031220130706012918515568
0000375013031220130709012176362731
0000375023031220130709012802922116
0000375033031220130711012640964587
0000375043031220130712013399809629
0000375053031220130714012472079984
0000375063031220130715014368972275
0000375073031220130716012447648547
0000375083031220130717012827643563
0000375093031220130718019035599597
0000375103031220130719012371540775
0000375113031220130722012357054974
0000375123031220130723012538029483
0000375133031220130726012447754835
0000375143031220130729012413665465
0000375153031220130733013328164625
0000375163031220130748019000623483
0000375173031220130750012897151562
0000375183031220130756013369017600
0000375193031220130809020059340368
0000375203031220130815012537757965
0000375213031220130819012951973669
0000375223031220130820013346415626
0000375233031220130827012781811078
0000375243031220130827015853828278
0000375253031220130837013445927773
0000375263031220130900011722716058
0000375273031220131010019019769807
0000375283031220131257011722716058
0000377423031220131650013757241893
0000377433031220131723012537757965
0000377443031220131725012413665465
0000377453031220131728013445927773
0000377463031220131820013346415626
0000377473031220131844013209558565
0000377483031220131900015158560637
0000377493031220131901012538029483
0000377503031220131901021030657426
0000377513031220131901012525180846
0000377523031220131901012897151562
0000377533031220131901013112637568
0000377543031220131902016558907977
0000377553031220131903013161621602
0000377563031220131903013161621602
0000377573031220131903013161621602
0000377583031220131908011696742131
0000377593031220131911012044908095
0000377603031220131914012687336604
0000377613031220131917016271900195
0000377623031220131920012555174496
0000377633031220131925019000623483
0000377643031220131927015853828278
0000377653031220131927012781811078
0000377663031220131928012978377625
0000377673031220131932019045687766
0000377683031220131932012951973669
0000377693031220131947013382133295
0000377703031220131954012918515568
0000377713031220132011018054342492
0000377723031220132044013328164625
0000377733041220130634010863443432
0000377743041220130637013125683628
0000377753041220130641019012657825
0000377763041220130645012477246072
0000377773041220130649013216582603
0000377783041220130652010728402499
0000377793041220130652013204773549
0000377803041220130653020107848044
0000377813041220130655012995385568
0000377823041220130657013341212603
0000377833041220130657016426312151
0000377843041220130658012787840584
0000377853041220130659012965194608
0000377863041220130659012738213628
0000377873041220130700012660972623
0000377883041220130700012978377625
0000377893041220130700012555174496
0000377903041220130700016208924457
0000377913041220130702012115330732
0000377923041220130703012672055582
0000377933041220130704013209558565
0000377943041220130704013221220625
0000377953041220130704012037738465
0000377963041220130705012193107221
0000377973041220130705013166042589
0000377983041220130706010109237835
0000377993041220130706012525180846
0000378003041220130707012044908095
0000378013041220130708012788517620
0000378023041220130712012413665465
0000378033041220130712012905230586
0000378043041220130714010800328040
0000378053041220130715013032643561
0000378063041220130716013382133295
0000378073041220130716013089592583
0000378083041220130716012899058624
0000378093041220130717012274771873
0000378103041220130718012613488605
0000378113041220130718013182496548
0000378123041220130718013717157778
0000378133041220130718013112637568
0000378143041220130721013302245563
0000378153041220130721012760305580
0000378163041220130729018221290284
0000378173041220130731013115739582
0000378183041220130737012780072581
0000378193041220130745019045687766
0000378203041220130745015783929275
0000378213041220130758013369017600
0000378223041220130808012435260174
0000378233041220130809019000623483
0000378243041220130818013346415626
0000378253041220130833012951973669
0000378263041220131151013387802543
0000378273041220131703012413665465
0000378283041220131734013346415626
0000378293041220131829013064808620
0000378303041220131836012640964587
0000378313041220131838013261293585
0000378323041220131842012176362731
0000378333041220131852012477246072
0000378343041220131858012951973669
0000378353041220131859012447648547
0000378363041220131900013109375604
0000378373041220131901010863443432
0000378383041220131901013115739582
0000378393041220131904015783929275
0000378403041220131904013204773549
0000378413041220131905016426312151
0000378423041220131905013032643561
0000378433041220131906019000623483
0000378443041220131906013216582603
0000378453041220131914013387802543
0000378463041220131915019027172210
0000378473041220131919012477389655
0000378483041220131920013302245563
0000378493041220131930012781811078
0000378503041220131932015853828278
0000378513041220131940012760305580
0000378523051220130631019024197840
0000378533051220130642012654819606
0000378543051220130650012703576562
0000378553051220130652012965194608
0000378563051220130652012995385568
0000378573051220130654016271900195
0000378583051220130654012897151562
0000378593051220130655012538029483
0000378603051220130656018221431686
0000378613051220130656016558907977
0000378623051220130657012380364666
0000378633051220130657010117312573
0000378643051220130658012176362731
0000378653051220130658012484753057
0000378663051220130658012741695565
0000378673051220130659015158560637
0000378683051220130659013261293585
0000378693051220130700012717311604
0000378703051220130700016559843816
0000378713051220130700012115330732
0000378723051220130700013399809629
0000378733051220130700010728402499
0000378743051220130701013089592583
0000378753051220130701012193107221
0000378763051220130702013125683628
0000378773051220130702013104205549
0000378783051220130702013109375604
0000378793051220130703012738213628
0000378803051220130703012612285565
0000378813051220130704010806944681
0000378823051220130705012447648547
0000378833051220130706012787840584
0000378843051220130707013049770626
0000378853051220130708013053302623
0000378863051220130709012660972623
0000378873051220130710020762577953
0000378883051220130710012672055582
0000378893051220130711012588967584
0000378903051220130712013341212603
0000378913051220130712012640964587
0000378923051220130717013203260602
0000378933051220130717018221290284
0000378943051220130720019006769099
0000378953051220130723016208924457
0000378963051220130727012477389655
0000378973051220130729016426312151
0000378983051220130737012413665465
0000378993051220130739010606004081
0000379003051220130745019011902834
0000379013051220130746010800328040
0000379023051220130753013064808620
0000379033051220130759019027172210
0000379043051220130803013369017600
0000379053051220130809020107848044
0000379063051220130817012537757965
0000379073051220130826013346415626
0000379083051220130836013357909609
0000379093051220130938013328164625
0000379103051220131612011722716058
0000379113051220131711012413665465
0000379123051220131801011722716058
0000379133051220131833012996148543
0000379143051220131835013209558565
0000379153051220131842013346415626
0000379163051220131847012645519581
0000379173051220131848012525180846
0000379183051220131850021030657426
0000379193051220131854012827643563
0000379203051220131859020762577953
0000379213051220131900015158560637
0000379223051220131900012538029483
0000379233051220131900016558907977
0000379243051220131900016271900195
0000379253051220131901012897151562
0000379263051220131901013357909609
0000379273051220131901013203260602
0000379283051220131903012381030443
0000379293051220131904013053302623
0000379303051220131904013053302623
0000379313051220131906012717311604
0000379323051220131907013049770626
0000379333051220131908012555174496
0000379343051220131917019012657825
0000379353051220131927016426312151
0000379363051220131940019011902834
0000379373051220132006012044908095
0000379383061220130147013328164625
0000379393061220130630013173312626
0000379403061220130639012703576562
0000379413061220130643012970305609
0000379423061220130652013204773549
0000379433061220130652019012657825
0000379443061220130652012851794606
0000379453061220130653019006769099
0000379463061220130653012550828676
0000379473061220130653012334465153
0000379483061220130653012672055582
0000379493061220130653011497117148
0000379503061220130655010806944681
0000379513061220130656012687336604
0000379523061220130658012044908095
0000379533061220130700012875834624
0000379543061220130701019024197840
0000379553061220130702012555174496
0000379563061220130702012654819606
0000379573061220130703013287856293
0000379583061220130703012380364666
0000379593061220130704012090266823
0000379603061220130705012588967584
0000379613061220130705010800328040
0000379623061220130705013216582603
0000379633061220130705013387802543
0000379643061220130706012525180846
0000379653061220130707012413665465
0000379663061220130707010117312573
0000379673061220130708013112637568
0000379683061220130709012381030443
0000379693061220130709012741695565
0000379703061220130709018111187594
0000379713061220130709012645519581
0000379723061220130710013115739582
0000379733061220130710012507549248
0000379743061220130711010606004081
0000379753061220130711010863443432
0000379763061220130711012612285565
0000379773061220130716012484753057
0000379783061220130717012827643563
0000379793061220130718012477246072
0000379803061220130722019011902834
0000379813061220130723013399809629
0000379823061220130726013104205549
0000379833061220130728012413665465
0000379843061220130733010606179051
0000379853061220130737013341204546
0000379863061220130744016992755006
0000379873061220130747012805580623
0000379883061220130755012938212587
0000379893061220130801012996148543
0000379903061220130820013346415626
0000379913061220130820012537757965
0000379923061220130828020638222952
0000379933061220130830017016186545
0000379943061220130834018221431686
0000379953061220130839013445927773
0000379963061220131126011722716058
0000379973061220131444011722716058
0000379983061220131724012413665465
0000379993061220131746012537757965
0000380003061220131836012176362731
0000380013061220131844013261293585
0000380023061220131844012640964587
0000380033061220131849012447648547
0000380043061220131858013216582603
0000380053061220131900013115739582
0000380063061220131901010863443432
0000380073061220131903013112637568
0000380083061220131904012687336604
0000380093061220131905013204773549
0000380103061220131906016426312151
0000380113061220131907012776030543
0000380123061220131920012477246072
0000380133061220131923013387802543
0000380143061220131923013109375604
0000380153061220131934013353551602
0000380163061220131937013104205549
0000380173061220131937012875834624
0000380183061220131938010606179051
0000380193061220131944012672055582
0000380203061220131948010800328040
0000380213061220131956020765841783
0000380223061220132015013445927773
0000380233061220132017013465354817
0000380243071220130536013353551602
0000380253071220130634019024197840
0000380263071220130637013364583624
0000380273071220130638016559837492
0000380283071220130645012631147547
0000380293071220130647012867217581
0000380303071220130648012184372198
0000380313071220130648020728187471
0000380323071220130651012093421471
0000380333071220130651010027963389
0000380343071220130652012703576562
0000380353071220130655016558907977
0000380363071220130655013064808620
0000380373071220130656012772235582
0000380383071220130656018221431686
0000380393071220130656012537141441
0000380403071220130658012905230586
0000380413071220130659012176362731
0000380423071220130700013104205549
0000380433071220130701013261293585
0000380443071220130701012550828676
0000380453071220130701018111187594
0000380463071220130701012851794606
0000380473071220130702017016186545
0000380483071220130702013287856293
0000380493071220130702012938212587
0000380503071220130703019011902834
0000380513071220130703019011902834
0000380523071220130703012760305580
0000380533071220130704012334764118
0000380543071220130704012090266823
0000380553071220130705016271900195
0000380563071220130706013341204546
0000380573071220130706013216582603
0000380583071220130708013173312626
0000380593071220130708012413665465
0000380603071220130708012477389655
0000380613071220130711012640964587
0000380623071220130711012805580623
0000380633071220130711013109375604
0000380643071220130711020765841783
0000380653071220130712012447648547
0000380663071220130713012413664892
0000380673071220130714020638222952
0000380683071220130715021030657426
0000380693071220130718010728402499
0000380703071220130719012978377625
0000380713071220130719013465354817
0000380723071220130722012334465153
0000380733071220130724012538029483
0000380743071220130726016426312151
0000380753071220130746019038066271
0000380763071220130819012490932707
0000380773071220130835016992755006
0000380783071220130950014491135939
0000380793071220131854012525180846
0000380803071220131855012413665465
0000380813071220131857012827643563
0000380823071220131857013216582603
0000380833071220131857010728402499
0000380843071220131858012772235582
0000380853071220131858012905230586
0000380863071220131858020412059058
0000380873071220131858012044908095
0000380883071220131859013216782602
0000380893071220131900019024197840
0000380903071220131900019024197840
0000380913071220131901021030657426
0000380923071220131901019012657825
0000380933071220131901016271900195
0000380943071220131902014491135939
0000380953071220131903012672055582
0000380963071220131903012978377625
0000380973071220131903012490932707
0000380983071220131904013209558565
0000380993071220131906016558907977
0000381003071220131912012555174496
0000381013071220131913012760305580
0000381023071220131916012538029483
0000381033071220131919012381030443
0000381043071220131952015195158278
0000381053071220132007013064808620
0000381063071220132009013364583624
0000381073081220130644013399809629
0000381083081220130644012550828676
0000381093081220130647012447754835
0000381103081220130651019035599597
0000381113081220130651013359379607
0000381123081220130653013332112561
0000381133081220130654019012657825
0000381143081220130654012283239259
0000381153081220130654012938212587
0000381163081220130654014205344267
0000381173081220130656012687336604
0000381183081220130700013209558565
0000381193081220130700014368972275
0000381203081220130701012044908095
0000381213081220130701013112637568
0000381223081220130701012555174496
0000381233081220130702015158560637
0000381243081220130702013084967562
0000381253081220130704012827643563
0000381263081220130704012827643563
0000381273081220130704020412059058
0000381283081220130704013109375604
0000381293081220130704012537141441
0000381303081220130704012380989410
0000381313081220130705012631147547
0000381323081220130705010027963389
0000381333081220130705012835827627
0000381343081220130706012381030443
0000381353081220130706020728187471
0000381363081220130707012867217581
0000381373081220130707012447648547
0000381383081220130707012413664892
0000381393081220130708016559837492
0000381403081220130709012525180846
0000381413081220130711012905230586
0000381423081220130712013145826629
0000381433081220130712012477389655
0000381443081220130712012184372198
0000381453081220130712012093421471
0000381463081220130713012413665465
0000381473081220130713012623352609
0000381483081220130714012672055582
0000381493081220130717012976884589
0000381503081220130718013115739582
0000381513081220130718015774279271
0000381523081220130727019011902834
0000381533081220130728015195158278
0000381543081220130739012703576562
0000381553081220130743010863443432
0000381563081220130754019038066271
0000381573081220130802018221431686
0000381583081220130826011974148372
0000381593081220130859013356568549
0000381603081220131813013064808620
0000381613081220131835012176362731
0000381623081220131844013356568549
0000381633081220131846012996148543
0000381643081220131855013327971543
0000381653081220131859018221431686
0000381663081220131859018221431686
0000381673081220131900010863443432
0000381683081220131900015158560637
0000381693081220131900012827643563
0000381703081220131901011974148372
0000381713081220131902012413665465
0000381723081220131903019024197840
0000381733081220131905012687336604
0000381743081220131906019035599597
0000381753081220131906013109375604
0000381763081220131907013109375604
0000381773081220131908012672055582
0000381783081220131909013332112561
0000381793081220131910012550828676
0000381803081220131910013399809629
0000381813081220131910013399809629
0000381823081220131911013399809629
0000381833081220131915019027172210
0000381843081220131915013115739582
0000381853081220131917013261293585
0000381863081220131920011497117148
0000381873081220132015019000623483
0000381883091220130623012897151562
0000381893091220130628012802922116
0000381903091220130631016426312151
0000381913091220130643012371540775
0000381923091220130646013182496548
0000381933091220130646013228264547
0000381943091220130647012037738465
0000381953091220130648012905230586
0000381963091220130649013757241893
0000381973091220130652013261293585
0000381983091220130652010109237835
0000381993091220130654012613488605
0000382003091220130654016271900195
0000382013091220130654012987837625
0000382023091220130655013166042589
0000382033091220130656012274771873
0000382063091220130659013221220625
0000382073091220130659012538029483
0000382083091220130659013109375604
0000382093091220130700016558907977
0000382103091220130700012176362731
0000382113091220130700012283239259
0000382123091220130701013359379607
0000382133091220130701021030657426
0000382143091220130701014368972275
0000382153091220130701019024197840
0000382163091220130702013327971543
0000382173091220130703020023934683
0000382183091220130703013084967562
0000382193091220130705013161621602
0000382203091220130705015158560637
0000382213091220130705019027172210
0000382223091220130706012413665465
0000382233091220130706012835827627
0000382243091220130707013145826629
0000382253091220130708013064808620
0000382263091220130709012447648547
0000382273091220130714016992755006
0000382283091220130719012623352609
0000382293091220130719013717157778
0000382303091220130720012938212587
0000382313091220130724012672055582
0000382323091220130725020155059615
0000382333091220130725019020200863
0000382343091220130729013112637568
0000382353091220130735012380989410
0000382363091220130745012447754835
0000382373091220130749018221431686
0000382383091220130816013346415626
0000382393091220130816012537757965
0000382403091220130828012413665465
0000382413091220130829013445927773
0000382423091220130852011497117148
0000382433091220130852013369017600
0000382443091220131151011722716058
0000382453091220131322011722716058
