0000371543291120131717013445927773
0000371553291120131719012413665465
0000371563291120131729012669365606
0000371573291120131809012645519581
0000371583291120131809012274771873
0000371593291120131847013209558565
0000371603291120131854013112637568
0000371613291120131857012538029483
0000371623291120131858012044908095
0000371633291120131858021030657426
0000371643291120131858012672055582
0000371653291120131900016558907977
0000371663291120131903015158560637
0000371673291120131904010606179051
0000371683291120131904010606179051
0000371693291120131904012525180846
0000371703291120131906012897151562
0000371713291120131907019035019531
0000371723291120131908013084967562
0000371733291120131910013084967562
0000371743291120131912019012657825
0000371753291120131914019012657825
0000371763291120131914019012657825
0000371773291120131915012555174496
0000371783291120131915012484753057
0000371793291120131915016271900195
0000371803291120131928013353551602
0000371813291120131930012477389655
0000371823291120131944016426312151
0000371833291120132143012381030443
0000371843301120130603013353551602
0000371853301120130632012970305609
0000371863301120130644012334465153
0000371873301120130647019012657825
0000371883301120130648012550828676
0000371893301120130650013399809629
0000371903301120130651012827643563
0000371913301120130651012805580623
0000371923301120130651012687336604
0000371933301120130651013115739582
0000371943301120130652020765841783
0000371953301120130652020728187471
0000371963301120130653012938212587
0000371973301120130653010027963389
0000371983301120130654018111187594
0000371993301120130654012537141441
0000372003301120130654012654819606
0000372013301120130656013173312626
0000372023301120130657012380364666
0000372033301120130657012184372198
0000372043301120130659012090266823
0000372053301120130659020638222952
0000372063301120130700010863443432
0000372073301120130700012274771873
0000372083301120130700010117312573
0000372093301120130700017016186545
0000372103301120130701013209558565
0000372113301120130701012381030443
0000372123301120130702012555174496
0000372133301120130702013204773549
0000372143301120130702013112637568
0000372153301120130703013216582603
0000372163301120130704019024197840
0000372173301120130707012477389655
0000372183301120130707012477389655
0000372193301120130707019011902834
0000372203301120130707012717311604
0000372213301120130708013104205549
0000372223301120130709012044908095
0000372233301120130709012413665465
0000372243301120130709013387802543
0000372253301120130710013287856293
0000372263301120130711012333401038
0000372273301120130714012875834624
0000372283301120130715013319746587
0000372293301120130716012525180846
0000372303301120130718013341204546
0000372313301120130719012612285565
0000372323301120130719012672055582
0000372333301120130723018221431686
0000372343301120130726014491135939
0000372353301120130740019038066271
0000372363301120130746019000623483
0000372373301120130752012334764118
0000372383301120130803020059340368
0000372393301120130805012490932707
0000372403301120131825010661988071
0000372413301120131836013261293585
0000372423301120131837012176362731
0000372433301120131851013109375604
0000372443301120131858013064808620
0000372453301120131900013387802543
0000372463301120131902019000623483
0000372473301120131902010863443432
0000372483301120131902012672055582
0000372493301120131903014491135939
0000372503301120131904013115739582
0000372513301120131909013204773549
0000372523301120131911012477389655
0000372533301120131912012640964587
0000372543301120131917012687336604
0000372553301120131924012970305609
0000372563301120131928013216582603
0000372573301120131946013465354817
0000372583301120131951015195158278
0000372593301120132155012490932707
0000372603011220130624012093421471
0000372613011220130624013364583624
0000372623011220130632016426312151
0000372633011220130648012623352609
0000372643011220130649016558907977
0000372653011220130649012283239259
0000372663011220130652012507549248
0000372673011220130652016271900195
0000372683011220130653020412059058
0000372693011220130654011696742131
0000372703011220130654016559837492
0000372713011220130655021030657426
0000372723011220130655012176362731
0000372733011220130655012631147547
0000372743011220130655012996148543
0000372753011220130659012867217581
0000372763011220130659010661988071
0000372773011220130659013112637568
0000372783011220130700013261293585
0000372793011220130701012897151562
0000372803011220130704012978377625
0000372813011220130704012380989410
0000372823011220130704012827643563
0000372833011220130705012875834624
0000372843011220130705018111187594
0000372853011220130706012938212587
0000372863011220130707012550828676
0000372873011220130707012413665465
0000372883011220130708012772235582
0000372893011220130709012477389655
0000372903011220130709018221431686
0000372913011220130710013173312626
0000372923011220130710012334465153
0000372933011220130711012333401038
0000372943011220130712012184372198
0000372953011220130712012334764118
0000372963011220130712012090266823
0000372973011220130712012538029483
0000372983011220130713012537141441
0000372993011220130716012413664892
0000373003011220130717020728187471
0000373013011220130718010027963389
0000373023011220130722012976884589
0000373033011220130723015774279271
0000373043011220130724012640964587
0000373053011220130726013109375604
0000373063011220130731013399809629
0000373073011220130736015195158278
0000373083011220130736015158560637
0000373093011220130736011974148372
0000373103011220130742012805580623
0000373113011220130742020765841783
0000373123011220130751013064808620
0000373133011220130753013341204546
0000373143011220130801013465354817
0000373153011220130808012672055582
0000373163011220130808012672055582
0000373173011220130823019038066271
0000373183011220130914013340472628
0000373193011220131857013209558565
0000373203011220131858011497117148
0000373213011220131858021030657426
0000373223011220131858012905230586
0000373233011220131859013112637568
0000373243011220131900012897151562
0000373253011220131900012538029483
0000373263011220131900012413664892
0000373273011220131901012044908095
0000373283011220131902016558907977
0000373293011220131902012525180846
0000373303011220131902019012657825
0000373313011220131903016271900195
0000373323011220131905013341204546
0000373333011220131907019024197840
0000373343011220131909012555174496
0000373353011220131911012381030443
0000373363011220131912012672055582
0000373373011220131914016426312151
0000373383011220131914013216782602
0000373393011220131914015158560637
0000373403011220131918019027172210
0000373413011220131923013161621602
0000373423011220131924012978377625
0000373433011220131929011974148372
0000373443011220131942012760305580
0000373453011220131949012477389655
0000373463011220131950013340472628
0000373473021220130632012472079984
0000373483021220130635013387802543
0000373493021220130635019012657825
0000373503021220130641012802922116
0000373513021220130645012371540775
0000373523021220130646012687336604
0000373533021220130649013327971543
0000373543021220130653012519156092
0000373553021220130654012447754835
0000373563021220130656013332112561
0000373573021220130656014368972275
0000373583021220130657012772235582
0000373593021220130659013204773549
0000373603021220130659012381030443
0000373613021220130659013399809629
0000373623021220130700010863443432
0000373633021220130700012283239259
0000373643021220130702012905230586
0000373653021220130702019024197840
0000373663021220130702013216782602
0000373673021220130702013209558565
0000373683021220130703012867217581
0000373693021220130705013261293585
0000373703021220130705013359379607
0000373713021220130705012996148543
0000373723021220130705012631147547
0000373733021220130706013145826629
0000373743021220130706012413665465
0000373753021220130707013161621602
0000373763021220130707012555174496
0000373773021220130710012093421471
0000373783021220130711012835827627
0000373793021220130711012525180846
0000373803021220130712013084967562
0000373813021220130713013112637568
0000373823021220130715019035599597
0000373833021220130717011696742131
0000373843021220130718020059340368
0000373853021220130718020412059058
0000373863021220130722012760305580
0000373873021220130723012044908095
0000373883021220130727012623352609
0000373893021220130728013216582603
0000373903021220130735012357054974
0000373913021220130735013364583624
0000373923021220130746018221431686
0000373933021220130748016559837492
0000373943021220130748012507549248
0000373953021220130748013369017600
0000373963021220130752019027172210
0000373973021220130754020155059615
0000373983021220130759012380989410
0000373993021220130806012951973669
0000374003021220130812012537757965
0000374013021220130817013445927773
0000374363021220130930012477246072
0000374393021220130932019020200863
0000374403021220131301011722716058
0000374413021220131305015195158278
0000374423021220131345013445927773
0000374433021220131712012537757965
0000374443021220131727012413665465
0000374453021220131831010661988071
0000374463021220131832012176362731
0000374473021220131833012640964587
0000374483021220131840013064808620
0000374493021220131846013115739582
0000374503021220131854012447648547
0000374513021220131855014270490272
0000374523021220131856013387802543
0000374533021220131857012827643563
0000374543021220131901010863443432
0000374553021220131902015195158278
0000374563021220131902013109375604
0000374573021220131902013216582603
0000374583021220131903013112637568
0000374593021220131905012687336604
0000374603021220131905013261293585
0000374613021220131907013204773549
0000374623021220131919013346415626
0000374633021220131919012669365606
0000374643021220131922012477246072
0000374653021220131928013153387302
0000374663021220131940012951973669
0000374673021220131951020155059615
0000374683021220131951019020200863
0000374693021220132146013332112561
0000374703021220132200013340472628
0000374713031220130647012037738465
0000374723031220130647012687336604
0000374733031220130649012613488605
0000374743031220130650012274771873
0000374753031220130650013166042589
0000374763031220130650016271900195
0000374773031220130654012899058624
0000374783031220130655012987837625
0000374793031220130655012780072581
0000374803031220130657014270490272
0000374813031220130659010109237835
0000374823031220130700013115739582
0000374833031220130700015158560637
0000374843031220130700011696742131
0000374853031220130701013182496548
0000374863031220130701013145826629
0000374873031220130701012788517620
0000374883031220130701013161621602
0000374893031220130702013084967562
0000374903031220130703013221220625
0000374913031220130703013340472628
0000374923031220130704010661988071
0000374933031220130704012835827627
0000374943031220130704013327971543
0000374953031220130705012905230586
0000374963031220130705013717157778
0000374973031220130705016558907977
0000374983031220130705013359379607
0000374993031220130706013109375604
0000375003031220130706012918515568
0000375013031220130709012176362731
0000375023031220130709012802922116
0000375033031220130711012640964587
0000375043031220130712013399809629
0000375053031220130714012472079984
0000375063031220130715014368972275
0000375073031220130716012447648547
0000375083031220130717012827643563
0000375093031220130718019035599597
0000375103031220130719012371540775
0000375113031220130722012357054974
0000375123031220130723012538029483
0000375133031220130726012447754835
0000375143031220130729012413665465
0000375153031220130733013328164625
0000375163031220130748019000623483
0000375173031220130750012897151562
0000375183031220130756013369017600
0000375193031220130809020059340368
0000375203031220130815012537757965
0000375213031220130819012951973669
0000375223031220130820013346415626
0000375233031220130827012781811078
0000375243031220130827015853828278
0000375253031220130837013445927773
0000375263031220130900011722716058
0000375273031220131010019019769807
0000375283031220131257011722716058
