0000000063010320131334001666666669
0000000073010320131918001666666669
0000000083040320131215001666666669
0000000093040320131216001666666669
0000000103040320131225001666666669
0000000113040320131521001666666669
0000000123060320131256001666666669
0000000133010420131302001666666669
0000000143010420131732001666666669
0000000153090420131632001666666669
0000000163120420131541001666666669
0000000173220420131431001666666669
0000000183070520131731001666666669
0000000193100520131221001666666669
0000000203150520130915001666666669
0000000223150520131353001666666669
0000000263150520131356001666666669
0000000343150520131427013445927773
0000000353150520131428013445927773
0000000393150520131453013445927773
0000000423150520131502018054856240
0000000433150520131502018054856240
0000000473150520131542012537757965
0000000523160520130934013445927773
0000000563160520130939013172115541
0000000653160520131537013445927773
0000000673160520131438013445927773
0000000683160520131442013445927773
0000000823160520131656016034273510
0000001453220520131254013445927773
0000002953220520131312013261293585
0000002983240520131500010800328040
0000004853240520131506012447648547
0000004883240520131509013346415626
0000004913240520131519013332112561
0000004943240520131521013165406609
0000004973240520131651013341204546
0000004983240520131902013445927773
0000005023270520131054013109375604
0000005053270520131135013104205549
0000005083270520131137019035019531
0000005113270520131139012612285565
0000005143270520131141020762577953
0000005173270520131143012478711763
0000005203270520131145013049770626
0000005233270520131149019035019787
0000005263270520131152012380364666
0000005293270520131153012484753057
0000005323270520131156010117312573
0000005363270520131158012741695565
0000005393270520131200012717311604
0000005423270520131205019024197840
0000005453270520131318010109237835
0000005463270520131318010109237835
0000005493270520131320013401082603
0000005513270520131322013109375604
0000005543270520131328021030657426
0000005573270520131330012447756730
0000005603270520131331011497117148
0000005633270520131336016426312151
0000005663270520131338012399327030
0000005693270520131339012519156092
0000005723270520131344012525180846
0000005753270520131358016992755006
0000005783270520131359012555174496
0000005813270520131410012687336604
0000005843270520131411012802922116
0000005863270520131412012802922116
0000005893270520131440019011902834
0000005923270520131450012978754585
0000005953270520131510012537757965
0000005963270520131753013346415626
0000005993270520131840020765659403
0000006023270520131914016558907977
0000006053270520131918016271900195
0000006063270520131918016426312151
0000006073270520131918016426312151
0000006083270520131919016426312151
0000006093270520131920013109375604
0000006103270520131920013109375604
0000006113270520131920016426312151
0000006123270520131920016426312151
0000006153270520131923019012657825
0000006163270520132337016271900195
0000006173280520130650016271900195
0000006183280520130700019012657825
0000006213280520130845012044908095
0000006243280520130846012825759580
0000006273280520130848012788517620
0000006303280520130850013350901939
0000006313280520130850012537757965
0000006343280520130852012780072581
0000006373280520130853013161621602
0000006403280520130855012334764118
0000006433280520130915013182496548
0000006463280520130920012176362731
0000006493280520130924013172115541
0000006523280520131019018111187594
0000006553280520131021012781811078
0000006583280520131023012851794606
0000006613280520131025012550828676
0000006643280520131039020765841783
0000006673280520131042012875834624
0000006683280520131043012875834624
0000006713280520131250012538029483
0000006743280520131309013216582603
0000006773280520131343010858752031
0000006803280520131352012805580623
0000006833280520131619016034273510
0000006863280520131620013173312626
0000006893280520131623012477389655
0000006923280520131644015853828278
0000006953280520131645013248433565
0000006983280520131648012090266823
0000007013280520131659012899058624
0000007043280520131749013369017600
0000007053280520131749013369017600
0000007063280520131819013445927773
0000007073280520131819012537757965
0000007103280520131904012606067608
0000007133280520131905013465354817
0000007163280520131907013283694604
0000007173280520131908012781811078
0000007183280520131909012781811078
0000007213280520131911012640964587
0000007243280520131915013115739582
0000007273280520131919012832854623
0000007303280520132132012477403208
0000007333280520132134010661988071
0000007363280520132337013064808620
0000007373290520130646021030657426
0000007383290520130707013064808620
0000007393290520130707012899058624
0000007403290520130715012788517620
0000007413290520130717012805580623
0000007423290520130717020765841783
0000007433290520130724013109375604
0000007463290520130751016559837492
0000007493290520130752012507549248
0000007523290520130754012978377625
0000007553290520130758018221431686
0000007583290520130801012631147547
0000007613290520130808011696742131
0000007623290520130808012978754585
0000007653290520130809013359379607
0000007683290520130810012867217581
0000007713290520130818012929874564
0000007723290520130822012537757965
0000007753290520130824012093421471
0000008723290520130901012996148543
0000008753290520130904012743360587
0000008783290520130905012413664892
0000008833290520130925012413665465
0000008873290520130933013216782602
0000008903290520130934012672055582
