0000042773280620130910012669365606
0000042813280620131024015900373278
0000042833280620131646012978754585
0000042843280620131702013445927773
0000042853280620131705018054856240
0000042863280620131820012670677624
0000042873280620131825020765659403
0000042883280620131828013350901939
0000042893280620131838016559837492
0000042903280620131843012447756730
0000042913280620131843012478711763
0000042923280620131846016271900195
0000042933280620131847013216782602
0000042943280620131849012851794606
0000042953280620131850012447648547
0000042963280620131851012867217581
0000042973280620131855013221220625
0000042983280620131855012742113608
0000042993280620131900021030657426
0000043003280620131900011696742131
0000043013280620131902012525180846
0000043023280620131903012413665465
0000043033280620131903010606179051
0000043043280620131906012687336604
0000043053280620131906016558907977
0000043063280620131908012929874564
0000043073280620131914012555174496
0000043083280620131921019011902834
0000043093280620131922016426312151
0000043103280620131938012381030443
0000043113280620132032012629839542
0000043123290620130631012176362731
0000043133290620130646013145826629
0000043143290620130647020728187471
0000043153290620130647014368972275
0000043163290620130647010027963389
0000043173290620130648013112637568
0000043183290620130648013084967562
0000043193290620130649013364583624
0000043203290620130650012472079984
0000043213290620130652013261293585
0000043223290620130653015900373278
0000043233290620130653012537141441
0000043243290620130653013287856293
0000043253290620130654013399809629
0000043263290620130656017045046764
0000043273290620130657012044908095
0000043283290620130657012447754835
0000043293290620130658017016186545
0000043303290620130658013216782602
0000043313290620130658020765659403
0000043323290620130658012381030443
0000043333290620130658019038066271
0000043343290620130700018221431686
0000043353290620130700018221431686
0000043363290620130700012672055582
0000043373290620130700012447648547
0000043383290620130700012447648547
0000043393290620130700012867217581
0000043403290620130700012794617542
0000043413290620130700016271900195
0000043423290620130701012742113608
0000043433290620130702012413664892
0000043443290620130703013359379607
0000043453290620130704013332112561
0000043463290620130705013341204546
0000043473290620130705012507549248
0000043483290620130706020766123841
0000043493290620130706016558907977
0000043503290620130706012996148543
0000043513290620130707016559837492
0000043523290620130708013248433565
0000043533290620130710012357054974
0000043543290620130710012631147547
0000043553290620130711012776030543
0000043563290620130711012776030543
0000043573290620130712013109375604
0000043583290620130712012477389655
0000043593290620130713019012657825
0000043603290620130721012670677624
0000043613290620130722010858752031
0000043623290620130725012525180846
0000043633290620130727019011902834
0000043643290620130738011974148372
0000043653290620130751012538029483
0000043663290620130801019000623483
0000043673290620130837013165406609
0000043683290620131825013350901939
0000043693290620131843013283694604
0000043703290620131850013248433565
0000043713290620131850012538029483
0000043723290620131852013064808620
0000043733290620131856012176362731
0000043743290620131856014368972275
0000043753290620131856012938212587
0000043763290620131900012477403208
0000043773290620131900019012657825
0000043783290620131900019012657825
0000043793290620131902012044908095
0000043803290620131903018221431686
0000043813290620131903012477389655
0000043823290620131908010858752031
0000043833290620131908010858752031
0000043843290620131908010858752031
0000043853290620131918016034273510
0000043863290620131918012525180846
0000043873290620131921015195158278
0000043883290620131923019000623483
0000043893300620130623012447756730
0000043903300620130642012380989410
0000043913300620130645010109237835
0000043923300620130645020412059058
0000043933300620130646016558907977
0000043943300620130649013166042589
0000043953300620130650012274771873
0000043963300620130651012835827627
0000043973300620130651012996148543
0000043983300620130652013182496548
0000043993300620130652012938212587
0000044003300620130654012687336604
0000044013300620130655012283239259
0000044023300620130658012037738465
0000044033300620130659013261293585
0000044043300620130659019012657825
0000044053300620130659010858752031
0000044063300620130700012537141441
0000044073300620130700013064808620
0000044083300620130700012525180846
0000044093300620130700013228264547
0000044103300620130701012477403208
0000044113300620130701012477403208
0000044123300620130701012555174496
0000044133300620130701012447754835
0000044143300620130702012613488605
0000044153300620130702013089592583
0000044163300620130702019006769099
0000044173300620130703019028175884
0000044183300620130703013350901939
0000044193300620130704013283694604
0000044203300620130704013112637568
0000044213300620130705015195158278
0000044223300620130705013084967562
0000044233300620130705013084967562
0000044243300620130705013399809629
0000044253300620130705012472079984
0000044263300620130706010027963389
0000044273300620130706016034273510
0000044283300620130710017045046764
0000044293300620130713012357054974
0000044303300620130714020728187471
0000044313300620130717012976884589
0000044323300620130717015774279271
0000044333300620130717012477389655
0000044343300620130718012447648547
0000044353300620130718013364583624
0000044363300620130719013145826629
0000044373300620130720013717157778
0000044383300620130720013216582603
0000044393300620130720013341204546
0000044403300620130722019038066271
0000044413300620130729013221220625
0000044423300620130733013165406609
0000044433300620130733011497117148
0000044443300620130734013109375604
0000044453300620130802019011902834
0000044463300620130822011974148372
0000044473300620130852015900373278
0000044483300620130936012978754585
0000044493300620131839012640964587
0000044503300620131842013350901939
0000044513300620131843013084967562
0000044523300620131843012772235582
0000044533300620131850012742113608
0000044543300620131850013332112561
0000044553300620131852012613488605
0000044563300620131852012613488605
0000044573300620131858013216582603
0000044583300620131859013089592583
0000044593300620131859021030657426
0000044603300620131900012477403208
0000044613300620131900012477403208
0000044623300620131900012525180846
0000044633300620131901012525180846
0000044643300620131901016558907977
0000044653300620131901016271900195
0000044663300620131901012555174496
0000044673300620131902020765659403
0000044683300620131902016558907977
0000044693300620131902012477389655
0000044703300620131904012687336604
0000044713300620131907012381030443
0000044723300620132103012670677624
0000044733010720130625012176362731
0000044743010720130631013089592583
0000044753010720130641012519156092
0000044763010720130642020107848044
0000044773010720130647012787840584
0000044783010720130649012802922116
0000044793010720130650013248433565
0000044803010720130650012550828676
0000044813010720130650010728402499
0000044823010720130652013125683628
0000044833010720130652015900373278
0000044843010720130652012772235582
0000044853010720130653012660972623
0000044863010720130654012965194608
0000044873010720130654016992755006
0000044883010720130656012672055582
0000044893010720130657012538029483
0000044903010720130657013261293585
0000044913010720130658016208924457
0000044923010720130658012995385568
0000044933010720130658012371540775
0000044943010720130658012738213628
0000044953010720130659019028175884
0000044963010720130700012283239259
0000044973010720130700012742113608
0000044983010720130700012477403208
0000044993010720130700012477389655
0000045003010720130700013228264547
0000045013010720130701016271900195
0000045023010720130701012381030443
0000045033010720130701012193107221
0000045043010720130701013341204546
0000045053010720130702013216582603
0000045063010720130702013172115541
0000045073010720130703012044908095
0000045083010720130703016558907977
0000045093010720130703013350901939
0000045103010720130703013221220625
0000045113010720130705010858752031
0000045123010720130707012037738465
0000045133010720130709013182496548
0000045143010720130711013166042589
0000045153010720130712012274771873
0000045163010720130713012996148543
0000045173010720130713012670677624
0000045183010720130714012760305580
0000045193010720130718012380989410
0000045203010720130720013401082603
0000045213010720130726012978754585
0000045223010720130729011497117148
0000045233010720130731013717157778
0000045243010720130731012835827627
0000045253010720130742013369017600
0000045263010720130745019011902834
0000045273010720130807010109237835
0000045283010720130817013445927773
0000045293010720130827012537757965
0000045303010720130827013346415626
0000045313010720130843018054856240
0000045323010720130849012669365606
0000045333010720130903018221290284
0000045343010720131000013165406609
0000045373010720131136012477246072
0000045383010720131714012978754585
0000045393010720131805012537757965
0000045403010720131806012669365606
0000045413010720131809013346415626
0000045423010720131810013445927773
0000045433010720131819018054856240
0000045443010720131842012640964587
0000045453010720131846013115739582
0000045463010720131850012606067608
0000045473010720131850014270490272
0000045483010720131850013283694604
0000045493010720131900012044908095
0000045503010720131902013369017600
0000045513010720131904012477403208
0000045523010720131906013261293585
0000045533010720131907013216582603
0000045543010720131907013248433565
0000045553010720131907010858752031
0000045563010720131911012538029483
0000045573010720131920013064808620
0000045583010720131934013399256603
0000045593010720131943013340472628
0000045603010720132006010661988071
0000045613020720130630012447756730
0000045623020720130630019024197840
0000045633020720130642012380364666
0000045643020720130643012919610602
0000045653020720130645013319746587
0000045663020720130650016559843816
0000045673020720130652012717311604
0000045683020720130654010117312573
0000045693020720130655018221431686
0000045703020720130655012640964587
0000045713020720130657012477246072
0000045723020720130657012787840584
0000045733020720130659013104205549
0000045743020720130700012996148543
0000045753020720130701012550828676
0000045763020720130702016034273510
0000045773020720130702013115739582
0000045783020720130702012484753057
0000045793020720130702012741695565
0000045803020720130702012687336604
0000045813020720130703013283694604
0000045823020720130703012780072581
0000045833020720130703012623352609
0000045843020720130703012623352609
0000045853020720130704016426312151
0000045863020720130705012623352609
0000045873020720130705013399256603
0000045883020720130705013089592583
0000045893020720130706012193107221
0000045903020720130707012555174496
0000045913020720130708012606067608
0000045923020720130709012825759580
0000045933020720130709012965194608
0000045943020720130710012660972623
0000045953020720130711012802922116
0000045963020720130712013125683628
0000045973020720130715012760305580
0000045983020720130716019011902834
0000045993020720130717012995385568
0000046003020720130718012899058624
0000046013020720130718016208924457
0000046023020720130718013109375604
0000046033020720130722010728402499
0000046043020720130723015853828278
0000046053020720130723010661988071
0000046063020720130723018221290284
0000046073020720130724012672055582
0000046083020720130724013064808620
0000046093020720130724012738213628
0000046103020720130726019000623483
0000046113020720130727012478711763
0000046123020720130727012477389655
0000046133020720130727012477403208
0000046143020720130729012371540775
0000046153020720130740012612285565
0000046163020720130741020107848044
0000046173020720130746019026460158
0000046183020720130756016992755006
0000046193020720130759013340472628
0000046203020720130805012928912624
0000046213020720130808013369017600
0000046223020720130815012978754585
0000046233020720130824012537757965
0000046243020720130824013346415626
0000046253020720130837018054856240
0000046263020720130842013445927773
0000046273020720130843019001662830
0000046303020720131158017015654626
0000046313020720131747018054856240
0000046323020720131826019012657825
0000046333020720131849016558907977
0000046343020720131853012447756730
0000046353020720131853012478711763
0000046363020720131853012742113608
0000046373020720131856020765659403
0000046383020720131857012525180846
0000046393020720131857016271900195
0000046403020720131900021030657426
0000046413020720131900012832854623
0000046423020720131901012687336604
0000046433020720131901012555174496
0000046443020720131904012672055582
0000046453020720131908018221431686
0000046463020720131908012381030443
0000046473020720131908012537757965
0000046483020720131909013346415626
0000046493020720131916019000623483
0000046503020720131920012670677624
0000046513020720131920013109375604
0000046523020720131926019026460158
0000046533020720131934013049770626
0000046543020720131935012477389655
0000046553020720131935020765659403
0000046563020720131954013369017600
0000046573020720132000015853828278
0000046583030720130610012978754585
0000046593030720130629013173312626
0000046603030720130637012550828676
0000046613030720130649012827643563
0000046623030720130649013350901939
0000046633030720130652013341212603
0000046643030720130654013248433565
0000046653030720130654012851794606
0000046663030720130655018111187594
0000046673030720130655013465354817
0000046683030720130656020765659403
0000046693030720130658012743360587
0000046703030720130658010800328040
0000046713030720130659012875834624
0000046723030720130659012090266823
0000046733030720130659012381030443
0000046743030720130659012970305609
0000046753030720130700012970305609
0000046763030720130700013261293585
0000046773030720130701012742113608
0000046783030720130701012970305609
0000046793030720130701016558907977
0000046803030720130702012525180846
0000046813030720130702016271900195
0000046823030720130702012805580623
0000046833030720130702020765841783
0000046843030720130703012413665465
0000046853030720130703013049770626
0000046863030720130703019012657825
0000046873030720130704012484753057
0000046883030720130704012919610602
0000046893030720130705012919610602
0000046903030720130705012380364666
0000046913030720130705019024197840
0000046923030720130705012717311604
0000046933030720130706013104205549
0000046943030720130706012672055582
0000046953030720130708012044908095
0000046963030720130708012044908095
0000046973030720130709010117312573
0000046983030720130710013172115541
0000046993030720130710012612285565
0000047003030720130710012538029483
0000047013030720130714013032643561
0000047023030720130714013216582603
0000047033030720130715012334764118
0000047043030720130717012996148543
0000047053030720130718016559843816
0000047063030720130719012938212587
0000047073030720130723012832854623
0000047083030720130724019000623483
0000047093030720130724012623352609
0000047103030720130725012899058624
0000047113030720130726013319746587
0000047123030720130726012780072581
0000047133030720130728012477389655
0000047143030720130736010858752031
0000047153030720130738012670677624
0000047163030720130752013369017600
0000047173030720130814013445927773
0000047183030720130814012669365606
0000047193030720130842018054856240
0000047203030720130900012537757965
0000052973030720131755013445927773
0000052983030720131808015853828278
0000052993030720131832018054856240
0000053003030720131835012606067608
0000053013030720131843012640964587
0000053023030720131845012176362731
0000053033030720131848012672055582
0000053043030720131848012978754585
0000053053030720131848012978754585
0000053063030720131900010858752031
0000053073030720131900010858752031
0000053083030720131900012477403208
0000053093030720131901019000623483
0000053103030720131901019000623483
0000053113030720131901012477389655
0000053123030720131901013032643561
0000053133030720131902013216582603
0000053143030720131902013064808620
0000053153030720131903013261293585
0000053163030720131904013346415626
0000053173030720131904012538029483
0000053183030720131905012044908095
0000053193030720131906013115739582
0000053203030720131907013248433565
0000053213030720131931010661988071
0000053223040720130618019012657825
0000053233040720130625012447756730
0000053243040720130642013359379607
0000053253040720130643012631147547
0000053263040720130651012507549248
0000053273040720130652012093421471
0000053283040720130654010606179051
0000053293040720130654012867217581
0000053303040720130654012996148543
0000053313040720130655012555174496
0000053323040720130655012687336604
0000053333040720130655012090266823
0000053343040720130655018111187594
0000053353040720130656013115739582
0000053363040720130657012588967584
0000053373040720130657012938212587
0000053383040720130657011696742131
0000053393040720130657012929874564
0000053403040720130658016426312151
0000053413040720130658021030657426
0000053423040720130659012413664892
0000053433040720130659018221431686
0000053443040720130700012176362731
0000053453040720130700016559837492
0000053463040720130700012827643563
0000053473040720130701012477389655
0000053483040720130702012703576562
0000053493040720130703016034273510
0000053503040720130703013341212603
0000053513040720130703013350901939
0000053523040720130705020765841783
0000053533040720130705012805580623
0000053543040720130706012743360587
0000053553040720130706012851794606
0000053563040720130707013216782602
0000053573040720130707012970305609
0000053583040720130707012978377625
0000053593040720130708012606067608
0000053603040720130708012640964587
0000053613040720130709013173312626
0000053623040720130710012550828676
0000053633040720130710012550828676
0000053643040720130711012413665465
0000053653040720130712012334764118
0000053663040720130714010661988071
0000053673040720130717013465354817
0000053683040720130718013064808620
0000053693040720130718012478711763
0000053703040720130723012477403208
0000053713040720130730010606004081
0000053723040720130747010800328040
0000053733040720130820013445927773
0000053743040720130827013346415626
0000053753040720130828012669365606
0000053763040720130830013369017600
0000053773040720130831012537757965
0000053783040720130856012978754585
0000053793040720130909018054856240
0000053803040720131104012550828676
0000053813040720131104012794617542
0000055733040720131751012669365606
0000055743040720131800018054856240
0000055753040720131801012537757965
0000055763040720131803013346415626
0000055773040720131804013445927773
0000055783040720131843012478711763
0000055793040720131843012447756730
0000055803040720131851012670677624
0000055813040720131854020765659403
0000055823040720131856012742113608
0000055833040720131859019012657825
0000055843040720131859019012657825
0000055853040720131900021030657426
0000055863040720131901012555174496
0000055873040720131904012687336604
0000055883040720131906016271900195
0000055893040720131911012525180846
0000055903040720131916012381030443
0000055913040720131921016558907977
0000055923040720131928010606179051
0000055933040720131938010606004081
0000055943040720131939010606004081
0000055953040720131939010606004081
0000055963040720131939016426312151
0000055973040720131939020765659403
0000055983040720131940016426312151
0000055993050720130621012472079984
0000056003050720130621013364583624
0000056013050720130632012176362731
0000056023050720130645012447648547
0000056033050720130646013248433565
0000056043050720130647013261293585
0000056053050720130648020765659403
0000056063050720130651012447754835
0000056073050720130653012703576562
0000056083050720130654013084967562
0000056093050720130654013112637568
0000056103050720130654013399809629
0000056113050720130655013145826629
0000056123050720130656019012657825
0000056133050720130657013350901939
0000056143050720130657019011902834
0000056153050720130700012381030443
0000056163050720130700012867217581
0000056173050720130700013359379607
0000056183050720130701012538029483
0000056193050720130702016271900195
0000056203050720130703012044908095
0000056213050720130703012507549248
0000056223050720130703019035599597
0000056233050720130704012477389655
0000056243050720130704016558907977
0000056253050720130704012996148543
0000056263050720130705012794617542
0000056273050720130706016559837492
0000056283050720130707017016186545
0000056293050720130707012776030543
0000056303050720130707013332112561
0000056313050720130710012093421471
0000056323050720130710012413664892
0000056333050720130711013341204546
0000056343050720130715013216582603
0000056353050720130721012631147547
0000056363050720130728013287856293
0000056373050720130728013172115541
0000056383050720130728012588967584
0000056393050720130732010606004081
0000056403050720130735011696742131
0000056413050720130735012929874564
0000056423050720130736010606179051
0000056433050720130736012525180846
0000056443050720130737012525180846
0000056453050720130738018221431686
0000056463050720130743013165406609
0000056473050720130756013445927773
0000056483050720130814014368972275
0000056493050720130819012537757965
0000056503050720130819015900373278
0000056513050720130822012670677624
0000056523050720130836012357054974
0000056533050720130849012669365606
0000056543050720130849013346415626
0000056553050720130901018054856240
0000056563050720131752013445927773
0000056573050720131756018054856240
0000056583050720131804012669365606
0000056593050720131839012537757965
0000056603050720131849012606067608
0000056613050720131856013115739582
0000056623050720131857013283694604
0000056633050720131904012176362731
0000056643050720131906012538029483
0000056653050720131906013261293585
0000056663050720131911010606179051
0000056673050720131911013064808620
0000056683050720131912012044908095
0000056693050720131913013248433565
0000056703050720131914012538029483
0000056713050720131924012477403208
0000056723050720131929019011902834
0000056733050720131934010661988071
0000056743050720132038012629839542
0000056753060720130620012447756730
0000056763060720130640010109237835
0000056773060720130643012037738465
0000056783060720130648010027963389
0000056793060720130649012835827627
0000056803060720130650012996148543
0000056813060720130650013166042589
0000056823060720130651015900373278
0000056833060720130652012742113608
0000056843060720130702013341204546
0000056853060720130702012537141441
0000056863060720130702019028175884
0000056873060720130703016426312151
0000056883060720130703013115739582
0000056893060720130703012477403208
0000056903060720130703012606067608
0000056913060720130703013364583624
0000056923060720130704012472079984
0000056933060720130704013287856293
0000056943060720130704013109375604
0000056953060720130704012613488605
0000056963060720130705012987837625
0000056973060720130706013161621602
0000056983060720130706013283694604
0000056993060720130706013228264547
0000057003060720130707012640964587
0000057013060720130707012555174496
0000057023060720130708016034273510
0000057033060720130710019011902834
0000057043060720130713013064808620
0000057053060720130713010661988071
0000057063060720130714010800328040
0000057073060720130716014368972275
0000057083060720130717013145826629
0000057093060720130719017016186545
0000057103060720130720013350901939
0000057113060720130720013717157778
0000057123060720130720021030657426
0000057133060720130721012885430585
0000057143060720130722012274771873
0000057153060720130722012776030543
0000057163060720130722013084967562
0000057173060720130724013112637568
0000057183060720130724012959720565
0000057193060720130724012447648547
0000057203060720130725012357054974
0000057213060720130726013182496548
0000057223060720130729012478711763
0000057233060720130735011974148372
0000057243060720130735019000623483
0000057253060720130737012447754835
0000057263060720130748013399809629
0000057273060720131011013165406609
0000057283060720131818012447648547
0000057293060720131818012996148543
0000057303060720131848013283694604
0000057313060720131849013084967562
0000057323060720131849013112637568
0000057333060720131853020765659403
0000057343060720131853012477389655
0000057353060720131853016558907977
0000057363060720131854012447756730
0000057373060720131856019012657825
0000057383060720131856012478711763
0000057393060720131900012742113608
0000057403060720131900012555174496
0000057413060720131901021030657426
0000057423060720131902011696742131
0000057433060720131903013350901939
0000057443060720131906019000623483
0000057453060720131906012381030443
0000057463060720131914013717157778
0000057473060720131914013109375604
0000057483060720131914019028175884
0000057493060720131914019028175884
0000057503060720131915012613488605
0000057513060720131920012447754835
0000057523060720131924013161621602
0000057533060720131928016271900195
0000057543060720131929015195158278
0000057553060720131944012670677624
0000057563070720130635012176362731
0000057573070720130646013125683628
0000057583070720130647018221431686
0000057593070720130648013115739582
0000057603070720130651012623352609
0000057613070720130651016208924457
0000057623070720130652012413665465
0000057633070720130652010728402499
0000057643070720130653012380989410
0000057653070720130653012477246072
0000057663070720130654020107848044
0000057673070720130654012283239259
0000057683070720130654012044908095
0000057693070720130655012965194608
0000057703070720130655013216582603
0000057713070720130658013182496548
0000057723070720130658012885430585
0000057733070720130659013228264547
0000057743070720130700012274771873
0000057753070720130700012537141441
0000057763070720130700012787840584
0000057773070720130701019038066271
0000057783070720130702012477389655
0000057793070720130702016558907977
0000057803070720130702012738213628
0000057813070720130702012435260174
0000057823070720130702012381030443
0000057833070720130703012995385568
0000057843070720130703012660972623
0000057853070720130704013283694604
0000057863070720130705012670677624
0000057873070720130705012037738465
0000057883070720130706019012657825
0000057893070720130706019012657825
0000057903070720130709020765659403
0000057913070720130709013166042589
0000057923070720130709012959720565
0000057933070720130711016271900195
0000057943070720130711012447754835
0000057953070720130712012447754835
0000057963070720130713013084967562
0000057973070720130714012447648547
0000057983070720130715012835827627
0000057993070720130715010800328040
0000058003070720130716010027963389
0000058013070720130718013172115541
0000058023070720130719013112637568
0000058033070720130719013350901939
0000058043070720130722012976884589
0000058053070720130722015774279271
0000058063070720130725015195158278
0000058073070720130726012672055582
0000058083070720130726010109237835
0000058093070720130726013341204546
0000058103070720130733018221290284
0000058113070720130733012538029483
0000058123070720130739012987837625
0000058133070720130745011497117148
0000058143070720130819011974148372
0000058153070720130827019011902834
0000058163070720130838011974148372
0000058173070720131838010661988071
0000058183070720131841012742113608
0000058193070720131845012606067608
0000058203070720131850013064808620
0000058213070720131851012772235582
0000058223070720131854016034273510
0000058233070720131855013115739582
0000058243070720131858012176362731
0000058253070720131858012550828676
0000058263070720131859012044908095
0000058273070720131859013115739582
0000058283070720131859012538029483
0000058293070720131901012477403208
0000058303070720131901019012657825
0000058313070720131906012193107221
0000058323070720131906012965194608
0000058333070720131908012447754835
0000058343070720131911013216582603
0000058353070720131916013089592583
0000058363070720131930018221431686
0000058373080720130618012447756730
0000058383080720130635012802922116
0000058393080720130637019024197840
0000058403080720130646012371540775
0000058413080720130646021030657426
0000058423080720130650012477246072
0000058433080720130650019011902834
0000058443080720130651019011902834
0000058453080720130651019011902834
0000058463080720130651012919610602
0000058473080720130652012919610602
0000058483080720130654012484753057
0000058493080720130655012741695565
0000058503080720130656012380364666
0000058513080720130656020762577953
0000058523080720130656010117312573
0000058533080720130656012772235582
0000058543080720130657016559843816
0000058553080720130658016034273510
0000058563080720130658013049770626
0000058573080720130658019035019531
0000058583080720130659013089592583
0000058593080720130700012283239259
0000058603080720130700013064808620
0000058613080720130700013115739582
0000058623080720130700012717311604
0000058633080720130700010728402499
0000058643080720130700016992755006
0000058653080720130701010661988071
0000058663080720130701012687336604
0000058673080720130701012742113608
0000058683080720130702016208924457
0000058693080720130702012995385568
0000058703080720130703016426312151
0000058713080720130704012413665465
0000058723080720130704012550828676
0000058733080720130704013109375604
0000058743080720130704013125683628
0000058753080720130705013104205549
0000058763080720130705012996148543
0000058773080720130706012660972623
0000058783080720130707020107848044
0000058793080720130712012555174496
0000058803080720130714012606067608
0000058813080720130714012738213628
0000058823080720130714012787840584
0000058833080720130722012672055582
0000058843080720130723013341204546
0000058853080720130725012193107221
0000058863080720130726012623352609
0000058873080720130726012380989410
0000058883080720130729018221290284
0000058893080720130739012478711763
0000058903080720130748012978754585
0000058913080720130828012669365606
0000058923080720130847012537757965
0000058933080720130851018054856240
0000058943080720131413012519156092
0000058953080720131413013401082603
0000058963080720131504011497117148
0000058973080720131700012537757965
0000058983080720131714012669365606
0000058993080720131714013346415626
0000059003080720131746018054856240
0000059013080720131749012978754585
0000059023080720131844016558907977
0000059033080720131845019012657825
0000059043080720131845012447756730
0000059053080720131847012478711763
0000059063080720131853014270490272
0000059073080720131857012742113608
0000059083080720131859016271900195
0000059093080720131901021030657426
0000059103080720131904012687336604
0000059113080720131907012555174496
0000059123080720131907012670677624
0000059133080720131908012381030443
0000059143080720131912013399256603
0000059153080720131919013109375604
0000059163080720131928012525180846
0000059173080720131930016426312151
0000059183080720132015013340472628
0000059193090720130630013173312626
0000059203090720130636012176362731
0000059213090720130644012851794606
0000059223090720130648012827643563
0000059233090720130649012090266823
0000059243090720130650012970305609
0000059253090720130651012875834624
0000059263090720130652013248433565
0000059273090720130653012550828676
0000059283090720130653012899058624
0000059293090720130654012780072581
0000059303090720130657012743360587
0000059313090720130658012381030443
0000059323090720130658012334764118
0000059333090720130659019024197840
0000059343090720130659013465354817
0000059353090720130700012919610602
0000059363090720130700012413665465
0000059373090720130701013104205549
0000059383090720130701012802922116
0000059393090720130701018111187594
0000059403090720130702013049770626
0000059413090720130702013399256603
0000059423090720130702012484753057
0000059433090720130703016558907977
0000059443090720130704020765841783
0000059453090720130705012044908095
0000059463090720130705013261293585
0000059473090720130705020762577953
0000059483090720130708012380364666
0000059493090720130709012741695565
0000059503090720130710012742113608
0000059513090720130711013350901939
0000059523090720130711012996148543
0000059533090720130711012717311604
0000059543090720130712016034273510
0000059553090720130715016271900195
0000059563090720130715010117312573
0000059573090720130716019012657825
0000059583090720130717012538029483
0000059593090720130719019035019531
0000059603090720130721012371540775
0000059613090720130728016992755006
0000059623090720130728012670677624
0000059633090720130729012525180846
0000059643090720130731012781811078
0000059653090720130731015853828278
0000059663090720130745019011902834
0000059673090720130747013369017600
0000059683090720130747012978754585
0000059693090720130748012805580623
0000059703090720130748012928912624
0000059713090720130751019026460158
0000059723090720130754019000623483
0000059733090720130813012938212587
0000059743090720130814012669365606
0000059753090720130823012537757965
0000059763090720130834013445927773
0000059773090720130834013346415626
0000059783090720130850018054856240
0000059793090720130909013340472628
0000059803090720131743012537757965
0000059813090720131826018054856240
0000059823090720131834012640964587
0000059833090720131841013115739582
0000059843090720131845012606067608
0000059853090720131845013283694604
0000059863090720131848013261293585
0000059873090720131849010661988071
0000059883090720131857012477403208
0000059893090720131857012176362731
0000059903090720131900012044908095
0000059913090720131900012538029483
0000059923090720131900013248433565
0000059933090720131900013248433565
0000059943090720131900012832854623
0000059953090720131901016034273510
0000059963090720131905012928912624
0000059973090720131905012928912624
0000059983090720131911013445927773
0000059993090720131911019000623483
0000060003090720131912019026460158
0000060013090720131919013064808620
0000060023090720131937013369017600
0000060033090720131939015853828278
0000060043090720131939012781811078
0000060053100720130623012447756730
0000060063100720130646012631147547
0000060073100720130650016426312151
0000060083100720130652012090266823
0000060093100720130652013341212603
0000060103100720130655016559837492
0000060113100720130656012687336604
0000060123100720130656021030657426
0000060133100720130658018111187594
0000060143100720130658012867217581
0000060153100720130659012606067608
0000060163100720130659013283694604
0000060173100720130700012413664892
0000060183100720130700013032643561
0000060193100720130700010800328040
0000060203100720130700012875834624
0000060213100720130700012996148543
0000060223100720130701012093421471
0000060233100720130701012413665465
0000060243100720130701012413665465
0000060253100720130701012672055582
0000060263100720130702011696742131
0000060273100720130702012788517620
0000060283100720130702012827643563
0000060293100720130702013350901939
0000060303100720130703012640964587
0000060313100720130703012929874564
0000060323100720130704013465354817
0000060333100720130704012477389655
0000060343100720130704013115739582
0000060353100720130705013109375604
0000060363100720130705012334764118
0000060373100720130705019006769099
0000060383100720130705012851794606
0000060393100720130705012978377625
0000060403100720130705013302245563
0000060413100720130706012938212587
0000060423100720130707012970305609
0000060433100720130707012550828676
0000060443100720130708010661988071
0000060453100720130709012794617542
0000060463100720130709016034273510
0000060473100720130709012555174496
0000060483100720130710012507549248
0000060493100720130713013064808620
0000060503100720130713012743360587
0000060513100720130714012832854623
0000060523100720130720012899058624
0000060533100720130723020765841783
0000060543100720130723012805580623
0000060553100720130730013173312626
0000060563100720130737013369017600
0000060573100720130739012478711763
0000060583100720130746012978754585
0000060593100720130816012669365606
0000060603100720130819015900373278
0000060623100720130807013445927773
0000060643100720130844013346415626
0000060653100720130846018054856240
0000060663100720130920012537757965
0000060673100720131216019000623483
0000060683100720131808012537757965
0000060693100720131817012978754585
0000060703100720131822018054856240
0000060713100720131837012781811078
0000060723100720131837015853828278
0000060733100720131840016558907977
0000060743100720131843012670677624
0000060753100720131843019012657825
0000060763100720131850012742113608
0000060773100720131851013346415626
0000060783100720131852012525180846
0000060793100720131853012447756730
0000060803100720131854012478711763
0000060813100720131854013302245563
0000060823100720131854013032643561
0000060833100720131857012413665465
0000060843100720131857012193107221
0000060853100720131900012381030443
0000060863100720131901012687336604
0000060873100720131902021030657426
0000060883100720131902012477403208
0000060893100720131911012555174496
0000060903100720131917012672055582
0000060913100720131919013109375604
0000060923100720131940016426312151
0000060933110720130629013364583624
0000060943110720130629012472079984
0000060953110720130634012193107221
0000060963110720130636012176362731
0000060973110720130638013248433565
0000060983110720130645012447648547
0000060993110720130647020766123841
0000061003110720130648012788517620
0000061013110720130650013399809629
0000061023110720130654013112637568
0000061033110720130654013084967562
0000061043110720130655012588967584
0000061053110720130658012538029483
0000061063110720130658012672055582
0000061073110720130659012631147547
0000061083110720130700012477403208
0000061093110720130700012381030443
0000061103110720130700016558907977
0000061113110720130700012381030443
0000061123110720130700013216782602
0000061133110720130700012867217581
0000061143110720130701013341212603
0000061153110720130701013261293585
0000061163110720130702019012657825
0000061173110720130702019012657825
0000061183110720130702012742113608
0000061193110720130702012525180846
0000061203110720130703012044908095
0000061213110720130703019035599597
0000061223110720130704012413664892
0000061233110720130704012929874564
0000061243110720130705012703576562
0000061253110720130708013332112561
0000061263110720130709012477389655
0000061273110720130709012093421471
0000061283110720130710012670677624
0000061293110720130711012978377625
0000061303110720130712010800328040
0000061313110720130713013145826629
0000061323110720130714010606179051
0000061333110720130718011696742131
0000061343110720130718012794617542
0000061353110720130723010606004081
0000061363110720130724012507549248
0000061373110720130724016559837492
0000061383110720130735015900373278
0000061393110720130756012357054974
0000061403110720130823012978754585
0000061413110720130823012669365606
0000061423110720130826014368972275
0000061433110720130830012996148543
0000061443110720130947013328164625
0000061453110720131249012537757965
0000061503110720131554013327971543
0000061513110720131752012669365606
0000061523110720131823012640964587
0000061533110720131833012606067608
0000061543110720131834013445927773
0000061553110720131834012537757965
0000061563110720131844013115739582
0000061573110720131845016034273510
0000061583110720131850013346415626
0000061593110720131853013283694604
0000061603110720131900012176362731
0000061613110720131901012044908095
0000061623110720131902013064808620
0000061633110720131903019012657825
0000061643110720131904013248433565
0000061653110720131904012538029483
0000061663110720131907013261293585
0000061673110720131909010661988071
0000061683110720131923012477403208
0000061693110720131925010606179051
0000061703120720130637010109237835
0000061713120720130643013221220625
0000061723120720130644012283239259
0000061733120720130645012037738465
0000061743120720130647012687336604
0000061753120720130650012447756730
0000061763120720130651021030657426
0000061773120720130655012885430585
0000061783120720130655012987837625
0000061793120720130655019028175884
0000061803120720130656016426312151
0000061813120720130658020412059058
0000061823120720130659010800328040
0000061833120720130700013115739582
0000061843120720130700012703576562
0000061853120720130700013283694604
0000061863120720130701013166042589
0000061873120720130701012274771873
0000061883120720130702016034273510
0000061893120720130703012588967584
0000061903120720130704013084967562
0000061913120720130706012613488605
0000061923120720130706019035599597
0000061933120720130708019011902834
0000061943120720130708012472079984
0000061953120720130710013228264547
0000061963120720130712013327971543
0000061973120720130712012959720565
0000061983120720130712012525180846
0000061993120720130713014368972275
0000062003120720130714012555174496
0000062013120720130715013161621602
0000062023120720130715017016186545
0000062033120720130715013064808620
0000062043120720130716012640964587
0000062053120720130716010661988071
0000062063120720130716012606067608
0000062073120720130716012477403208
0000062083120720130722010606004081
0000062093120720130725020766123841
0000062103120720130725013145826629
0000062113120720130726013341204546
0000062123120720130728013182496548
0000062133120720130728013364583624
0000062143120720130728013165406609
0000062153120720130729012357054974
0000062163120720130732013112637568
0000062173120720130733012478711763
0000062183120720130734012672055582
0000062193120720130735013717157778
0000062203120720130749013399809629
0000062213120720130750010606179051
0000062223120720130815012978754585
0000062233120720130819013346415626
0000062243120720130819012537757965
0000062253120720130824013445927773
0000062283120720130712012835827627
0000062303120720130905015900373278
0000062313120720130907018054856240
0000062323120720131624012978754585
0000062333120720131733012537757965
0000062343120720131733013445927773
0000062353120720131839020765659403
0000062363120720131850019012657825
0000062373120720131851020728187471
0000062383120720131853012742113608
0000062393120720131854016271900195
0000062403120720131854013112637568
0000062413120720131855012996148543
0000062423120720131857012447756730
0000062433120720131859012885430585
0000062443120720131902021030657426
0000062453120720131903016558907977
0000062463120720131903012613488605
0000062473120720131904010800328040
0000062483120720131904012555174496
0000062493120720131906018054856240
0000062503120720131907012381030443
0000062513120720131909013346415626
0000062523120720131911012687336604
0000062533120720131913010606179051
0000062543120720131915013350901939
0000062553120720131915016426312151
0000062563120720131916013228264547
0000062573120720131916019028175884
0000062583120720131920013109375604
0000062593120720131928012477389655
0000062603120720131957012670677624
0000062613120720132049012629839542
0000062623120720132204012670677624
0000062633120720132205012670677624
0000062643120720132205020765659403
0000062653120720132205020765659403
0000062663120720132206012670677624
0000062673130720130638012176362731
0000062683130720130644020765659403
0000062693130720130645015900373278
0000062703130720130647010728402499
0000062713130720130652010027963389
0000062723130720130653019011902834
0000062733130720130654012550828676
0000062743130720130658012537141441
0000062753130720130700013248433565
0000062763130720130701012283239259
0000062773130720130701012965194608
0000062783130720130702020107848044
0000062793130720130702012477246072
0000062803130720130703012672055582
0000062813130720130703012381030443
0000062823130720130703012995385568
0000062833130720130703013221220625
0000062843130720130703012044908095
0000062853130720130704016271900195
0000062863130720130704016208924457
0000062873130720130705012987837625
0000062883130720130705012660972623
0000062893130720130706012660972623
0000062903130720130706013216582603
0000062913130720130707012538029483
0000062923130720130707012738213628
0000062933130720130707016558907977
0000062943130720130708019012657825
0000062953130720130708012835827627
0000062963130720130708010109237835
0000062973130720130708012996148543
0000062983130720130710012193107221
0000062993130720130710012760305580
0000063003130720130710013125683628
0000063013130720130712013717157778
0000063023130720130712019038066271
0000063033130720130713013182496548
0000063043130720130713012959720565
0000063053130720130713012037738465
0000063063130720130713012413665465
0000063073130720130714019011902834
0000063083130720130715012742113608
0000063093130720130716018221290284
0000063103130720130720012477389655
0000063113130720130721013161621602
0000063123130720130721013350901939
0000063133130720130726013341204546
0000063143130720130727013112637568
0000063153130720130737017016186545
0000063163130720130742020412059058
0000063173130720130750019000623483
0000063183130720130757011974148372
0000063213130720131808012447756730
0000063223130720131831013089592583
0000063233130720131843012606067608
0000063243130720131851013283694604
0000063253130720131852012640964587
0000063263130720131852013248433565
0000063273130720131853012538029483
0000063283130720131857013115739582
0000063293130720131900020728187471
0000063303130720131904010800328040
0000063313130720131904012176362731
0000063323130720131904013216582603
0000063333130720131909012413665465
0000063343130720131913012044908095
0000063353130720131919015195158278
0000063363140720130618012919610602
0000063373140720130640019024197840
0000063383140720130642013319746587
0000063393140720130644012484753057
0000063403140720130646012612285565
0000063413140720130650010117312573
0000063423140720130651021030657426
0000063433140720130657012380364666
0000063443140720130657012478711763
0000063453140720130657012555174496
0000063463140720130658012380989410
0000063473140720130658012447756730
0000063483140720130659012447756730
0000063493140720130700013287856293
0000063503140720130700012537141441
0000063513140720130702013049770626
0000063523140720130703013089592583
0000063533140720130703012717311604
0000063543140720130703013115739582
0000063553140720130705012640964587
0000063563140720130705012623352609
0000063573140720130709016426312151
0000063583140720130709012687336604
0000063593140720130710013283694604
0000063603140720130710019038066271
0000063613140720130711010027963389
0000063623140720130711010728402499
0000063633140720130712012550828676
0000063643140720130712012606067608
0000063653140720130713013104205549
0000063663140720130713012995385568
0000063673140720130713016208924457
0000063683140720130714010800328040
0000063693140720130715019035019531
0000063703140720130715012965194608
0000063713140720130716012672055582
0000063723140720130717013109375604
0000063733140720130717012738213628
0000063743140720130720012976884589
0000063753140720130720015774279271
0000063763140720130721015195158278
0000063773140720130724012660972623
0000063783140720130724012741695565
0000063793140720130726016559843816
0000063803140720130729012760305580
0000063813140720130732012193107221
0000063823140720130735012938212587
0000063833140720130742018221290284
0000063843140720130743012477246072
0000063853140720130745020107848044
0000063863140720130746020762577953
0000063873140720130800013341204546
0000063883140720130843011974148372
0000063893140720131844019012657825
0000063903140720131848012772235582
0000063913140720131856012742113608
0000063923140720131857012477389655
0000063933140720131858016271900195
0000063943140720131900012484753057
0000063953140720131901012525180846
0000063963140720131902018221431686
0000063973140720131902013049770626
0000063983140720131903011974148372
0000063993140720131904021030657426
0000064003140720131910012555174496
0000064013140720131915016558907977
0000064023140720131915012687336604
0000064033140720131917012381030443
0000064043140720131924016426312151
0000064053140720131925013109375604
0000064063140720131948012670677624
0000064073140720131949020765659403
0000064083150720130634012519156092
0000064093150720130637013173312626
0000064103150720130640012371540775
0000064113150720130642012176362731
0000064123150720130643013248433565
0000064133150720130645013172115541
0000064143150720130646012538029483
0000064153150720130646013465354817
0000064163150720130649012802922116
0000064173150720130652012851794606
0000064183150720130652012827643563
0000064193150720130654013287856293
0000064203150720130657013350901939
0000064213150720130700012381030443
0000064223150720130701012550828676
0000064233150720130702012477389655
0000064243150720130703018111187594
0000064253150720130704012742113608
0000064263150720130704012090266823
0000064273150720130704012380364666
0000064283150720130706012717311604
0000064293150720130706018221431686
0000064303150720130706019024197840
0000064313150720130706016271900195
0000064323150720130707013104205549
0000064333150720130707012875834624
0000064343150720130708012970305609
0000064353150720130709019012657825
0000064363150720130710012612285565
0000064373150720130710012413665465
0000064383150720130710020765841783
0000064393150720130710012805580623
0000064403150720130711012044908095
0000064413150720130714016558907977
0000064423150720130714013261293585
0000064433150720130715012919610602
0000064443150720130715012938212587
0000064453150720130716016992755006
0000064463150720130719019035019531
0000064473150720130720012525180846
0000064483150720130721010117312573
0000064493150720130721012334764118
0000064503150720130724019011902834
0000064513150720130725019006769099
0000064523150720130728013319746587
0000064533150720130729020762577953
0000064543150720130729012623352609
0000064553150720130730012741695565
0000064563150720130731012380989410
0000064573150720130732013341204546
0000064583150720130742013401082603
0000064593150720130758012669365606
0000064603150720130800013369017600
0000064613150720130805012978754585
0000064623150720130822012537757965
0000064633150720130833012670677624
0000064643150720130842018054856240
0000064653150720130900013445927773
0000064663150720130920011497117148
0000064673150720131313013216582603
0000064683150720131714012978754585
0000064693150720131750018054856240
0000064703150720131751013346415626
0000064713150720131753012537757965
0000064723150720131805012044908095
0000064733150720131851016271900195
0000064743150720131851013283694604
0000064753150720131859013115739582
0000064763150720131859013261293585
0000064773150720131900012606067608
0000064783150720131900012176362731
0000064793150720131901014270490272
0000064803150720131901013248433565
0000064813150720131910013369017600
0000064823150720131910013369017600
0000064833150720131911012538029483
0000064843150720131916013216582603
0000064853150720131921016034273510
0000064863150720131926013064808620
0000064873150720131940013340472628
0000064883150720131954013399256603
0000064893150720131957010661988071
0000064903160720130626012631147547
0000064913160720130630012447756730
0000064923160720130648013221220625
0000064933160720130650021030657426
0000064943160720130652013359379607
0000064953160720130652012867217581
0000064963160720130653016426312151
0000064973160720130655018221431686
0000064983160720130655018221431686
0000064993160720130656018221431686
0000065003160720130657018221431686
0000065013160720130657013359379607
0000065023160720130658016559837492
0000065033160720130658012996148543
0000065043160720130658018111187594
0000065053160720130659012090266823
0000065063160720130700012827643563
0000065073160720130700019006769099
0000065083160720130700016034273510
0000065093160720130700016271900195
0000065103160720130702012899058624
0000065113160720130703012507549248
0000065123160720130703012788517620
0000065133160720130704020412059058
0000065143160720130705013115739582
0000065153160720130707013350901939
0000065163160720130707012938212587
0000065173160720130707012687336604
0000065183160720130708012555174496
0000065193160720130708012851794606
0000065203160720130709012802922116
0000065213160720130710012780072581
0000065223160720130710013064808620
0000065233160720130710013283694604
0000065243160720130710012550828676
0000065253160720130711012093421471
0000065263160720130711012413665465
0000065273160720130711012606067608
0000065283160720130711012334764118
0000065293160720130716012478711763
0000065303160720130717012875834624
0000065313160720130718013465354817
0000065323160720130718013173312626
0000065333160720130719012978377625
0000065343160720130719012371540775
0000065353160720130719010661988071
0000065363160720130722020765841783
0000065373160720130722012805580623
0000065383160720130723019011902834
0000065393160720130725012477389655
0000065403160720130726011696742131
0000065413160720130729013369017600
0000065423160720130737012970305609
0000065433160720130751019000623483
0000065443160720130808013109375604
0000065453160720130820012978754585
0000065463160720130824012669365606
0000065473160720130827016992755006
0000065493160720130806013445927773
0000065513160720130847012537757965
0000065523160720130858018054856240
0000065533160720130859013340472628
0000065543160720130916012794617542
0000065553160720131641012978754585
0000065563160720131649012537757965
0000065573160720131734013445927773
0000065583160720131743015853828278
0000065593160720131805018054856240
0000065603160720131806012669365606
0000065613160720131809013346415626
0000065623160720131810020765659403
0000065633160720131835012670677624
0000065643160720131839019012657825
0000065653160720131850012478711763
0000065663160720131852016271900195
0000065673160720131858012525180846
0000065683160720131900021030657426
0000065693160720131903012832854623
0000065703160720131906012742113608
0000065713160720131907012381030443
0000065723160720131907012555174496
0000065733160720131907016558907977
0000065743160720131920012687336604
0000065753160720131935016426312151
0000065763160720131943012781811078
0000065773160720131943015853828278
0000065783160720131948013369017600
0000065793160720131949013109375604
0000065803170720130638012176362731
0000065813170720130639012472079984
0000065823170720130642013350901939
0000065833170720130644013261293585
0000065843170720130648014368972275
0000065853170720130651013399809629
0000065863170720130653012447754835
0000065873170720130654020766123841
0000065883170720130655012550828676
0000065893170720130656012743360587
0000065903170720130656012447648547
0000065913170720130658013221220625
0000065923170720130659012867217581
0000065933170720130659020765659403
0000065943170720130700013248433565
0000065953170720130702013332112561
0000065963170720130702019012657825
0000065973170720130702013145826629
0000065983170720130703016271900195
0000065993170720130704017045046764
0000066003170720130704012742113608
0000066013170720130704012794617542
0000066023170720130704012044908095
0000066033170720130706012381030443
0000066043170720130706012093421471
0000066053170720130706012978377625
0000066063170720130706011696742131
0000066073170720130706013359379607
0000066083170720130707012525180846
0000066093170720130707016558907977
0000066103170720130707012996148543
0000066113170720130711013084967562
0000066123170720130711010800328040
0000066133170720130711013112637568
0000066143170720130711013341212603
0000066153170720130712013302245563
0000066163170720130713012672055582
0000066173170720130713012672055582
0000066183170720130714013032643561
0000066193170720130716012631147547
0000066203170720130718012899058624
0000066213170720130718012538029483
0000066223170720130719018221431686
0000066233170720130726012780072581
0000066243170720130727013172115541
0000066253170720130729012477389655
0000066263170720130729012477389655
0000066273170720130730012788517620
0000066283170720130731012978754585
0000066293170720130738013369017600
0000066303170720130740012670677624
0000066313170720130743019000623483
0000066323170720130745016559837492
0000066333170720130802012832854623
0000066343170720130830013346415626
0000066353170720130836012537757965
0000066363170720130845012669365606
0000066383170720130804013445927773
0000066403170720130913018054856240
0000066413170720131304013216582603
0000066423170720131734012978754585
0000066433170720131746013346415626
0000066443170720131747012537757965
0000066453170720131820013445927773
0000066463170720131821018054856240
0000066473170720131830012606067608
0000066483170720131834012640964587
0000066493170720131840013364583624
0000066503170720131841013172115541
0000066513170720131844019035599597
0000066523170720131850015853828278
0000066533170720131851012781811078
0000066543170720131852013302245563
0000066553170720131853010661988071
0000066563170720131854013115739582
0000066573170720131854012477389655
0000066583170720131855012176362731
0000066593170720131855012176362731
0000066603170720131856013216582603
0000066613170720131856012044908095
0000066623170720131856012176362731
0000066633170720131856013283694604
0000066643170720131857013032643561
0000066653170720131857019000623483
0000066663170720131857019000623483
0000066673170720131859013248433565
0000066683170720131902013261293585
0000066693170720131907012938212587
0000066703170720131916013399809629
0000066713170720131921012447756730
0000066723170720131931012672055582
0000066733180720130623012478711763
0000066743180720130642012835827627
0000066753180720130642012447756730
0000066763180720130642012447756730
0000066773180720130645012037738465
0000066783180720130650013221220625
0000066793180720130650019028175884
0000066803180720130651016426312151
0000066813180720130652013182496548
0000066823180720130653019011902834
0000066833180720130654012588967584
0000066843180720130655020412059058
0000066853180720130655012687336604
0000066863180720130655012703576562
0000066873180720130656013166042589
0000066883180720130657012274771873
0000066893180720130657010606179051
0000066903180720130658010109237835
0000066913180720130659012885430585
0000066923180720130659012987837625
0000066933180720130659012613488605
0000066943180720130700013350901939
0000066953180720130701012555174496
0000066963180720130702012640964587
0000066973180720130703013064808620
0000066983180720130704019035599597
0000066993180720130705013283694604
0000067003180720130705012472079984
0000067013180720130705017045046764
0000067023180720130705014368972275
0000067033180720130706012743360587
0000067043180720130707013228264547
0000067053180720130707013115739582
0000067063180720130708012447754835
0000067073180720130710021030657426
0000067083180720130711013341212603
0000067093180720130712016034273510
0000067103180720130712010661988071
0000067113180720130713010661988071
0000067123180720130715012938212587
0000067133180720130716013084967562
0000067143180720130716013112637568
0000067153180720130717013369017600
0000067163180720130717013717157778
0000067173180720130718013145826629
0000067183180720130719020766123841
0000067193180720130719013364583624
0000067203180720130719013161621602
0000067213180720130720012477389655
0000067223180720130720013109375604
0000067233180720130722013332112561
0000067243180720130727010800328040
0000067253180720130731012550828676
0000067263180720130804012978754585
0000067273180720130815013346415626
0000067283180720130817012537757965
0000067293180720130846012669365606
0000067313180720130817013445927773
0000067333180720130852018054856240
0000067343180720131349010606004081
0000067383180720131532010806944681
0000067393180720131714012978754585
0000067403180720131718012669365606
0000067413180720131738013346415626
0000067423180720131747018054856240
0000067433180720131750012537757965
0000067443180720131752013445927773
0000067453180720131837019012657825
0000067463180720131844016271900195
0000067473180720131848016558907977
0000067483180720131851020765659403
0000067493180720131856012742113608
0000067503180720131857012555174496
0000067513180720131900021030657426
0000067523180720131900010606179051
0000067533180720131900012525180846
0000067543180720131903012381030443
0000067553180720131904012687336604
0000067563180720131910016426312151
0000067573180720131911013109375604
0000067583180720131916019011902834
0000067593180720132025012670677624
0000067603190720130628012176362731
0000067613190720130633020765659403
0000067623190720130639020107848044
0000067633190720130645012283239259
0000067643190720130648012760305580
0000067653190720130649012787840584
0000067663190720130650010728402499
0000067673190720130654012987837625
0000067683190720130654012435260174
0000067693190720130655012660972623
0000067703190720130656013248433565
0000067713190720130656013248433565
0000067723190720130656019012657825
0000067733190720130657016271900195
0000067743190720130657013172115541
0000067753190720130657012044908095
0000067763190720130657012703576562
0000067773190720130658012738213628
0000067783190720130658010606179051
0000067793190720130658013228264547
0000067803190720130659013182496548
0000067813190720130659012274771873
0000067823190720130659016208924457
0000067833190720130659013717157778
0000067843190720130659012381030443
0000067853190720130700012885430585
0000067863190720130700013161621602
0000067873190720130700012959720565
0000067883190720130700010109237835
0000067893190720130700012538029483
0000067903190720130700012965194608
0000067913190720130700012477246072
0000067923190720130701016558907977
0000067933190720130701012742113608
0000067943190720130701012995385568
0000067953190720130702019011902834
0000067963190720130702013261293585
0000067973190720130702012193107221
0000067983190720130704012037738465
0000067993190720130705012588967584
0000068003190720130706012776030543
0000068013190720130706013216582603
0000068023190720130706020412059058
0000068033190720130706019028175884
0000068043190720130707010806944681
0000068053190720130709013166042589
0000068063190720130709012525180846
0000068073190720130709012477389655
0000068083190720130710013089592583
0000068093190720130710013221220625
0000068103190720130711012672055582
0000068113190720130712012835827627
0000068123190720130716013125683628
0000068133190720130717018221290284
0000068143190720130723013341204546
0000068153190720130740012978754585
0000068163190720130748012670677624
0000068173190720130758013165406609
0000068183190720130819012537757965
0000068193190720130825013346415626
0000068203190720130831013445927773
0000068213190720130831012669365606
0000068223190720130837018054856240
0000068233190720130915013328164625
0000068243190720131236012413665465
0000068253190720131236013089592583
0000068263190720131750012537757965
0000068273190720131757012669365606
0000068283190720131826018054856240
0000068293190720131826013346415626
0000068303190720131827013445927773
0000068313190720131841013115739582
0000068323190720131841013283694604
0000068333190720131843012640964587
0000068343190720131852012176362731
0000068353190720131854012606067608
0000068363190720131858013261293585
0000068373190720131900012478711763
0000068383190720131901013248433565
0000068393190720131902012044908095
0000068403190720131902012538029483
0000068413190720131910010606179051
0000068423190720131913013064808620
0000068433190720131914010661988071
0000068443190720131920019011902834
0000068453190720132027012629839542
0000068463200720130618012447756730
0000068473200720130939013109375604
0000068483200720130941016426312151
0000068493200720130942020728187471
0000068503200720130942012555174496
0000068513200720130943012478711763
0000068523200720130943012478711763
0000068533200720130943021030657426
0000068543200720130944013319746587
0000068553200720130944019000623483
0000068563200720130944012919610602
0000068573200720130944012919610602
0000068583200720130945012919610602
0000068593200720130945019000623483
0000068603200720130945012537141441
0000068613200720130946013049770626
0000068623200720130948019011902834
0000068633200720130948019011902834
0000068643200720130948012484753057
0000068653200720130952012687336604
0000068663200720130954013104205549
0000068673200720130955019035019531
0000068683200720131013019038066271
0000068693200720131021012612285565
0000068703200720131045012380364666
0000068713200720131514013399809629
0000068723200720131537012717311604
0000068733200720131750010661988071
0000068743200720131844012447756730
0000068753200720131844012478711763
0000068763200720131849012996148543
0000068773200720131849016558907977
0000068783200720131850012742113608
0000068793200720131853021030657426
0000068803200720131854020762577953
0000068813200720131903012670677624
0000068823200720131904012687336604
0000068833200720131906012484753057
0000068843200720131907012477389655
0000068853200720131909012525180846
0000068863200720131910012555174496
0000068873200720131910019000623483
0000068883200720131912012381030443
0000068893200720131914015195158278
0000068903200720131923013109375604
0000068913200720131923013109375604
0000068923200720131943011974148372
0000068933210720130628012176362731
0000068943210720130640012851794606
0000068953210720130648012550828676
0000068963210720130650013182496548
0000068973210720130650012090266823
0000068983210720130651012380989410
0000068993210720130651012380989410
0000069003210720130652013216582603
0000069013210720130652012970305609
0000069023210720130652013465354817
0000069033210720130653012827643563
0000069043210720130653016271900195
0000069053210720130653013350901939
0000069063210720130655012413665465
0000069073210720130655019012657825
0000069083210720130656013287856293
0000069093210720130657012805580623
0000069103210720130659012623352609
0000069113210720130700012612285565
0000069123210720130700013049770626
0000069133210720130700012537141441
0000069143210720130700012381030443
0000069153210720130701012741695565
0000069163210720130701013109375604
0000069173210720130701012640964587
0000069183210720130703019038066271
0000069193210720130704012976884589
0000069203210720130704012717311604
0000069213210720130704012742113608
0000069223210720130706019035019531
0000069233210720130706019006769099
0000069243210720130707016426312151
0000069253210720130708013399809629
0000069263210720130708020728187471
0000069273210720130710015195158278
0000069283210720130713013104205549
0000069293210720130716012380364666
0000069303210720130716013319746587
0000069313210720130716012919610602
0000069323210720130717010661988071
0000069333210720130723016558907977
0000069343210720130723012477389655
0000069353210720130723012477389655
0000069363210720130725012670677624
0000069373210720130726015774279271
0000069383210720130729012044908095
0000069393210720130730012334764118
0000069403210720130732012938212587
0000069413210720130732018111187594
0000069423210720130737012996148543
0000069433210720130738013341204546
0000069443210720130811011497117148
0000069453210720130813019011902834
0000069463210720131815010661988071
0000069473210720131829013283694604
0000069483210720131836012606067608
0000069493210720131839013173312626
0000069503210720131848013115739582
0000069513210720131849012772235582
0000069523210720131849020765841783
0000069533210720131851016271900195
0000069543210720131853013182496548
0000069553210720131855012477389655
0000069563210720131858012176362731
0000069573210720131858013216582603
0000069583210720131858012044908095
0000069593210720131900012996148543
0000069603210720131902013064808620
0000069613210720131918012640964587
0000069623210720131918016034273510
0000069633210720131936019012657825
0000069643210720131936019012657825
0000069653220720130625012631147547
0000069663220720130631012371540775
0000069673220720130634018221431686
0000069683220720130638012447648547
0000069693220720130638012996148543
0000069703220720130643012447756730
0000069713220720130646011696742131
0000069723220720130646021030657426
0000069733220720130650018111187594
0000069743220720130650012772235582
0000069753220720130651012802922116
0000069763220720130653012672055582
0000069773220720130653012867217581
0000069783220720130654012090266823
0000069793220720130654013359379607
0000069803220720130655012929874564
0000069813220720130655019006769099
0000069823220720130656012484753057
0000069833220720130657012555174496
0000069843220720130657013287856293
0000069853220720130657013115739582
0000069863220720130658012413664892
0000069873220720130659012093421471
0000069883220720130700012606067608
0000069893220720130700012875834624
0000069903220720130700010661988071
0000069913220720130701012851794606
0000069923220720130703012938212587
0000069933220720130703016992755006
0000069943220720130703013064808620
0000069953220720130705012413665465
0000069963220720130705012827643563
0000069973220720130705012978377625
0000069983220720130705012507549248
0000069993220720130710012334764118
0000070003220720130710012687336604
0000070013220720130711012970305609
0000070023220720130711013465354817
0000070033220720130711013283694604
0000070043220720130713016426312151
0000070053220720130714012805580623
0000070063220720130714012550828676
0000070073220720130714012550828676
0000070083220720130714012623352609
0000070093220720130714013109375604
0000070103220720130717020765841783
0000070113220720130717013173312626
0000070123220720130727013369017600
0000070133220720130730012478711763
0000070143220720130730013401082603
0000070153220720130741012978754585
0000070163220720130754011497117148
0000070173220720130801012380989410
0000070183220720130805013328164625
0000070193220720130820012537757965
0000070203220720130844012669365606
0000070213220720130844012669365606
0000070233220720130811013445927773
0000070253220720130919018054856240
0000070273220720131008012550828676
0000070283220720131008012794617542
0000070293220720131733012669365606
0000070303220720131741013346415626
0000070313220720131741012537757965
0000070323220720131742018054856240
0000070333220720131802013445927773
0000070343220720131812012978754585
0000070353220720131821012742113608
0000070363220720131825019012657825
0000070373220720131825019012657825
0000070383220720131848016558907977
0000070393220720131853016271900195
0000070403220720131856012525180846
0000070413220720131856012477389655
0000070423220720131858021030657426
0000070433220720131858020765659403
0000070443220720131859012413665465
0000070453220720131859014270490272
0000070463220720131900012484753057
0000070473220720131900012381030443
0000070483220720131903013182496548
0000070493220720131905012978377625
0000070503220720131905012996148543
0000070513220720131906013369017600
0000070523220720131906013369017600
0000070533220720131906012555174496
0000070543220720131907012687336604
0000070553220720131910012670677624
0000070563220720131913013109375604
0000070573220720131919013328164625
0000070583220720131936016426312151
0000070593220720131940013340472628
0000070603220720131944013399256603
0000070613230720130625012472079984
0000070623230720130625017045046764
0000070633230720130625013364583624
0000070643230720130630016559837492
0000070653230720130632012176362731
0000070663230720130641020766123841
0000070673230720130646012899058624
0000070683230720130646012447754835
0000070693230720130649020765659403
0000070703230720130649020765659403
0000070713230720130651013261293585
0000070723230720130651012743360587
0000070733230720130654013327971543
0000070743230720130657012357054974
0000070753230720130658013112637568
0000070763230720130658013399809629
0000070773230720130658013084967562
0000070783230720130658012538029483
0000070793230720130659012538029483
0000070803230720130700019012657825
0000070813230720130700012742113608
0000070823230720130700016271900195
0000070833230720130701012413664892
0000070843230720130701013248433565
0000070853230720130701013359379607
0000070863230720130701011696742131
0000070873230720130702016558907977
0000070883230720130702012929874564
0000070893230720130703012525180846
0000070903230720130703012381030443
0000070913230720130704012780072581
0000070923230720130704012867217581
0000070933230720130704012413665465
0000070943230720130705012044908095
0000070953230720130705012631147547
0000070963230720130705012447648547
0000070973230720130705012447648547
0000070983230720130705012802922116
0000070993230720130706012670677624
0000071003230720130706012093421471
0000071013230720130707019035599597
0000071023230720130707012477389655
0000071033230720130707012794617542
0000071043230720130710013369017600
0000071053230720130710013161621602
0000071063230720130710013369017600
0000071073230720130716013216582603
0000071083230720130722016992755006
0000071093230720130732018221431686
0000071103230720130733019000623483
0000071113230720130735015853828278
0000071123230720130736012781811078
0000071133230720130744012371540775
0000071143230720130745013182496548
0000071153230720130747012978754585
0000071163230720130819013340472628
0000071173230720130832012672055582
0000071183230720130833013346415626
0000071193230720130833012669365606
0000071203230720130833012537757965
0000071213230720130834013445927773
0000071223230720130838014368972275
0000071233230720130838012447648547
0000071243230720130948018054856240
0000075133230720131731012978754585
0000075143230720131731012537757965
0000075153230720131738018054856240
0000075163230720131804013445927773
0000075173230720131820019024197840
0000075183230720131837013346415626
0000075193230720131846012640964587
0000075203230720131846016034273510
0000075213230720131848010661988071
0000075223230720131849013115739582
0000075233230720131849013283694604
0000075243230720131849012176362731
0000075253230720131851012606067608
0000075263230720131853013399809629
0000075273230720131856013248433565
0000075283230720131857012477403208
0000075293230720131857012044908095
0000075303230720131858012477389655
0000075313230720131858013261293585
0000075323230720131902019035599597
0000075333230720131905012538029483
0000075343230720131909019000623483
0000075353230720131918013064808620
0000075363230720131930013369017600
0000075373230720131931015853828278
0000075383230720131933012781811078
0000075393240720130620012447756730
0000075403240720130632012835827627
0000075413240720130633021030657426
0000075423240720130644012885430585
0000075433240720130648010800328040
0000075443240720130650013221220625
0000075453240720130651013332112561
0000075463240720130652012613488605
0000075473240720130653012996148543
0000075483240720130653013341212603
0000075493240720130654020412059058
0000075503240720130656013166042589
0000075513240720130656012274771873
0000075523240720130658010109237835
0000075533240720130658012687336604
0000075543240720130659016426312151
0000075553240720130659012555174496
0000075563240720130659013327971543
0000075573240720130700012037738465
0000075583240720130700020766123841
0000075593240720130701016559837492
0000075603240720130701013228264547
0000075613240720130701013283694604
0000075623240720130701013115739582
0000075633240720130701012788517620
0000075643240720130704019024197840
0000075653240720130705012606067608
0000075663240720130705012640964587
0000075673240720130708013112637568
0000075683240720130710015900373278
0000075693240720130710012477389655
0000075703240720130711012743360587
0000075713240720130713019028175884
0000075723240720130714012899058624
0000075733240720130714013064808620
0000075743240720130715012472079984
0000075753240720130717012959720565
0000075763240720130717012780072581
0000075773240720130718012447754835
0000075783240720130718013364583624
0000075793240720130718013717157778
0000075803240720130721013109375604
0000075813240720130722012357054974
0000075823240720130723012477403208
0000075833240720130723013084967562
0000075843240720130735012478711763
0000075853240720130742013032643561
0000075863240720130743012978754585
0000075873240720130743019000623483
0000075883240720130755019001662830
0000075893240720130755013369017600
0000075903240720130756014368972275
0000075913240720130757012987837625
0000075923240720130821012537757965
0000075933240720130828013302245563
0000075943240720130926018054856240
0000075953240720131800012978754585
0000075963240720131819018054856240
0000075973240720131832012537757965
0000075983240720131840020765659403
0000075993240720131840019012657825
0000076003240720131843016271900195
0000076013240720131843012447756730
0000076023240720131843012478711763
0000076033240720131847016558907977
0000076043240720131854012525180846
0000076053240720131855013032643561
0000076063240720131855013302245563
0000076073240720131856019001662830
0000076083240720131856012670677624
0000076093240720131856012555174496
0000076103240720131857013182496548
0000076113240720131859012742113608
0000076123240720131901012885430585
0000076133240720131901021030657426
0000076143240720131903012381030443
0000076153240720131906019000623483
0000076163240720131909012687336604
0000076173240720131914016426312151
0000076183240720131915013109375604
0000076193240720131956015853828278
0000076203240720131956012781811078
0000076213250720130630012176362731
0000076223250720130644010728402499
0000076233250720130644013261293585
0000076243250720130645013216582603
0000076253250720130647012435260174
0000076263250720130648013248433565
0000076273250720130651012787840584
0000076283250720130651020107848044
0000076293250720130652012588967584
0000076303250720130653012743360587
0000076313250720130655012477246072
0000076323250720130656012738213628
0000076333250720130657012274771873
0000076343250720130657012672055582
0000076353250720130659010606179051
0000076363250720130700012742113608
0000076373250720130700019028175884
0000076383250720130700012381030443
0000076393250720130701015900373278
0000076403250720130701019012657825
0000076413250720130701013228264547
0000076423250720130701012835827627
0000076433250720130701016558907977
0000076443250720130702012788517620
0000076453250720130702016208924457
0000076463250720130702012995385568
0000076473250720130702013125683628
0000076483250720130702010806944681
0000076493250720130702012037738465
0000076503250720130703012959720565
0000076513250720130703012044908095
0000076523250720130703016271900195
0000076533250720130703012996148543
0000076543250720130704010109237835
0000076553250720130704013332112561
0000076563250720130705020412059058
0000076573250720130705013166042589
0000076583250720130705012525180846
0000076593250720130706013341212603
0000076603250720130707012613488605
0000076613250720130707012660972623
0000076623250720130707019011902834
0000076633250720130708012760305580
0000076643250720130712012965194608
0000076653250720130714013182496548
0000076663250720130715013172115541
0000076673250720130716012670677624
0000076683250720130716012987837625
0000076693250720130716013221220625
0000076703250720130718013717157778
0000076713250720130719010800328040
0000076723250720130725012193107221
0000076733250720130733018221290284
0000076743250720130735013369017600
0000076753250720130738012538029483
0000076763250720130739010606004081
0000076773250720130806012669365606
0000076783250720130901013089592583
0000076793250720130905012537757965
0000076803250720130905012537757965
0000076813250720130906013328164625
0000076823250720130920018054856240
0000076833250720130935013445927773
0000076843250720131720012669365606
0000076853250720131723018054856240
0000076863250720131805012537757965
0000076873250720131806013346415626
0000076883250720131817010661988071
0000076893250720131844013283694604
0000076903250720131845012176362731
0000076913250720131845012640964587
0000078873250720131852013115739582
0000078883250720131852012606067608
0000078893250720131853013172115541
0000078903250720131854013248433565
0000078913250720131855013064808620
0000078923250720131855012538029483
0000078933250720131856012044908095
0000078943250720131900013216582603
0000078953250720131907010606179051
0000078963250720131908012477403208
0000078973250720131913013261293585
0000078983250720131928013328164625
0000078993250720131941016034273510
0000079003250720132001019011902834
0000079033250720132242013175087581
0000079053260720130050013445927773
0000079063260720130622012447756730
0000079073260720130628016426312151
0000079083260720130628012919610602
0000079093260720130632019024197840
0000079103260720130639017016186545
0000079113260720130643021030657426
0000079123260720130646013319746587
0000079133260720130648012741695565
0000079143260720130648012484753057
0000079153260720130649012996148543
0000079163260720130650012555174496
0000079173260720130650012717311604
0000079183260720130651012687336604
0000079193260720130656012787840584
0000079203260720130658013049770626
0000079213260720130659019011902834
0000079223260720130659013104205549
0000079233260720130659012478711763
0000079243260720130700012738213628
0000079253260720130700012435260174
0000079263260720130700012477246072
0000079273260720130700013125683628
0000079283260720130700012995385568
0000079293260720130701016208924457
0000079303260720130701010728402499
0000079313260720130701013115739582
0000079323260720130701012606067608
0000079333260720130701016559843816
0000079343260720130702012640964587
0000079353260720130702013283694604
0000079363260720130703016034273510
0000079373260720130703012965194608
0000079383260720130703013089592583
0000079393260720130704013287856293
0000079403260720130704012588967584
0000079413260720130704012380364666
0000079423260720130704013064808620
0000079433260720130705012760305580
0000079443260720130705010806944681
0000079453260720130705018221290284
0000079463260720130706020107848044
0000079473260720130707010661988071
0000079483260720130708010606004081
0000079493260720130709010606179051
0000079503260720130711010117312573
0000079513260720130712010117312573
0000079523260720130712012193107221
0000079533260720130716012660972623
0000079543260720130717012672055582
0000079553260720130717012477403208
0000079563260720130719013165406609
0000079573260720130724012776030543
0000079583260720130734012743360587
0000079593260720130741013109375604
0000079603260720130743013445927773
0000079613260720130801013341204546
0000079623260720130848012669365606
0000079633260720130901012537757965
0000079643260720130901013346415626
0000079653260720130916018054856240
0000079663260720130946015900373278
0000079693260720130953012645519581
0000079703260720131222010606179051
0000079713260720131717012537757965
0000079723260720131721018054856240
0000079733260720131744012669365606
0000079743260720131837016558907977
0000079753260720131841012447756730
0000079763260720131841012478711763
0000079773260720131845012525180846
0000079783260720131846016271900195
0000079793260720131847019012657825
0000079803260720131848012670677624
0000079813260720131848013399809629
0000079823260720131855020765659403
0000079833260720131856012741695565
0000079843260720131903012555174496
0000079853260720131903012381030443
0000079863260720131903012742113608
0000079873260720131904012978377625
0000079883260720131905013049770626
0000079893260720131906013346415626
0000079903260720131907012484753057
0000079913260720131907012687336604
0000079923260720131909012477389655
0000079933260720131910013328164625
0000079943260720131952013346415626
0000079953260720131958016426312151
0000079963260720131959013109375604
0000079973260720132012012629839542
0000079983270720130642012851794606
0000079993270720130643012176362731
0000080003270720130647012176362731
0000080013270720130648012827643563
0000080023270720130648010027963389
0000080033270720130648012090266823
0000080043270720130648013248433565
0000080053270720130648015900373278
0000080063270720130649013216582603
0000080073270720130649012938212587
0000080083270720130650012970305609
0000080093270720130651020766123841
0000080103270720130651012537141441
0000080113270720130652019012657825
0000080123270720130652012550828676
0000080133270720130654013341204546
0000080143270720130655012334764118
0000080153270720130657012413665465
0000080163270720130658013182496548
0000080173270720130659013261293585
0000080183270720130659012738213628
0000080193270720130659013287856293
0000080203270720130700012645519581
0000080213270720130700012805580623
0000080223270720130701016558907977
0000080233270720130702019024197840
0000080243270720130702012044908095
0000080253270720130702013104205549
0000080263270720130702012996148543
0000080273270720130702012381030443
0000080283270720130704012875834624
0000080293270720130704017016186545
0000080303270720130705012717311604
0000080313270720130705012670677624
0000080323270720130705016271900195
0000080333270720130705016271900195
0000080343270720130705016271900195
0000080353270720130708010117312573
0000080363270720130708012525180846
0000080373270720130709012477389655
0000080383270720130709012477389655
0000080393270720130709013399809629
0000080403270720130710012919610602
0000080413270720130710012919610602
0000080423270720130711012380364666
0000080433270720130711013319746587
0000080443270720130711012538029483
0000080453270720130714012978377625
0000080463270720130716019006769099
0000080473270720130716019006769099
0000080483270720130718020728187471
0000080493270720130724012776030543
0000080503270720130731019011902834
0000080513270720130733019038066271
0000080523270720130736013172115541
0000080533270720130742020765841783
0000080543270720130854019000623483
0000080553270720131803012738213628
0000080563270720131803013465354817
0000080573270720131840012606067608
0000080583270720131842013115739582
0000080593270720131844012044908095
0000080603270720131844013248433565
0000080613270720131846012371540775
0000080623270720131847016271900195
0000080633270720131847012538029483
0000080643270720131849013283694604
0000080653270720131849012176362731
0000080663270720131850013172115541
0000080673270720131854013064808620
0000080683270720131856012525180846
0000080693270720131858019000623483
0000080703270720131902013261293585
0000080713270720131902013112637568
0000080723270720131903013350901939
0000080733270720131907012477403208
0000080743270720131908013182496548
0000080753270720131914013216582603
0000080763270720131916011974148372
0000080773270720131933015195158278
0000080783280720130640016559837492
0000080793280720130640018221431686
0000080803280720130640013359379607
0000080813280720130646012507549248
0000080823280720130647012380989410
0000080833280720130650012631147547
0000080843280720130650020412059058
0000080853280720130651012447756730
0000080863280720130651019006769099
0000080873280720130653012090266823
0000080883280720130653012938212587
0000080893280720130654012805580623
0000080903280720130654020765841783
0000080913280720130654012851794606
0000080923280720130654012283239259
0000080933280720130654012093421471
0000080943280720130656012447754835
0000080953280720130657012827643563
0000080963280720130657012334764118
0000080973280720130658012550828676
0000080983280720130659012672055582
0000080993280720130700013115739582
0000081003280720130700012537141441
0000081013280720130700012794617542
0000081023280720130700012867217581
0000081033280720130702012875834624
0000081043280720130702010027963389
0000081053280720130705012970305609
0000081063280720130706012606067608
0000081073280720130707012978377625
0000081083280720130707012687336604
0000081093280720130707012413664892
0000081103280720130708021030657426
0000081113280720130708016426312151
0000081123280720130708012788517620
0000081133280720130708013465354817
0000081143280720130708012525180846
0000081153280720130709013283694604
0000081163280720130709015195158278
0000081173280720130709012413665465
0000081183280720130710019038066271
0000081193280720130711013341204546
0000081203280720130712012477389655
0000081213280720130714012929874564
0000081223280720130715012555174496
0000081233280720130715013350901939
0000081243280720130715013350901939
0000081253280720130718012976884589
0000081263280720130718015774279271
0000081273280720130721016271900195
0000081283280720130721012478711763
0000081293280720130725013109375604
0000081303280720130727012371540775
0000081313280720130734012477403208
0000081323280720130808019011902834
0000081333280720130839013064808620
0000081343280720131834020765659403
0000081353280720131835016558907977
0000081363280720131847012742113608
0000081373280720131847012996148543
0000081383280720131849012772235582
0000081393280720131850016271900195
0000081403280720131853012381030443
0000081413280720131856021030657426
0000081423280720131857012525180846
0000081433280720131858013350901939
0000081443280720131902012555174496
0000081453280720131905016426312151
0000081463280720131907012687336604
0000081473280720131909012477389655
0000081483280720131910013109375604
0000081493280720131915012672055582
0000081503280720131917012478711763
0000081513280720131918012447754835
0000081523280720131918013216782602
0000081533280720132045012670677624
0000081543290720130633012176362731
0000081553290720130635020766123841
0000081563290720130635012447648547
0000081573290720130638012371540775
0000081583290720130639012472079984
0000081593290720130639013364583624
0000081603290720130642012802922116
0000081613290720130645013327971543
0000081623290720130646013216582603
0000081633290720130646014368972275
0000081643290720130649017045046764
0000081653290720130654013399809629
0000081663290720130655012447754835
0000081673290720130658012672055582
0000081683290720130700013084967562
0000081693290720130700012381030443
0000081703290720130700013332112561
0000081713290720130700016558907977
0000081723290720130700012867217581
0000081733290720130701012978377625
0000081743290720130701012742113608
0000081753290720130701012413664892
0000081763290720130702012477389655
0000081773290720130702012929874564
0000081783290720130703012044908095
0000081793290720130704012093421471
0000081803290720130705020412059058
0000081813290720130707013145826629
0000081823290720130709013359379607
0000081833290720130709012670677624
0000081843290720130710016992755006
0000081853290720130711012794617542
0000081863290720130714012996148543
0000081873290720130716012380989410
0000081883290720130723018221431686
0000081893290720130723016271900195
0000081903290720130725012788517620
0000081913290720130725012538029483
0000081923290720130728013401082603
0000081933290720130728011497117148
0000081943290720130731012938212587
0000081953290720130733012283239259
0000081963290720130737016559837492
0000081973290720130737012507549248
0000081983290720130741012978754585
0000081993290720130753013341204546
0000082003290720130754012631147547
0000082013290720130809013261293585
0000082023290720130812018054856240
0000082033290720130819012669365606
0000082043290720130821012537757965
0000082053290720130829013445927773
0000082063290720130843013172115541
0000082073290720130847013369017600
0000082083290720130855013346415626
0000082093290720130859013248433565
0000082103290720131313013401082603
0000082113290720131702012978754585
0000082123290720131715018054856240
0000082133290720131725012537757965
0000082143290720131800013445927773
0000082153290720131831010661988071
0000082163290720131842013283694604
0000082173290720131843013115739582
0000082183290720131847012176362731
0000082193290720131847012640964587
0000082203290720131850013112637568
0000082213290720131851012938212587
0000082223290720131852013216582603
0000082233290720131853016034273510
0000082243290720131856013172115541
0000082253290720131857012044908095
0000082263290720131859013248433565
0000082273290720131900012538029483
0000082283290720131901012477403208
0000082293290720131902012672055582
0000082303290720131902012477389655
0000082313290720131906014270490272
0000082323290720131911012606067608
0000082333290720131912013261293585
0000082343290720131915013340472628
0000082353290720131923013399256603
0000082363290720131937013369017600
0000082373290720131940013064808620
0000082383300720130638021030657426
0000082393300720130639013221220625
0000082403300720130650012987837625
0000082413300720130650010109237835
0000082423300720130651012037738465
0000082433300720130651012447756730
0000082443300720130651012780072581
0000082453300720130652012899058624
0000082463300720130654013166042589
0000082473300720130655012555174496
0000082483300720130657012687336604
0000082493300720130657012274771873
0000082503300720130657013283694604
0000082513300720130658012613488605
0000082523300720130658020766123841
0000082533300720130658013064808620
0000082543300720130659012606067608
0000082553300720130659012835827627
0000082563300720130700012640964587
0000082573300720130700012802922116
0000082583300720130701013115739582
0000082593300720130704012996148543
0000082603300720130706013182496548
0000082613300720130707013327971543
0000082623300720130707016271900195
0000082633300720130708013399809629
0000082643300720130708013084967562
0000082653300720130709012478711763
0000082663300720130709013145826629
0000082673300720130710013112637568
0000082683300720130712012788517620
0000082693300720130712019028175884
0000082703300720130715013228264547
0000082713300720130716010661988071
0000082723300720130716012477389655
0000082733300720130717013161621602
0000082743300720130718012447648547
0000082753300720130719014368972275
0000082763300720130722012472079984
0000082773300720130723013364583624
0000082783300720130724013717157778
0000082793300720130724012371540775
0000082803300720130729012477403208
0000082813300720130736017045046764
0000082823300720130737012447754835
0000082833300720130737012959720565
0000082843300720130742013369017600
0000082853300720130748012928912624
0000082863300720130755012978754585
0000082873300720130816012537757965
0000082883300720130818015853828278
0000082893300720130818012781811078
0000082903300720130831016992755006
0000082913300720130834018054856240
0000082923300720130850019001662830
0000082943300720130806013445927773
0000082963300720130938013109375604
0000082973300720130956013340472628
0000082983300720131041019026460158
0000082993300720131706012978754585
0000083003300720131804013445927773
0000083013300720131804012537757965
0000083023300720131806018054856240
0000083033300720131820012477389655
0000083043300720131826012613488605
0000083053300720131826012613488605
0000083063300720131835019012657825
0000083073300720131838016558907977
0000083083300720131840012447756730
0000083093300720131846011696742131
0000083103300720131847012478711763
0000083113300720131849020765659403
0000083123300720131850012996148543
0000083133300720131852012742113608
0000083143300720131856012525180846
0000083153300720131857013109375604
0000083163300720131859021030657426
0000083173300720131902012687336604
0000083183300720131902012555174496
0000083193300720131910012381030443
0000083203300720131921019026460158
0000083213300720131922015853828278
0000083223300720131939012670677624
0000083233300720131940012670677624
0000083243300720132007013369017600
0000083253300720132008013175087581
0000083263300720132009013175087581
0000083273310720130633012176362731
0000083283310720130634012176362731
0000083293310720130640012760305580
0000083303310720130644013248433565
0000083313310720130647010728402499
0000083323310720130647020107848044
0000083333310720130649020765659403
0000083343310720130652013125683628
0000083353310720130652012672055582
0000083363310720130652012193107221
0000083373310720130654013341212603
0000083383310720130657012743360587
0000083393310720130658012738213628
0000083403310720130658010800328040
0000083413310720130659016558907977
0000083423310720130659013216582603
0000083433310720130700013161621602
0000083443310720130700012835827627
0000083453310720130700012037738465
0000083463310720130700012381030443
0000083473310720130700012044908095
0000083483310720130700012987837625
0000083493310720130701010109237835
0000083503310720130701012787840584
0000083513310720130701012995385568
0000083523310720130702013228264547
0000083533310720130702012274771873
0000083543310720130703012525180846
0000083553310720130703013182496548
0000083563310720130703016208924457
0000083573310720130704010109237835
0000083583310720130704013166042589
0000083593310720130704019012657825
0000083603310720130705013717157778
0000083613310720130706013261293585
0000083623310720130706019028175884
0000083633310720130706019028175884
0000083643310720130707016271900195
0000083653310720130707012435260174
0000083663310720130710012538029483
0000083673310720130711011696742131
0000083683310720130712013089592583
0000083693310720130713012742113608
0000083703310720130713012477246072
0000083713310720130713012965194608
0000083723310720130714012477389655
0000083733310720130714013221220625
0000083743310720130716013032643561
0000083753310720130719012899058624
0000083763310720130721013172115541
0000083773310720130721013369017600
0000083783310720130722018221290284
0000083793310720130722012660972623
0000083803310720130728012788517620
0000083813310720130732012670677624
0000083823310720130733012670677624
0000083833310720130737012780072581
0000083843310720130758012978754585
0000083853310720130807013302245563
0000083863310720130823012537757965
0000083873310720130831013445927773
0000083883310720130831012669365606
0000083893310720130847018054856240
