0000083903310720131726012978754585
0000083913310720131726013346415626
0000083923310720131753018054856240
0000083933310720131822015853828278
0000083943310720131822012781811078
0000083953310720131840012640964587
0000083963310720131844013283694604
0000083973310720131852013115739582
0000083983310720131853012606067608
0000083993310720131854010661988071
0000084003310720131855012176362731
0000084013310720131857013248433565
0000084023310720131858012538029483
0000084033310720131859013216582603
0000084043310720131901013302245563
0000084053310720131904012044908095
0000084063310720131904013032643561
0000084073310720131920012477403208
0000084083310720131920013261293585
0000084093010820130622012447756730
0000084103010820130625019024197840
0000084113010820130639012919610602
0000084123010820130646012687336604
0000084133010820130648021030657426
0000084143010820130648012717311604
0000084153010820130652012612285565
0000084163010820130653012555174496
0000084173010820130654012484753057
0000084183010820130655013115739582
0000084193010820130655012380364666
0000084203010820130655012741695565
0000084213010820130655012588967584
0000084223010820130656012703576562
0000084233010820130657013283694604
0000084243010820130658013049770626
0000084253010820130801012978754585
0000084263010820130802013328164625
0000084273010820130802013109375604
0000084283010820130802016426312151
0000084293010820130804013445927773
0000084303010820130804012478711763
0000084313010820130811019011902834
0000084323010820130815012537757965
0000084333010820130816013346415626
0000084373010820130823013203260602
0000084383010820130835018054856240
0000084393010820130843012669365606
0000084433010820130854013357909609
0000088353010820131009010800328040
0000094583010820131654012645519581
0000096563010820131659016559843816
0000096573010820131700020762577953
0000096583010820131702013104205549
0000096593010820131702013319746587
0000099393010820131750018054856240
0000099403010820131752018054856240
0000099413010820131758012669365606
0000099423010820131824020765659403
0000099433010820131838019012657825
0000099443010820131847016271900195
0000099453010820131849012742113608
0000099463010820131850013357909609
0000099473010820131850016558907977
0000099483010820131858012447756730
0000099493010820131858021030657426
0000099503010820131859012525180846
0000099513010820131905013203260602
0000099523010820131909012555174496
0000099533010820131911019011902834
0000099543010820131922013328164625
0000099553010820131926012687336604
0000099563010820131930012670677624
0000099573010820131935013109375604
0000099593010820131951016426312151
0000101593010820131958012654819606
0000101603010820132013013346415626
0000101613010820132013012537757965
0000101623010820132014013445927773
0000101633010820132112012381030443
0000101643020820130532012703576562
0000101653020820130606013173312626
0000101663020820130631012176362731
0000101673020820130632013115739582
0000101683020820130645017016186545
0000101693020820130646013465354817
0000101703020820130646012827643563
0000101713020820130653012550828676
0000101723020820130653012334764118
0000101733020820130653012851794606
0000101743020820130654012507549248
0000101753020820130654012672055582
0000101763020820130655012090266823
0000101773020820130655020765841783
0000101783020820130655012044908095
0000101793020820130656013248433565
0000101803020820130658012938212587
0000101813020820130658016558907977
0000101823020820130658012996148543
0000101833020820130659013216582603
0000101843020820130700012741695565
0000101853020820130700012654819606
0000101863020820130701016271900195
0000101873020820130701012525180846
0000101883020820130701012742113608
0000101893020820130701013104205549
0000101903020820130702012484753057
0000101913020820130702012875834624
0000101923020820130702012717311604
0000101933020820130702012381030443
0000101943020820130702010806944681
0000101953020820130703019024197840
0000101963020820130703019024197840
0000101973020820130703012380364666
0000101983020820130703012413665465
0000101993020820130704012606067608
0000102003020820130706012538029483
0000102013020820130707019012657825
0000102023020820130708012612285565
0000102033020820130708020762577953
0000102043020820130708012805580623
0000102053020820130709013319746587
0000102063020820130709012919610602
0000102073020820130709018111187594
0000102083020820130710010606004081
0000102093020820130710019011902834
0000102103020820130714012645519581
0000102113020820130716012670677624
0000102123020820130717013049770626
0000102133020820130719013172115541
0000102143020820130723019006769099
0000102153020820130727012776030543
0000102163020820130727013341204546
0000102173020820130736013165406609
0000102183020820130743012978754585
0000102193020820130806013346415626
0000102203020820130806012537757965
0000102213020820130812013445927773
0000105323020820130828018054856240
0000105333020820130828018111187594
0000105343020820130851012669365606
0000105353020820130945013287856293
0000105363020820130945012588967584
0000105373020820130946013328164625
0000111313020820131246015900373278
0000125143020820131743012669365606
0000125153020820131744018054856240
0000125163020820131756010661988071
0000125173020820131805012537757965
0000125183020820131805012537757965
0000125193020820131806013346415626
0000127173020820131834013261293585
0000127183020820131841012640964587
0000127193020820131850013283694604
0000127203020820131850012176362731
0000127213020820131854013172115541
0000127223020820131855013248433565
0000127233020820131856016034273510
0000127243020820131900013115739582
0000127253020820131902013216582603
0000127263020820131904013328164625
0000127273020820131908012606067608
0000127283020820131912012477403208
0000127293020820131912012044908095
0000127303020820131947013064808620
0000127313020820132034019011902834
0000127323020820132037012629839542
0000127333030820130414012629839542
0000127343030820130620012447756730
0000127353030820130622012631147547
0000127363030820130633012093421471
0000127373030820130634016559837492
0000127383030820130644011696742131
0000127393030820130645018221431686
0000127403030820130647020728187471
0000127413030820130649012670677624
0000127423030820130650010027963389
0000127433030820130650012413664892
0000127443030820130652012537141441
0000127453030820130652013287856293
0000127463030820130654012867217581
0000127473030820130655012687336604
0000127483030820130656012996148543
0000127493030820130659012334764118
0000127503030820130659017016186545
0000127513030820130659017016186545
0000127523030820130700013261293585
0000127533030820130700012827643563
0000127543030820130702012550828676
0000127553030820130705012776030543
0000127563030820130706010661988071
0000127573030820130706013173312626
0000127583030820130706012851794606
0000127593030820130706012929874564
0000127603030820130707013161621602
0000127613030820130707012640964587
0000127623030820130708012555174496
0000127633030820130711012875834624
0000127643030820130712012090266823
0000127653030820130713012507549248
0000127663030820130713012805580623
0000127673030820130713013341204546
0000127683030820130714019038066271
0000127693030820130714012938212587
0000127703030820130715020765841783
0000127713030820130715012477403208
0000127723030820130715019011902834
0000127733030820130717016426312151
0000127743030820130722013109375604
0000127753030820130726013283694604
0000127763030820130734012672055582
0000127773030820130740013350901939
0000127783030820130752019000623483
0000127793030820130822012478711763
0000127803030820130827013165406609
0000127813030820131836012447756730
0000127823030820131840020765659403
0000127833030820131841012742113608
0000127843030820131841019012657825
0000127853030820131842011974148372
0000127863030820131854021030657426
0000127873030820131856012525180846
0000127883030820131859012381030443
0000127893030820131900012687336604
0000127903030820131901012478711763
0000127913030820131901012478711763
0000127923030820131903012555174496
0000127933030820131906013465354817
0000127943030820131909012929874564
0000127953030820131911019006769099
0000127963030820131912012978377625
0000127973030820131912013161621602
0000127983030820131915019000623483
0000127993030820131916012413665465
0000128003030820131916013109375604
0000128013030820131919020728187471
0000128023030820131927015195158278
0000128033030820131940012670677624
0000128043040820130633013364583624
0000128053040820130633012472079984
0000128063040820130637012938212587
0000128073040820130642013248433565
0000128083040820130644012447648547
0000128093040820130648012538029483
0000128103040820130649012550828676
0000128113040820130651020412059058
0000128123040820130651012380989410
0000128133040820130651019006769099
0000128143040820130655012283239259
0000128153040820130656013084967562
0000128163040820130656013112637568
0000128173040820130657019035599597
0000128183040820130657019012657825
0000128193040820130700012742113608
0000128203040820130700012742113608
0000128213040820130700020766123841
0000128223040820130700013350901939
0000128233040820130700012835827627
0000128243040820130701012537141441
0000128253040820130701010027963389
0000128263040820130702012623352609
0000128273040820130702013145826629
0000128283040820130704013465354817
0000128293040820130704021030657426
0000128303040820130704012525180846
0000128313040820130704012381030443
0000128323040820130705012867217581
0000128333040820130705018221431686
0000128343040820130705018221431686
0000128353040820130705012093421471
0000128363040820130707013341204546
0000128373040820130708015195158278
0000128383040820130708012044908095
0000128393040820130710013332112561
0000128403040820130711013261293585
0000128413040820130714013172115541
0000128423040820130715012978377625
0000128433040820130717012606067608
0000128443040820130717012413664892
0000128453040820130719011696742131
0000128463040820130723012996148543
0000128473040820130726012794617542
0000128483040820130728016559837492
0000128493040820130729012631147547
0000128503040820130731012672055582
0000128513040820130734016426312151
0000128523040820130736012976884589
0000128533040820130736015774279271
0000128543040820130744019011902834
0000128553040820130746012357054974
0000128563040820130752019038066271
0000128573040820130758011497117148
0000128583040820131732010661988071
0000128593040820131821013327971543
0000128603040820131832012772235582
0000128613040820131835017045046764
0000128623040820131836013115739582
0000128633040820131837020412059058
0000128643040820131839012538029483
0000128653040820131842012938212587
0000128663040820131844014368972275
0000128673040820131844012447754835
0000128683040820131845012640964587
0000128693040820131851013283694604
0000128703040820131855013248433565
0000128713040820131900012606067608
0000128723040820131900012742113608
0000128733040820131900012835827627
0000128743040820131902013064808620
0000128753040820131904013112637568
0000128763040820131904013350901939
0000128773040820131904012938212587
0000128783040820131905012044908095
0000128793040820131909013261293585
0000128803040820131912012477389655
0000128813040820131914013465354817
0000128823040820131914018221431686
0000128833040820131915013465354817
0000128843040820131915018221431686
0000128853040820131917012477403208
0000128863050820130621012447756730
0000128873050820130631012371540775
0000128883050820130641012519156092
0000128893050820130652020412059058
0000128903050820130654012802922116
0000128913050820130655012670677624
0000128923050820130656012037738465
0000128933050820130657013228264547
0000128943050820130659012477389655
0000128953050820130659012772235582
0000128963050820130700013166042589
0000128973050820130703012283239259
0000128983050820130703012380989410
0000128993050820130703012987837625
0000129003050820130703013115739582
0000129013050820130704016426312151
0000129023050820130704012835827627
0000129033050820130705012687336604
0000129043050820130705012550828676
0000129053050820130705013084967562
0000129063050820130705013145826629
0000129073050820130705012274771873
0000129083050820130706013341204546
0000129093050820130706013283694604
0000129103050820130706016034273510
0000129113050820130707012938212587
0000129123050820130708013221220625
0000129133050820130708012555174496
0000129143050820130708012959720565
0000129153050820130710013350901939
0000129163050820130711012613488605
0000129173050820130711019028175884
0000129183050820130711019028175884
0000129193050820130711012640964587
0000129203050820130713017045046764
0000129213050820130715010661988071
0000129223050820130716016992755006
0000129233050820130717012477403208
0000129243050820130724014368972275
0000129253050820130724012472079984
0000129263050820130724012357054974
0000129273050820130724013064808620
0000129283050820130724013109375604
0000129293050820130725013364583624
0000129303050820130727019035599597
0000129313050820130727012447648547
0000129323050820130729013182496548
0000129333050820130730013327971543
0000129343050820130732013401082603
0000129353050820130733013161621602
0000129363050820130735012447754835
0000129373050820130736012623352609
0000129383050820130743013369017600
0000129393050820130807013332112561
0000129403050820130814013172115541
0000129413050820130818011497117148
0000129423050820130818012537757965
0000129433050820130818013346415626
0000129443050820130827013445927773
0000129453050820130850012669365606
0000129463050820130909018054856240
0000139533050820131409012951973669
0000143523050820131716012537757965
0000143533050820131717013346415626
0000145593050820131726013172115541
0000145603050820131751018054856240
0000145613050820131800012996148543
0000145623050820131802012669365606
0000145633050820131809013228264547
0000145643050820131826013445927773
0000145653050820131829012477389655
0000145663050820131839013084967562
0000145673050820131846019012657825
0000145683050820131846016271900195
0000145693050820131849020765659403
0000145703050820131855012742113608
0000145713050820131855016558907977
0000145723050820131855012525180846
0000145733050820131856013399809629
0000145743050820131900012670677624
0000145753050820131904012555174496
0000145763050820131905012951973669
0000145773050820131906014270490272
0000145783050820131908012687336604
0000145793050820131910012381030443
0000145803050820131912012987837625
0000145813050820131914012447754835
0000145823050820131919013340472628
0000145833050820131924013369017600
0000145843050820131926016426312151
0000145853050820131927013109375604
0000145863050820131938012959720565
0000145873050820131950013399256603
0000145883060820130632012176362731
0000145893060820130635020107848044
0000145903060820130642010728402499
0000145913060820130648013248433565
0000145923060820130648012606067608
0000145933060820130649013115739582
0000145943060820130649012780072581
0000145953060820130652012899058624
0000145963060820130654013089592583
0000145973060820130654012760305580
0000145983060820130655020765659403
0000145993060820130656013182496548
0000146003060820130657016271900195
0000146013060820130657012435260174
0000146023060820130658012660972623
0000146033060820130658012995385568
0000146043060820130658012193107221
0000146053060820130659012738213628
0000146063060820130700013221220625
0000146073060820130700012044908095
0000146083060820130700013216582603
0000146093060820130701012788517620
0000146103060820130701012538029483
0000146113060820130701013125683628
0000146123060820130702016208924457
0000146133060820130703012413665465
0000146143060820130704019012657825
0000146153060820130704012447754835
0000146163060820130705016558907977
0000146173060820130705012802922116
0000146183060820130706012835827627
0000146193060820130706012477389655
0000146203060820130706012742113608
0000146213060820130706020412059058
0000146223060820130707012787840584
0000146233060820130707012037738465
0000146243060820130707013161621602
0000146253060820130708013166042589
0000146263060820130709013084967562
0000146273060820130710019028175884
0000146283060820130710019028175884
0000146293060820130711012996148543
0000146303060820130711012477246072
0000146313060820130711012965194608
0000146323060820130712012381030443
0000146333060820130715012525180846
0000146343060820130720013399809629
0000146353060820130721018221290284
0000146363060820130724012371540775
0000146373060820130741019000623483
0000146383060820130742013340472628
0000146393060820130744013369017600
0000146403060820130753016992755006
0000146413060820130757013172115541
0000146423060820130809012781811078
0000146433060820130810015853828278
0000146443060820130818012537757965
0000146453060820130818013346415626
0000146463060820130820018054856240
0000146473060820130828019026460158
0000146483060820130828019026460158
0000146493060820130835012669365606
0000146503060820131056012951973669
0000146513060820131503013445927773
0000146523060820131711013172115541
0000148573060820131731013346415626
0000148583060820131802012669365606
0000148593060820131802012669365606
0000148603060820131803012537757965
0000148613060820131822013445927773
0000148623060820131829013089592583
0000148633060820131837013465354817
0000148643060820131850013283694604
0000148653060820131851012176362731
0000148663060820131853012640964587
0000148673060820131854013115739582
0000148683060820131857010661988071
0000148693060820131859013248433565
0000148703060820131903012538029483
0000148713060820131903012044908095
0000148723060820131905013064808620
0000148733060820131908013216582603
0000148743060820131909019026460158
0000148753060820131915012477403208
0000148763060820131916018054856240
0000148773060820131924015853828278
0000148783060820131929013369017600
0000148793060820131930012951973669
0000148803060820131933012781811078
0000148813060820132018013175087581
0000148823070820130622012447756730
0000148833070820130627019024197840
0000148843070820130632010117312573
0000148853070820130633012919610602
0000148863070820130634012176362731
0000148873070820130645013319746587
0000148883070820130647012717311604
0000148893070820130649012612285565
0000148903070820130649012612285565
0000148913070820130650012717311604
0000148923070820130650012612285565
0000148933070820130651012741695565
0000148943070820130651012484753057
0000148953070820130652012743360587
0000148963070820130652012670677624
0000148973070820130656013049770626
0000148983070820130656012380364666
0000148993070820130656013341212603
0000149003070820130658016426312151
0000149013070820130700012435260174
0000149023070820130700012640964587
0000149033070820130700013283694604
0000149043070820130700012760305580
0000149053070820130700012760305580
0000149063070820130701012654819606
0000149073070820130701012606067608
0000149083070820130703013125683628
0000149093070820130703012555174496
0000149103070820130704018221290284
0000149113070820130705013064808620
0000149123070820130706010728402499
0000149133070820130707010661988071
0000149143070820130707013032643561
0000149153070820130708012965194608
0000149163070820130708012413665465
0000149173070820130709012995385568
0000149183070820130709016208924457
0000149193070820130710012193107221
0000149203070820130710016559843816
0000149213070820130711012787840584
0000149223070820130711012660972623
0000149233070820130712013465354817
0000149243070820130712020762577953
0000149253070820130713012477389655
0000149263070820130713013175087581
0000149273070820130714010800328040
0000149283070820130714010800328040
0000149293070820130714012780072581
0000149303070820130716012899058624
0000149313070820130716012478711763
0000149323070820130719013302245563
0000149333070820130723012788517620
0000149343070820130724020107848044
0000149353070820130731012477246072
0000149363070820130739013369017600
0000149373070820130739013109375604
0000149383070820130818012537757965
0000149393070820130819013346415626
0000149403070820130834013172115541
0000149423070820130814013445927773
0000151483070820130848012669365606
0000151493070820130848012669365606
0000151503070820130949012951973669
0000155623070820131134015158560637
0000157713070820131348014205344267
0000157723070820131711013172115541
0000157733070820131715012669365606
0000157743070820131722012537757965
0000157753070820131727013346415626
0000157763070820131838015900373278
0000157773070820131839021030657426
0000157783070820131843019035019531
0000157793070820131846016558907977
0000157803070820131850012525180846
0000157813070820131854016271900195
0000157823070820131855020765659403
0000157833070820131900015158560637
0000157843070820131900013032643561
0000157853070820131902012742113608
0000157863070820131904012381030443
0000157873070820131904013302245563
0000157883070820131905012477389655
0000157893070820131905019012657825
0000157903070820131905012477389655
0000157913070820131905015853828278
0000157923070820131906012781811078
0000157933070820131906016426312151
0000157943070820131906013109375604
0000157953070820131908012176362731
0000157963070820131909012555174496
0000157973070820131909013104205549
0000157983070820131910012670677624
0000157993070820131910012760305580
0000158003070820131911012484753057
0000158013070820131914013445927773
0000158023070820132142012447754835
0000158033080820130606013173312626
0000158043080820130641013465354817
0000158053080820130642012938212587
0000158063080820130644020765659403
0000158073080820130645013248433565
0000158083080820130645012970305609
0000158093080820130645013115739582
0000158103080820130647012538029483
0000158113080820130647021030657426
0000158123080820130651012672055582
0000158133080820130651012687336604
0000158143080820130652012827643563
0000158153080820130653013261293585
0000158163080820130653012851794606
0000158173080820130653019011902834
0000158183080820130654012550828676
0000158193080820130654012588967584
0000158203080820130654013341212603
0000158213080820130655012334764118
0000158223080820130655012090266823
0000158233080820130655015900373278
0000158243080820130656010806944681
0000158253080820130657018111187594
0000158263080820130657019012657825
0000158273080820130658016271900195
0000158283080820130658012654819606
0000158293080820130659012044908095
0000158303080820130659019024197840
0000158313080820130659012919610602
0000158323080820130659013049770626
0000158333080820130700012381030443
0000158343080820130700013104205549
0000158353080820130700012875834624
0000158363080820130700012742113608
0000158373080820130701016558907977
0000158383080820130702020765841783
0000158393080820130702012805580623
0000158403080820130703012477389655
0000158413080820130705012507549248
0000158423080820130707012447754835
0000158433080820130707020762577953
0000158443080820130708013369017600
0000158453080820130708013203260602
0000158463080820130709012717311604
0000158473080820130709012741695565
0000158483080820130710013319746587
0000158493080820130710012380364666
0000158503080820130711019035019531
0000158513080820130712013216582603
0000158523080820130721010117312573
0000158533080820130724019006769099
0000158543080820130724012743360587
0000158553080820130726010800328040
0000158563080820130730012525180846
0000158573080820130731012703576562
0000158583080820130741013328164625
0000158593080820130742013172115541
0000158603080820130751012612285565
0000158613080820130821013346415626
0000158623080820130822012537757965
0000158633080820130843012669365606
0000158643080820130845018054856240
0000158653080820130852013445927773
0000158663080820130857013357909609
0000162823080820131710013204773549
0000164903080820131721013346415626
0000164913080820131721012669365606
0000164923080820131745018054856240
0000164933080820131749013172115541
0000164943080820131757013445927773
0000164953080820131839013283694604
0000164963080820131847012525180846
0000164973080820131857013115739582
0000164983080820131857013261293585
0000164993080820131857013261293585
0000165003080820131859013357909609
0000165013080820131901013248433565
0000165023080820131901012687336604
0000165033080820131902013328164625
0000165043080820131902013216582603
0000165053080820131903013204773549
0000165063080820131903012537757965
0000165073080820131904012044908095
0000165083080820131904012477403208
0000165093080820131905012538029483
0000165103080820131930013182496548
0000165113080820131959013203260602
0000165123080820132002013175087581
0000165133080820132012019011902834
0000165143090820130625012631147547
0000165153090820130626012447756730
0000165163090820130632012093421471
0000165173090820130643013350901939
0000165183090820130646012670677624
0000165193090820130647017016186545
0000165203090820130650015158560637
0000165213090820130651013359379607
0000165223090820130652016559837492
0000165233090820130652019006769099
0000165243090820130652019011902834
0000165253090820130652012938212587
0000165263090820130655018221431686
0000165273090820130656013175087581
0000165283090820130656013261293585
0000165293090820130656012687336604
0000165303090820130656018221431686
0000165313090820130656010806944681
0000165323090820130657012996148543
0000165333090820130658013283694604
0000165343090820130659012555174496
0000165353090820130659012867217581
0000165363090820130659016034273510
0000165373090820130700012477403208
0000165383090820130700018111187594
0000165393090820130701018111187594
0000165403090820130701018111187594
0000165413090820130702012703576562
0000165423090820130705012970305609
0000165433090820130705013064808620
0000165443090820130706013182496548
0000165453090820130706011696742131
0000165463090820130706012550828676
0000165473090820130706012550828676
0000165483090820130706013287856293
0000165493090820130707012588967584
0000165503090820130707012978377625
0000165513090820130707012525180846
0000165523090820130708013216782602
0000165533090820130709012851794606
0000165543090820130709010606004081
0000165553090820130712012507549248
0000165563090820130712012507549248
0000165573090820130713012334764118
0000165583090820130714012827643563
0000165593090820130715012413664892
0000165603090820130715012413664892
0000165613090820130715012413664892
0000165623090820130724012776030543
0000165633090820130727016426312151
0000165643090820130729013109375604
0000165653090820130731012805580623
0000165663090820130731013173312626
0000165673090820130732020765841783
0000165683090820130734012478711763
0000165693090820130828013172115541
0000165703090820130829012537757965
0000165713090820130830013346415626
0000165723090820130832013328164625
0000165733090820130832018054856240
0000165743090820130837012669365606
0000165753090820130934012550828676
0000165763090820130934012794617542
0000165773090820131031015900373278
0000165783090820131702013165406609
0000165793090820131711013346415626
0000165803090820131714012669365606
0000165813090820131716013172115541
0000165823090820131737018054856240
0000165833090820131810013228264547
0000165843090820131810012996148543
0000165853090820131823012537757965
0000165863090820131831021030657426
0000165873090820131839012176362731
0000165883090820131853012959720565
0000165893090820131853012640964587
0000165903090820131854012447756730
0000165913090820131854012478711763
0000165923090820131857016271900195
0000165933090820131858012555174496
0000165943090820131859013328164625
0000165953090820131900012670677624
0000165963090820131900012687336604
0000165993090820131906012381030443
0000166003090820131906018221431686
0000166013090820131906018221431686
0000166023090820131908016558907977
0000166033090820131910015158560637
0000166043090820131911020765659403
0000166053090820131912019012657825
0000166063090820131913016426312151
0000166073090820131916013109375604
0000166083090820132030012629839542
0000166093100820130503012629839542
0000166103100820130618012472079984
0000166113100820130618013364583624
0000166123100820130632013248433565
0000166133100820130641012176362731
0000166143100820130642012176362731
0000166153100820130646012827643563
0000166163100820130646012606067608
0000166173100820130648012537141441
0000166183100820130649012538029483
0000166193100820130649012938212587
0000166203100820130651020728187471
0000166213100820130652019012657825
0000166223100820130652021030657426
0000166233100820130653013287856293
0000166243100820130654010027963389
0000166253100820130655014368972275
0000166263100820130655012447648547
0000166273100820130657012413664892
0000166283100820130657012413664892
0000166293100820130658017045046764
0000166303100820130658019038066271
0000166313100820130659012996148543
0000166323100820130659013145826629
0000166333100820130700012381030443
0000166343100820130700013112637568
0000166353100820130700013084967562
0000166363100820130700013332112561
0000166373100820130700013399809629
0000166383100820130701019035599597
0000166393100820130701012093421471
0000166403100820130703013350901939
0000166413100820130703012477389655
0000166423100820130704012867217581
0000166433100820130704012044908095
0000166443100820130704011696742131
0000166453100820130704016271900195
0000166463100820130705016558907977
0000166473100820130706013359379607
0000166483100820130710019011902834
0000166493100820130711013109375604
0000166503100820130711012794617542
0000166513100820130711012044908095
0000166523100820130711012044908095
0000166533100820130713013228264547
0000166543100820130713012631147547
0000166573100820130717012978377625
0000166583100820130719012760305580
0000166593100820130721013216582603
0000166603100820130721015900373278
0000166613100820130722017016186545
0000166623100820130723012640964587
0000166653100820130748020059340368
0000166663100820130751012776030543
0000166673100820131101013165406609
0000166683100820131101013165406609
0000166693100820131807010661988071
0000166703100820131826013261293585
0000166713100820131848013283694604
0000166723100820131850012176362731
0000166733100820131856012672055582
0000166743100820131856012538029483
0000166753100820131858012044908095
0000166763100820131858013248433565
0000166773100820131900012640964587
0000166783100820131901013216582603
0000166793100820131901012606067608
0000166803100820131902013064808620
0000166813100820131910013109375604
0000166823100820131911013350901939
0000166833100820131917012996148543
0000166843100820131931011974148372
0000166853110820130637016426312151
0000166863110820130644012380989410
0000166873110820130645020412059058
0000166883110820130649012037738465
0000166893110820130651012987837625
0000166903110820130652010109237835
0000166913110820130652015158560637
0000166923110820130653012623352609
0000166933110820130653013145826629
0000166943110820130654013166042589
0000166953110820130655012447756730
0000166963110820130656012640964587
0000166973110820130656013182496548
0000166983110820130656012938212587
0000166993110820130657012827643563
0000167003110820130658012283239259
0000167013110820130659012555174496
0000167023110820130659013261293585
0000167033110820130659012413665465
0000167043110820130700012537141441
0000167053110820130700012477403208
0000167063110820130700013084967562
0000167073110820130700012613488605
0000167083110820130701010027963389
0000167093110820130702020728187471
0000167103110820130702013399809629
0000167113110820130702013341204546
0000167123110820130703012687336604
0000167133110820130703012835827627
0000167143110820130703013283694604
0000167153110820130704013228264547
0000167163110820130706013350901939
0000167173110820130706013112637568
0000167183110820130706016034273510
0000167193110820130706012670677624
0000167203110820130706013364583624
0000167213110820130707012447648547
0000167223110820130708012672055582
0000167233110820130709012477389655
0000167243110820130709013161621602
0000167253110820130718012472079984
0000167263110820130719012760305580
0000167273110820130719014368972275
0000167283110820130728012478711763
0000167293110820130729010661988071
0000167303110820130731013064808620
0000167313110820130734015774279271
0000167323110820130743019038066271
0000167333110820130745020059340368
0000167343110820130801013204773549
0000167353110820130803019011902834
0000167363110820130808013332112561
0000167373110820130908011497117148
0000167383110820131306012274771873
0000167393110820131807012772235582
0000167403110820131817013465354817
0000167413110820131836016558907977
0000167423110820131839012447756730
0000167433110820131839016271900195
0000167443110820131841012478711763
0000167453110820131842012413665465
0000167463110820131845012525180846
0000167473110820131851014205344267
0000167483110820131854012742113608
0000167493110820131856016426312151
0000167503110820131900013204773549
0000167513110820131902012670677624
0000167523110820131902012613488605
0000167533110820131902012381030443
0000167543110820131903012477389655
0000167553110820131904012687336604
0000167563110820131905015158560637
0000167573110820131906020765659403
0000167583110820131912021030657426
0000167593110820131912012555174496
0000167603110820131921012477403208
0000167613120820130632012176362731
0000167623120820130635012519156092
0000167633120820130639013248433565
0000167643120820130645010728402499
0000167653120820130650012802922116
0000167663120820130651021030657426
0000167673120820130653012538029483
0000167683120820130655012787840584
0000167693120820130655013204773549
0000167703120820130656013089592583
0000167713120820130656012435260174
0000167723120820130656013115739582
0000167733120820130657012772235582
0000167743120820130657012193107221
0000167753120820130657012477246072
0000167763120820130658012672055582
0000167773120820130658012477403208
0000167783120820130700013228264547
0000167793120820130700012371540775
0000167803120820130701012274771873
0000167813120820130701012660972623
0000167823120820130701013125683628
0000167833120820130702016558907977
0000167843120820130702012037738465
0000167853120820130702012987837625
0000167863120820130703013717157778
0000167873120820130703012742113608
0000167883120820130703020107848044
0000167893120820130705012381030443
0000167903120820130706012835827627
0000167913120820130706013182496548
0000167923120820130706013161621602
0000167933120820130708010109237835
0000167943120820130709012283239259
0000167953120820130709012477389655
0000167963120820130709012965194608
0000167973120820130711016271900195
0000167983120820130712020412059058
0000167993120820130712016992755006
0000168003120820130713012623352609
0000168013120820130716012525180846
0000168023120820130718018221290284
0000168033120820130721013341204546
0000168043120820130723013401082603
0000168053120820130731016426312151
0000168063120820130733012380989410
0000168073120820130740013369017600
0000168083120820130742012760305580
0000168093120820130745016208924457
0000168103120820130753011497117148
0000168113120820130821012537757965
0000168123120820130822013346415626
0000168143120820130812013445927773
0000168163120820130839012951973669
0000169943120820130835013172115541
0000169953120820130853018054856240
0000169963120820131039012669365606
0000169973120820131107012995385568
0000174143120820131319019044769777
0000176223120820131714012669365606
0000176233120820131726013172115541
0000176243120820131727012537757965
