0000339243311020131805012205303491
0000339253311020131813012669365606
0000339263311020131830012640964587
0000339273311020131833020765841783
0000339283311020131833013112637568
0000339293311020131836012176362731
0000339303311020131837010661988071
0000339313311020131841012537757965
0000339323311020131841013346415626
0000339333311020131848013109375604
0000339343311020131851013064808620
0000339353311020131852012875834624
0000339363311020131855012184372198
0000339373311020131857013261293585
0000339383311020131859013387802543
0000339393311020131859012687336604
0000339403311020131900013357909609
0000339413311020131901013216582603
0000339423311020131902010863443432
0000339433311020131902013204773549
0000339443311020131903013053302623
0000339453311020131903013115739582
0000339463311020131904013203260602
0000339473311020131918010606179051
0000339483311020131919013445927773
0000339493311020131927010806944681
0000339503311020131927012371540775
0000339513311020131949019011902834
0000339523311020131956018054342492
0000339533311020132054013328164625
0000339543011120130620012996148543
0000339553011120130627019024197840
0000339563011120130635016559837492
0000339573011120130639012631147547
0000339583011120130645012672055582
0000339593011120130647018221431686
0000339603011120130647018221431686
0000339613011120130647012897151562
0000339623011120130648013399809629
0000339633011120130648013399809629
0000339643011120130649012703576562
0000339653011120130651012538029483
0000339663011120130652016426312151
0000339673011120130653016558907977
0000339683011120130653012093421471
0000339693011120130654021030657426
0000339703011120130654013287856293
0000339713011120130655020412059058
0000339723011120130656012090266823
0000339733011120130657016271900195
0000339743011120130657015158560637
0000339753011120130659013261293585
0000339763011120130700019011902834
0000339773011120130701018111187594
0000339783011120130701012550828676
0000339793011120130702012851794606
0000339803011120130703012334764118
0000339813011120130703013112637568
0000339823011120130704012176362731
0000339833011120130704012938212587
0000339843011120130706010661988071
0000339853011120130706012978377625
0000339863011120130707012413664892
0000339873011120130708012413665465
0000339883011120130708012827643563
0000339893011120130709012413665465
0000339903011120130710012875834624
0000339913011120130710012184372198
0000339923011120130710012334465153
0000339933011120130710012805580623
0000339943011120130711012640964587
0000339953011120130712012588967584
0000339963011120130712013465354817
0000339973011120130713013173312626
0000339983011120130713012970305609
0000339993011120130719010606179051
0000340003011120130720012776030543
0000340013011120130726013359379607
0000340023011120130728010806944681
0000340033011120130735013341204546
0000340043011120130736010606004081
0000340053011120130736010606004081
0000340063011120130755012205303491
0000340073011120130803013445927773
0000340083011120130814012537757965
0000340093011120130814012507549248
0000340103011120130815013346415626
0000340113011120130834012669365606
0000340123011120130834012669365606
0000340133011120131013011722716058
0000340143011120131342011722716058
