0000301133300920131734013346415626
0000301143300920131735012669365606
0000301153300920131736012537757965
0000301163300920131737013445927773
0000301173300920131805012205303491
0000301183300920131833021030657426
0000301193300920131839013319746587
0000301203300920131839012996148543
0000301213300920131842012525180846
0000301223300920131842012754312546
0000301233300920131848016271900195
0000301243300920131851020427186484
0000301253300920131851016558907977
0000301263300920131900012951973669
0000301273300920131900013112637568
0000301283300920131900013104205549
0000301293300920131901012772235582
0000301303300920131901012381030443
0000301313300920131901012897151562
0000301323300920131902012687336604
0000301333300920131902012538029483
0000301343300920131903013401082603
0000301353300920131909015158560637
0000301363300920131909012555174496
0000301373300920131911013340472628
0000301383300920131914013109375604
0000301393300920131914013109375604
0000301403300920131922013389894585
0000301413300920131926014270490272
0000301423300920131928016426312151
0000301433300920132006013399256603
0000301443300920132138013153387302
0000301453011020130624013173312626
0000301463011020130634012176362731
0000301473011020130637012851794606
0000301483011020130640012827643563
0000301493011020130641012970305609
0000301503011020130644012805580623
0000301513011020130651013115739582
0000301523011020130654012899058624
0000301533011020130655012044908095
0000301543011020130656012780072581
0000301553011020130657013204773549
0000301563011020130658020765841783
0000301573011020130658012606067608
0000301583011020130659019024197840
0000301593011020130659012738213628
0000301603011020130700012525180846
0000301613011020130700021030657426
0000301623011020130700012334465153
0000301633011020130701012645519581
0000301643011020130701012802922116
0000301653011020130701013216582603
0000301663011020130701014270490272
0000301673011020130701016558907977
0000301683011020130702012550828676
0000301693011020130702012754312546
0000301703011020130702012654819606
0000301713011020130702012380364666
0000301723011020130702012938212587
0000301733011020130703012717311604
0000301743011020130703012334764118
0000301753011020130703013209558565
0000301763011020130703016271900195
0000301773011020130704012484753057
0000301783011020130704012484753057
0000301793011020130704018111187594
0000301803011020130705012381030443
0000301813011020130706012413665465
0000301823011020130706012090266823
0000301833011020130707019006769099
0000301843011020130710012612285565
0000301853011020130710010117312573
0000301863011020130711012371540775
0000301873011020130711013109375604
0000301883011020130712019035019531
0000301893011020130714012875834624
0000301903011020130715013112637568
0000301913011020130715020762577953
0000301923011020130719012788517620
0000301933011020130724013328164625
0000301943011020130736019000623483
0000301953011020130742012781811078
0000301963011020130745013340472628
0000301973011020130749013369017600
0000301983011020130802012205303491
0000301993011020130814012951973669
0000302003011020130815012537757965
0000302013011020130815013346415626
0000302023011020130816012669365606
0000302033011020130823016992755006
0000302043011020130852013445927773
0000302053011020130904019026460158
0000302063011020130907017015654626
0000302073011020131650017015654626
0000302083011020131737012669365606
0000302093011020131755012537757965
0000302103011020131807013445927773
0000302113011020131832010661988071
0000302123011020131841012640964587
0000302133011020131844013283694604
0000302143011020131849012875834624
0000302153011020131849013399809629
0000302163011020131854012176362731
0000302173011020131858012044908095
0000302183011020131901012738213628
0000302193011020131903013064808620
0000302203011020131906013115739582
0000302213011020131910013216582603
0000302223011020131921012781811078
0000302233011020131921013339566584
0000302243011020131934013204773549
0000302253011020131939013465354817
0000302263011020131951019026460158
0000302273011020132008019041061420
0000302283011020132008018054342492
0000302293011020132023012205303491
0000302303011020132205013328164625
0000302313011020132205013328164625
0000302323011020132209013248433565
0000302333021020130635011696742131
0000302343021020130636016559837492
0000302353021020130639018221431686
0000302363021020130640012093421471
0000302373021020130641013359379607
0000302383021020130642012631147547
0000302393021020130647012897151562
0000302403021020130648012538029483
0000302413021020130648012184372198
0000302423021020130648012996148543
0000302433021020130650014205344267
0000302443021020130651012687336604
0000302453021020130651012938212587
0000302463021020130652012555174496
0000302473021020130652013341212603
0000302483021020130654012672055582
0000302493021020130654013283694604
0000302503021020130655012413664892
0000302513021020130655020412059058
0000302523021020130656010661988071
0000302533021020130658013339566584
0000302543021020130658015158560637
0000302553021020130659012115330732
0000302563021020130700012851794606
0000302573021020130700018111187594
0000302583021020130701012867217581
0000302593021020130701012334764118
0000302603021020130702013302245563
0000302613021020130703012978377625
0000302623021020130704012827643563
0000302633021020130704012640964587
0000302643021020130705010800328040
0000302653021020130707012090266823
0000302663021020130707020765841783
0000302673021020130707013399809629
0000302683021020130707013216782602
0000302693021020130708012805580623
0000302703021020130711013173312626
0000302713021020130711012413665465
0000302723021020130711012550828676
0000302733021020130712012970305609
0000302743021020130716012606067608
0000302753021020130719012780072581
0000302763021020130719012899058624
0000302773021020130721012788517620
0000302783021020130722013032643561
0000302793021020130728013109375604
0000302803021020130730013369017600
0000302813021020130740019000623483
0000302823021020130740016426312151
0000302833021020130742013064808620
0000302843021020130812015783929275
0000302853021020130817012669365606
0000302863021020130817012669365606
0000302873021020130819012537757965
0000302883021020130820013346415626
0000302893021020130821013445927773
0000302903021020130844012951973669
0000302913021020131733012537757965
0000302923021020131741012669365606
0000302933021020131744013445927773
0000302943021020131745013346415626
0000302953021020131838016558907977
0000302963021020131840013261293585
0000302973021020131844019012657825
0000302983021020131850016271900195
0000302993021020131856013302245563
0000303003021020131856013032643561
0000303013021020131859019000623483
0000303023021020131900015783929275
0000303033021020131901012687336604
0000303043021020131901012897151562
0000303053021020131905012525180846
0000303063021020131905012754312546
0000303073021020131906012555174496
0000303083021020131907015158560637
0000303093021020131910019027172210
0000303103021020131916015853828278
0000303113021020131916012781811078
0000303123021020131917012381030443
0000303133021020131932013109375604
0000303143021020131932016426312151
0000303153021020131936015900373278
0000303163021020132032012205303491
0000303173031020130626012472079984
0000303183031020130626013364583624
0000303193031020130626017045046764
0000303203031020130635012176362731
0000303213031020130640013209558565
0000303223031020130642013327971543
0000303233031020130642021030657426
0000303243031020130645012588967584
0000303253031020130645012827643563
0000303263031020130651013204773549
0000303273031020130651013145826629
0000303283031020130651012044908095
0000303293031020130652012484753057
0000303303031020130652014368972275
0000303313031020130652013341212603
0000303323031020130655019012657825
0000303333031020130655013399809629
0000303343031020130656013399809629
0000303353031020130656013399809629
0000303363031020130658012929874564
0000303373031020130658012381030443
0000303383031020130659012835827627
0000303393031020130659019035599597
0000303403031020130700012672055582
0000303413031020130701018221431686
0000303423031020130701013359379607
0000303433031020130701012413664892
0000303443031020130703012867217581
0000303453031020130703016559837492
0000303463031020130703012754312546
0000303473031020130703012978377625
0000303483031020130704016558907977
0000303493031020130705012631147547
0000303503031020130705013203260602
0000303513031020130705013084967562
0000303523031020130705016271900195
0000303533031020130705013115739582
0000303543031020130705013261293585
0000303553031020130706012996148543
0000303563031020130707012357054974
0000303573031020130707012703576562
0000303583031020130707013112637568
0000303593031020130710020412059058
0000303603031020130710012477389655
0000303613031020130711013332112561
0000303623031020130712012093421471
0000303633031020130713013216582603
0000303643031020130713011696742131
0000303653031020130713019011902834
0000303663031020130713010800328040
0000303673031020130713010800328040
0000303683031020130715013053302623
0000303693031020130716012184372198
0000303703031020130717010606179051
0000303713031020130719012525180846
0000303723031020130720015900373278
0000303733031020130723012115330732
0000303743031020130727013369017600
0000303753031020130734012776030543
0000303763031020130816013346415626
0000303773031020130817012537757965
0000303783031020130822013445927773
0000303793031020130852012669365606
0000303803031020130902017015654626
0000303813031020130903013357909609
0000303823031020130906012205303491
0000303833031020130935013328164625
0000306133031020131557012816305564
0000306143031020131718012669365606
0000306153031020131834012640964587
0000306163031020131842018221431686
0000306173031020131845012672055582
0000306183031020131845012606067608
0000306193031020131845013283694604
0000306203031020131853013209558565
0000306213031020131855012044908095
0000306223031020131856012447648547
0000306233031020131856010606179051
0000306243031020131856013357909609
0000306253031020131856013203260602
0000306263031020131857021030657426
0000306273031020131857012816305564
0000306283031020131858012176362731
0000306293031020131858012537757965
0000306303031020131859013053302623
0000306313031020131900013115739582
0000306323031020131903013328164625
0000306333031020131903013064808620
0000306343031020131903013332112561
0000306353031020131904013216582603
0000306363031020131905012760305580
0000306373031020131905019035599597
0000306383031020131905012827643563
0000306393031020131907012484753057
0000306403031020131921013248433565
0000306413031020131928013204773549
0000306423031020131943013445927773
0000306433031020131946018054342492
0000306443031020131948019011902834
0000306453031020132014019041061420
0000306463031020132048010661988071
0000306473031020132113012205303491
0000306483041020130639012538029483
0000306493041020130639020766123841
0000306503041020130646013221220625
0000306513041020130647012555174496
0000306523041020130648012687336604
0000306533041020130650012905230586
0000306543041020130650020023934683
0000306553041020130650012703576562
0000306563041020130651012037738465
0000306573041020130651012897151562
0000306583041020130654013283694604
0000306593041020130656013166042589
0000306603041020130656010806944681
0000306613041020130656012274771873
0000306623041020130656011696742131
0000306633041020130658010661988071
0000306643041020130659013228264547
0000306653041020130701013287856293
0000306663041020130701012588967584
0000306673041020130701018221431686
0000306683041020130703013084967562
0000306693041020130703012672055582
0000306703041020130703015158560637
0000306713041020130704017045046764
0000306723041020130705016558907977
0000306733041020130705013399809629
0000306743041020130707013161621602
0000306753041020130707010606179051
0000306763041020130708012613488605
0000306773041020130709012835827627
0000306783041020130709013717157778
0000306793041020130710020059340368
0000306803041020130710013145826629
0000306813041020130713012760305580
0000306823041020130715012447648547
0000306833041020130715014368972275
0000306843041020130715012472079984
0000306853041020130715019011902834
0000306863041020130716013182496548
0000306873041020130716013364583624
0000306883041020130716012357054974
0000306893041020130717012477389655
0000306903041020130719013327971543
0000306913041020130722012645519581
0000306923041020130722013248433565
0000306933041020130723017015654626
0000306943041020130733012606067608
0000306953041020130740017016186545
0000306963041020130741020638222952
0000306973041020130741012669365606
0000306983041020130747012205303491
0000306993041020130759015900373278
0000307003041020130810013341204546
0000307013041020130817013346415626
0000307023041020130817012537757965
0000307033041020130916013328164625
0000307043041020131726012669365606
0000307053041020131726012669365606
0000307063041020131728013346415626
0000307073041020131732012537757965
0000307083041020131845013261293585
0000307093041020131855010109237835
0000307103041020131856012754312546
0000307113041020131857013109375604
0000307123041020131859012959720565
0000307133041020131900016271900195
0000307143041020131900012687336604
0000307153041020131900010606179051
0000307163041020131900012897151562
0000307173041020131901012538029483
0000307183041020131901012555174496
0000307193041020131902016558907977
0000307203041020131903013221220625
0000307213041020131906012381030443
0000307223041020131907015900373278
0000307233041020131910013328164625
0000307243041020131912015158560637
0000307253041020131914016426312151
0000307263041020131915012477389655
0000307273041020131933012205303491
0000307283041020131958019012657825
0000307293051020130058019011902834
0000307303051020130624020766123841
0000307313051020130630012176362731
0000307323051020130638018221290284
0000307333051020130640020107848044
0000307343051020130640010027963389
0000307353051020130645020728187471
0000307363051020130645013209558565
0000307373051020130646012447648547
0000307383051020130646012672055582
0000307393051020130646013115739582
0000307403051020130647012477246072
0000307413051020130647021030657426
0000307423051020130648012537141441
0000307433051020130650013287856293
0000307443051020130651012381030443
0000307453051020130652012760305580
0000307463051020130653012787840584
0000307473051020130654012435260174
0000307483051020130654012193107221
0000307493051020130655012044908095
0000307503051020130656012738213628
0000307513051020130657020638222952
0000307523051020130658010728402499
0000307533051020130659013204773549
0000307543051020130700012477389655
0000307553051020130700012037738465
0000307563051020130701016271900195
0000307573051020130701012660972623
0000307583051020130701013228264547
0000307593051020130701012754312546
0000307603051020130701013261293585
0000307613051020130704012413665465
0000307623051020130705010806944681
0000307633051020130705019038066271
0000307643051020130706020412059058
0000307653051020130706020412059058
0000307663051020130707017016186545
0000307673051020130707012274771873
0000307683051020130707020023934683
0000307693051020130707012905230586
0000307703051020130708019012657825
0000307713051020130708012995385568
0000307723051020130708013341204546
0000307733051020130709012959720565
0000307743051020130711013084967562
0000307753051020130711013166042589
0000307763051020130712010109237835
0000307773051020130714013161621602
0000307783051020130715013182496548
0000307793051020130716016426312151
0000307803051020130719019011902834
0000307813051020130725013717157778
0000307823051020130736013216582603
0000307833051020130740020059340368
0000307843051020130803017015654626
0000307853051020130803019000623483
0000307863051020130803019000623483
0000307873051020131818013064808620
0000307883051020131837013248433565
0000307893051020131838010661988071
0000307903051020131841012835827627
0000307913051020131843013204773549
0000307923051020131847012965194608
0000307933051020131848013125683628
0000307943051020131848013283694604
0000307953051020131851013209558565
0000307963051020131852021030657426
0000307973051020131853020412059058
0000307983051020131855013115739582
0000307993051020131856012176362731
0000308003051020131857013084967562
0000308013051020131859012044908095
0000308023051020131900012413665465
0000308033051020131900012413665465
0000308043051020131901012447648547
0000308053051020131907013089592583
0000308063051020131907013216582603
0000308073051020131908012606067608
0000308083051020131908019000623483
0000308093051020131927015195158278
0000308103061020130632012897151562
0000308113061020130634019024197840
0000308123061020130636012380364666
0000308133061020130637012827643563
0000308143061020130646012938212587
0000308153061020130649012623352609
0000308163061020130651012334465153
0000308173061020130651012538029483
0000308183061020130653012283239259
0000308193061020130653010661988071
0000308203061020130653018221431686
0000308213061020130654012645519581
0000308223061020130654012687336604
0000308233061020130655019035019531
0000308243061020130656012738213628
0000308253061020130700013283694604
0000308263061020130700013248433565
0000308273061020130701012555174496
0000308283061020130701015158560637
0000308293061020130701012612285565
0000308303061020130701020412059058
0000308313061020130701012965194608
0000308323061020130701020107848044
0000308333061020130702013125683628
0000308343061020130702012995385568
0000308353061020130702012660972623
0000308363061020130702013112637568
0000308373061020130702010027963389
0000308383061020130703012537141441
0000308393061020130703012816305564
0000308403061020130704012435260174
0000308413061020130704012787840584
0000308423061020130705010728402499
0000308433061020130705012717311604
0000308443061020130708012835827627
0000308453061020130709012380989410
0000308463061020130709012760305580
0000308473061020130709013089592583
0000308483061020130711018221290284
0000308493061020130712015774279271
0000308503061020130713019027172210
0000308513061020130714015195158278
0000308523061020130714013341204546
0000308533061020130716012193107221
0000308543061020130716012477389655
0000308553061020130717020728187471
0000308563061020130717016426312151
0000308573061020130718012413665465
0000308583061020130720011974148372
0000308593061020130720013109375604
0000308603061020130722012606067608
0000308613061020130738019011902834
0000308623061020130739011497117148
0000308633061020130757019038066271
0000308643061020130810013064808620
0000308653061020130812019011902834
0000308663061020131843012996148543
0000308673061020131846019012657825
0000308683061020131854013161621602
0000308693061020131854019035019531
0000308703061020131855016271900195
0000308713061020131856012525180846
0000308723061020131857019027172210
0000308733061020131858012938212587
0000308743061020131902012687336604
0000308753061020131902012897151562
0000308763061020131902012538029483
0000308773061020131903011974148372
0000308783061020131903012381030443
0000308793061020131904015158560637
0000308803061020131904012827643563
0000308813061020131906012555174496
0000308823061020131913013109375604
0000308833061020131924013104205549
0000308843061020131924016426312151
0000308853061020131927012754312546
0000308863071020130626012631147547
0000308873071020130633013173312626
0000308883071020130640012827643563
0000308893071020130640012851794606
0000308903071020130642012176362731
0000308913071020130644012371540775
0000308923071020130647012519156092
0000308933071020130648012970305609
0000308943071020130649012550828676
0000308953071020130650013209558565
0000308963071020130652012875834624
0000308973071020130654013204773549
0000308983071020130658012044908095
0000308993071020130659019044769777
0000309003071020130659012381030443
0000309013071020130659019012657825
0000309023071020130659012805580623
0000309033071020130700016271900195
0000309043071020130700012334465153
0000309053071020130702013084967562
0000309063071020130702018111187594
0000309073071020130702012413665465
0000309083071020130703013112637568
0000309093071020130703012525180846
0000309103071020130704012477389655
0000309113071020130704012477389655
0000309123071020130704012645519581
0000309133071020130705012802922116
0000309143071020130705012283239259
0000309153071020130706021030657426
0000309163071020130706012717311604
0000309173071020130707013115739582
0000309183071020130709013341204546
0000309193071020130710012996148543
0000309203071020130710012334764118
0000309213071020130710016992755006
0000309223071020130712019006769099
0000309233071020130714012772235582
0000309243071020130716012090266823
0000309253071020130716013104205549
0000309263071020130716020412059058
0000309273071020130717013161621602
0000309283071020130717019024197840
0000309293071020130726012380364666
0000309303071020130731012380989410
0000309313071020130732020427186484
0000309323071020130733012623352609
0000309333071020130734012816305564
0000309343071020130743013369017600
0000309353071020130743013389894585
0000309363071020130746012205303491
0000309373071020130810012951973669
0000309383071020130814012537757965
0000309393071020130814013346415626
0000309403071020130823018221431686
0000309413071020130825013445927773
0000309423071020130825012669365606
0000309473071020131800012537757965
0000309483071020131803013346415626
0000309493071020131805012669365606
0000309503071020131805012669365606
0000309513071020131816012205303491
0000309523071020131816010661988071
0000309533071020131839013248433565
0000309543071020131839012640964587
0000309553071020131842012606067608
0000309563071020131849013283694604
0000309573071020131851013064808620
0000309583071020131854012176362731
0000309593071020131855021030657426
0000309603071020131857013209558565
0000309613071020131900013204773549
0000309623071020131901014270490272
0000309633071020131902012772235582
0000309643071020131902013445927773
0000309653071020131905020427186484
0000309663071020131906012631147547
0000309673071020131908012477389655
0000309683071020131911012938212587
0000309693071020131911013084967562
0000309703071020131912013115739582
0000309713071020131913020765841783
0000309723071020131921012044908095
0000309733071020131923013153387302
0000309743071020131928013399256603
0000309753071020131931013340472628
0000309763071020131950013389894585
0000309773071020132005013465354817
0000309783081020130626012897151562
0000309793081020130639012631147547
0000309803081020130642016559837492
0000309813081020130642013359379607
0000309823081020130642020412059058
0000309833081020130650012996148543
0000309843081020130650013399809629
0000309853081020130652012938212587
0000309863081020130654012875834624
0000309873081020130654015158560637
0000309883081020130654018221431686
0000309893081020130655012555174496
0000309903081020130656012687336604
0000309913081020130656012623352609
0000309923081020130657011696742131
0000309933081020130657012184372198
0000309943081020130657012867217581
0000309953081020130658013283694604
0000309963081020130658012640964587
0000309973081020130658012899058624
0000309983081020130659012538029483
0000309993081020130659012413664892
0000310003081020130659013173312626
0000310013081020130659012970305609
0000310023081020130659019006769099
0000310033081020130700010661988071
0000310043081020130701012851794606
0000310053081020130701013248433565
0000310063081020130701018111187594
0000310073081020130702012334764118
0000310083081020130705013216782602
0000310093081020130706012780072581
0000310103081020130706014270490272
0000310113081020130706012827643563
0000310123081020130708020765841783
0000310133081020130708012805580623
0000310143081020130708012805580623
0000310153081020130714012550828676
0000310163081020130715012090266823
0000310173081020130717012413665465
0000310183081020130717012802922116
0000310193081020130720012978377625
0000310203081020130720012606067608
0000310213081020130721016426312151
0000310223081020130732013328164625
0000310233081020130733013328164625
0000310243081020130741013064808620
0000310253081020130746019000623483
0000310263081020130749012371540775
0000310273081020130756013369017600
0000310283081020130759012205303491
0000310293081020130811013445927773
0000310303081020130814012537757965
0000310313081020130814013346415626
0000310323081020130816015853828278
0000310333081020130816012781811078
0000310343081020130818016992755006
0000310353081020130831012951973669
0000310363081020130834013340472628
0000314883081020130913012918515568
0000314893081020130918017015654626
0000314913081020131626017015654626
0000314923081020131716012537757965
0000314933081020131718013346415626
0000314943081020131721013445927773
0000314953081020131736012205303491
0000314963081020131817019012657825
0000314973081020131846012550828676
0000314983081020131847013115739582
0000314993081020131848016271900195
0000315003081020131855012754312546
0000315013081020131858012381030443
0000315023081020131859012672055582
0000315033081020131859019000623483
0000315043081020131900012897151562
0000315053081020131900012687336604
0000315063081020131900012538029483
0000315073081020131900013109375604
0000315083081020131901012918515568
0000315093081020131901012555174496
0000315103081020131903012525180846
0000315113081020131903015158560637
0000315123081020131904013465354817
0000315133081020131905013399809629
0000315143081020131934016558907977
0000315153081020131939016426312151
0000315163081020132003012951973669
0000315173081020132003015853828278
0000315183081020132003012781811078
0000315193081020132004013328164625
0000315203081020132007019041061420
0000315213081020132015013339566584
0000315223081020132035018054342492
0000315233091020130557013339566584
0000315243091020130614017045046764
0000315253091020130614014368972275
0000315263091020130622010728402499
0000315273091020130630012176362731
0000315283091020130633012472079984
0000315293091020130636013145826629
0000315303091020130643012827643563
0000315313091020130650013341212603
0000315323091020130651013209558565
0000315333091020130652014205344267
0000315343091020130655013399809629
0000315353091020130655012525180846
0000315363091020130656013115739582
0000315373091020130656012631147547
0000315383091020130657012090266823
0000315393091020130658013112637568
0000315403091020130658019035599597
0000315413091020130659018054342492
0000315423091020130659012044908095
0000315433091020130659013115739582
0000315443091020130659012447754835
0000315453091020130659012447754835
0000315463091020130700012929874564
0000315473091020130700012550828676
0000315483091020130700016559837492
0000315493091020130701019012657825
0000315503091020130701016558907977
0000315513091020130702012978377625
0000315523091020130702012754312546
0000315533091020130702012115330732
0000315543091020130704012413665465
0000315553091020130704013359379607
0000315563091020130704012672055582
0000315573091020130705011696742131
0000315583091020130706012381030443
0000315593091020130706012623352609
0000315603091020130707012413664892
0000315613091020130707020412059058
0000315623091020130708013302245563
0000315633091020130708012184372198
0000315643091020130709012996148543
0000315653091020130711012938212587
0000315663091020130711013216582603
0000315673091020130711013032643561
0000315683091020130714012867217581
0000315693091020130714010800328040
0000315703091020130719012477389655
0000315713091020130723012899058624
0000315723091020130724013332112561
0000315733091020130725021030657426
0000315743091020130725012780072581
0000315753091020130730013369017600
0000315763091020130747019000623483
0000315773091020130752015783929275
0000315783091020130755012205303491
0000315793091020130814012537757965
0000315803091020130817013346415626
0000315813091020130841012951973669
0000315823091020130846012669365606
0000315833091020131711012537757965
0000315843091020131725013346415626
0000315853091020131727012669365606
0000315863091020131727012669365606
0000315873091020131745012205303491
0000315883091020131836012606067608
0000315893091020131840010661988071
0000315903091020131840012447648547
0000315913091020131841012835827627
0000315923091020131850018221431686
0000315933091020131850012640964587
0000315943091020131852012550828676
0000315953091020131853013283694604
0000315963091020131853013327971543
0000315973091020131854012176362731
0000315983091020131855021030657426
0000315993091020131856013302245563
0000316003091020131857013248433565
0000316013091020131857013115739582
0000316023091020131857012044908095
0000316033091020131858013109375604
0000316043091020131858013084967562
0000316053091020131859012951973669
0000316063091020131900013399809629
0000316073091020131900013032643561
0000316083091020131901019000623483
0000316093091020131901013209558565
0000316103091020131903012827643563
0000316113091020131903012827643563
0000316123091020131903013216582603
0000316133091020131904015783929275
0000316143091020131905013364583624
0000316153091020131907012938212587
0000316163091020131917012413665465
0000316173091020131925012090266823
0000316183091020131926010728402499
0000316193091020131930013064808620
0000316203091020131930013332112561
0000316213091020131957012781811078
0000316223091020131958015853828278
0000316233091020132055019027172210
0000316243101020130621016426312151
0000316253101020130640012897151562
0000316263101020130645017045046764
0000316273101020130650013166042589
0000316283101020130651012905230586
0000316293101020130651020023934683
0000316303101020130651012037738465
0000316313101020130652012484753057
0000316323101020130652012703576562
0000316333101020130653012687336604
0000316343101020130653013283694604
0000316353101020130653010661988071
0000316363101020130654010806944681
0000316373101020130654018221431686
0000316383101020130654019011902834
0000316393101020130655015158560637
0000316403101020130655012555174496
0000316413101020130655012274771873
0000316423101020130657010109237835
0000316433101020130658013203260602
0000316443101020130658013053302623
0000316453101020130659012987837625
0000316463101020130700012827643563
0000316473101020130700010606004081
0000316483101020130700013248433565
0000316493101020130701012538029483
0000316503101020130701012477389655
0000316513101020130704013161621602
0000316523101020130704012447648547
0000316533101020130704013221220625
0000316543101020130705012550828676
0000316553101020130705013228264547
0000316563101020130707012640964587
0000316573101020130708012613488605
0000316583101020130708013717157778
0000316593101020130710013112637568
0000316603101020130710013327971543
0000316613101020130711012447754835
0000316623101020130712012606067608
0000316633101020130713013084967562
0000316643101020130713013364583624
0000316653101020130715012588967584
0000316663101020130715012835827627
0000316673101020130715012472079984
0000316683101020130715013145826629
0000316693101020130716019035599597
0000316703101020130719014368972275
0000316713101020130720010800328040
0000316723101020130721013341212603
0000316733101020130728010606179051
0000316743101020130741013369017600
0000316753101020130749013182496548
0000316763101020130757012205303491
0000316773101020130758013357909609
0000316783101020130810012537757965
0000316793101020130813013445927773
0000316803101020130829012669365606
0000316813101020130831013346415626
0000316823101020130835019027172210
0000316833101020130847013328164625
0000316843101020131725012537757965
0000316853101020131732012205303491
0000316863101020131743012669365606
0000316873101020131746013346415626
0000316883101020131812012996148543
0000316893101020131814013228264547
0000316903101020131843013261293585
0000316913101020131846012525180846
0000316923101020131847016271900195
0000316933101020131849013248433565
0000316943101020131854012754312546
0000316953101020131859012538029483
0000316963101020131900012897151562
0000316973101020131900013328164625
0000316983101020131900013357909609
0000316993101020131900012555174496
0000317003101020131900012381030443
0000317013101020131900013203260602
0000317023101020131900012484753057
0000317033101020131901010606179051
0000317043101020131902012477389655
0000317053101020131903012687336604
0000317063101020131905015158560637
0000317073101020131906012613488605
0000317083101020131913016558907977
0000317093101020131917016426312151
0000317103101020131920012959720565
0000317113101020131922013053302623
0000317123101020131958019041061420
0000317133101020132252017015654626
0000317143111020130120019011902834
0000317153111020130629010728402499
0000317163111020130631013125683628
0000317173111020130633012176362731
0000317183111020130634018221290284
0000317193111020130645013204773549
0000317203111020130645012787840584
0000317213111020130646013209558565
0000317223111020130651020107848044
0000317233111020130652017016186545
0000317243111020130652012672055582
0000317253111020130653012044908095
0000317263111020130653012703576562
0000317273111020130653016208924457
0000317283111020130655012660972623
0000317293111020130656012477246072
0000317303111020130656020059340368
0000317313111020130657013089592583
0000317323111020130658012435260174
0000317333111020130659010806944681
0000317343111020130659016558907977
0000317353111020130700012037738465
0000317363111020130700012274771873
0000317373111020130700010109237835
0000317383111020130700012965194608
0000317393111020130700012738213628
0000317403111020130701013221220625
0000317413111020130701012760305580
0000317423111020130702017015654626
0000317433111020130702012995385568
0000317443111020130702012754312546
0000317453111020130702012905230586
0000317463111020130702013287856293
0000317473111020130703013261293585
0000317483111020130703012987837625
0000317493111020130703012588967584
0000317503111020130705012525180846
0000317513111020130705012477389655
0000317523111020130706019041061420
0000317533111020130706019011902834
0000317543111020130707013248433565
0000317553111020130707016271900195
0000317563111020130708013182496548
0000317573111020130708012776030543
0000317583111020130708012193107221
0000317593111020130709020023934683
0000317603111020130709021030657426
0000317613111020130710013166042589
0000317623111020130713013161621602
0000317633111020130714013216582603
0000317643111020130715013341204546
0000317653111020130715012959720565
0000317663111020130716013717157778
0000317673111020130718013115739582
0000317683111020130724012381030443
0000317693111020130743020638222952
0000317703111020130746010606179051
0000317713111020130754012205303491
0000317723111020130804010606004081
0000317733111020130811013445927773
0000317743111020130819012537757965
0000317753111020130821013346415626
0000317763111020130826012669365606
0000317773111020131438017015654626
0000317793111020131721017015654626
0000317803111020131725012205303491
0000317813111020131842013248433565
0000317823111020131842012606067608
0000317833111020131845012537757965
0000317843111020131847012669365606
0000317853111020131847012669365606
0000317863111020131847013283694604
0000317873111020131853012447648547
0000317883111020131855021030657426
0000317893111020131856012176362731
0000317903111020131856012640964587
0000317913111020131858012044908095
0000317923111020131859013209558565
0000317933111020131901013115739582
0000317943111020131901013346415626
0000317953111020131902013204773549
0000317963111020131903013445927773
0000317973111020131909010606179051
0000317983111020131912010800328040
0000317993111020131912012965194608
0000318003111020131913013216582603
0000318013111020131941013341204546
0000318023111020132208019011902834
0000318033111020132224010661988071
0000318043121020130626012897151562
0000318053121020130626019024197840
0000318063121020130627013125683628
0000318073121020130627012787840584
0000318083121020130634012477246072
0000318093121020130645012537141441
0000318103121020130645012380364666
0000318113121020130646013287856293
0000318123121020130646010027963389
0000318133121020130652012538029483
0000318143121020130652012717311604
0000318153121020130653016426312151
0000318163121020130653015158560637
0000318173121020130654012687336604
0000318183121020130655013319746587
0000318193121020130656010117312573
0000318203121020130656010661988071
0000318213121020130657020728187471
0000318223121020130658013283694604
0000318233121020130658013089592583
0000318243121020130658018221431686
0000318253121020130658012640964587
0000318263121020130700012555174496
0000318273121020130701013104205549
0000318283121020130701016559843816
0000318293121020130703012978377625
0000318303121020130703012193107221
0000318313121020130703012435260174
0000318323121020130704012660972623
0000318333121020130704010728402499
0000318343121020130705020638222952
0000318353121020130706012738213628
0000318363121020130706012606067608
0000318373121020130707020107848044
0000318383121020130708012741695565
0000318393121020130709019035019531
0000318403121020130709010800328040
0000318413121020130709012612285565
0000318423121020130709016208924457
0000318433121020130709013401082603
0000318443121020130710012995385568
0000318453121020130710018221290284
0000318463121020130711012672055582
0000318473121020130713012645519581
0000318483121020130714013204773549
0000318493121020130715013248433565
0000318503121020130715017016186545
0000318513121020130715012760305580
0000318523121020130716019011902834
0000318533121020130718019006769099
0000318543121020130720020762577953
0000318553121020130720012654819606
0000318563121020130721015774279271
0000318573121020130733019038066271
0000318583121020130748013064808620
0000318593121020131554012537757965
0000318603121020131708012537757965
0000318613121020131845013261293585
0000318623121020131846012640964587
0000318633121020131847019012657825
0000318643121020131856013401082603
0000318653121020131857013209558565
0000318663121020131858012538029483
0000318673121020131859012687336604
0000318683121020131859012555174496
0000318693121020131859012897151562
0000318703121020131900015158560637
0000318713121020131900013204773549
0000318723121020131904016558907977
0000318733121020131904012835827627
0000318743121020131906012381030443
0000318753121020131906013161621602
0000318763121020131906012477389655
0000318773121020131907019035019531
0000318783121020131909012654819606
0000318793121020131923016426312151
0000318803121020131926012978377625
0000318813121020131931015195158278
0000318823131020130632012176362731
0000318833131020130642012827643563
0000318843131020130642012851794606
0000318853131020130645012970305609
0000318863131020130646012875834624
0000318873131020130648012380989410
0000318883131020130648012623352609
0000318893131020130648013204773549
0000318903131020130649012334465153
0000318913131020130650012805580623
0000318923131020130650020765841783
0000318933131020130651012550828676
0000318943131020130653012283239259
0000318953131020130653018111187594
0000318963131020130654019012657825
0000318973131020130655012381030443
0000318983131020130655012184372198
0000318993131020130655012184372198
0000319003131020130655012672055582
0000319013131020130657012413665465
0000319023131020130657012090266823
0000319033131020130659016558907977
0000319043131020130659020762577953
0000319053131020130659013209558565
0000319063131020130659013209558565
0000319073131020130700012816305564
0000319083131020130700012537141441
0000319093131020130700012537141441
0000319103131020130700012612285565
0000319113131020130701015195158278
0000319123131020130703012717311604
0000319133131020130703013341204546
0000319143131020130705012477389655
0000319153131020130705012477389655
0000319163131020130705019024197840
0000319173131020130706020728187471
0000319183131020130707013261293585
0000319193131020130708012835827627
0000319203131020130709012938212587
0000319213131020130711012645519581
0000319223131020130711013104205549
0000319233131020130712013319746587
0000319243131020130712012380364666
0000319253131020130714010027963389
0000319263131020130718015774279271
0000319273131020130722011974148372
0000319283131020130723012044908095
0000319293131020130724013161621602
0000319303131020130726018221431686
0000319313131020130727012334764118
0000319323131020130745019027172210
0000319333131020130748012976884589
0000319343131020130803012640964587
0000319353131020130810019038066271
0000319363131020130813019011902834
0000319373131020130815011497117148
0000319383131020130934012550828676
0000319393131020131005013216582603
0000319403131020131047013115739582
0000319413131020131819018111187594
0000319423131020131829012606067608
0000319433131020131833010728402499
0000319443131020131840012772235582
0000319453131020131845010661988071
0000319463131020131848013283694604
0000319473131020131853012640964587
0000319483131020131856012176362731
0000319493131020131857013248433565
0000319503131020131857013209558565
0000319513131020131858013115739582
0000319523131020131901012816305564
0000319533131020131901013216582603
0000319543131020131911013204773549
0000319553131020131917012044908095
0000319563131020131923013341204546
0000319573131020131927013465354817
0000319583141020130624012996148543
0000319593141020130629012538029483
0000319603141020130631012802922116
0000319613141020130638012631147547
0000319623141020130640012519156092
0000319633141020130641018221431686
0000319643141020130641018221431686
0000319653141020130643013125683628
0000319663141020130644012093421471
0000319673141020130644016559837492
0000319683141020130644019027172210
0000319693141020130646012371540775
0000319703141020130649012772235582
0000319713141020130649012555174496
0000319723141020130653011696742131
0000319733141020130653015158560637
0000319743141020130654012687336604
0000319753141020130657012875834624
0000319763141020130658012897151562
0000319773141020130658012938212587
0000319783141020130659012672055582
0000319793141020130659012672055582
0000319803141020130700012283239259
0000319813141020130700013283694604
0000319823141020130700012827643563
0000319833141020130700012334764118
0000319843141020130700010661988071
0000319853141020130702020765841783
0000319863141020130702012851794606
0000319873141020130703012606067608
0000319883141020130703012334465153
0000319893141020130704012507549248
0000319903141020130704012477389655
0000319913141020130705013216782602
0000319923141020130707010728402499
0000319933141020130709012413664892
0000319943141020130710013248433565
0000319953141020130712012090266823
0000319963141020130712012184372198
0000319973141020130715012413665465
0000319983141020130718016426312151
0000319993141020130719013109375604
0000320003141020130720012805580623
0000320013141020130727020427186484
0000320023141020130728012978377625
0000320033141020130732013369017600
0000320043141020130732011974148372
0000320053141020130733019044769777
0000320063141020130734012951973669
0000320073141020130739012380989410
0000320083141020130747011497117148
0000320093141020130751012205303491
0000320103141020130804013445927773
0000320113141020130812012623352609
0000320123141020130817013346415626
0000320133141020130817012537757965
0000320143141020130821013389894585
0000320153141020130825012669365606
0000320163141020130825012669365606
0000320173141020130840012703576562
0000320183141020131720012537757965
0000320193141020131735013346415626
0000320203141020131842016271900195
0000320213141020131847013261293585
0000320223141020131850014270490272
0000320233141020131852020412059058
0000320243141020131854016558907977
0000320253141020131855012381030443
0000320263141020131856012525180846
0000320273141020131857019012657825
0000320283141020131858012951973669
0000320293141020131858019044769777
0000320303141020131858011497117148
0000320313141020131900012687336604
0000320323141020131900012413665465
0000320333141020131900012538029483
0000320343141020131902012897151562
0000320353141020131904013465354817
0000320363141020131904015158560637
0000320373141020131905013125683628
0000320383141020131907012754312546
0000320393141020131909012555174496
0000320403141020131910020427186484
0000320413141020131923013153387302
0000320423141020131930013389894585
0000320433141020131931013109375604
0000320443141020131933016426312151
0000320453151020130632012703576562
0000320463151020130632012176362731
0000320473151020130637012477246072
0000320483151020130639013327971543
0000320493151020130640013209558565
0000320503151020130640013204773549
0000320513151020130648013145826629
0000320523151020130649013399809629
0000320533151020130649012472079984
0000320543151020130650017045046764
0000320553151020130650013364583624
0000320563151020130650012780072581
0000320573151020130650012899058624
0000320583151020130655013115739582
0000320593151020130655013112637568
0000320603151020130655013084967562
0000320613151020130656012447754835
0000320623151020130656019012657825
0000320633151020130657019035599597
0000320643151020130657021030657426
0000320653151020130657012929874564
0000320663151020130658012044908095
0000320673151020130701016558907977
0000320683151020130703013332112561
0000320693151020130703012413664892
0000320703151020130703012413665465
0000320713151020130704012835827627
0000320723151020130704012093421471
0000320733151020130704012631147547
0000320743151020130704011696742131
0000320753151020130705013216782602
0000320763151020130706012754312546
0000320773151020130706016271900195
0000320783151020130707012357054974
0000320793151020130709012802922116
0000320803151020130709012772235582
0000320813151020130710012477389655
0000320823151020130711013216582603
0000320833151020130711014270490272
0000320843151020130713016559837492
0000320853151020130713012507549248
0000320863151020130713012788517620
0000320873151020130714012525180846
0000320883151020130715013261293585
0000320893151020130715012672055582
0000320903151020130716018221431686
0000320913151020130720012381030443
0000320923151020130725013328164625
0000320933151020130727020412059058
0000320943151020130727012996148543
0000320953151020130727012996148543
0000320963151020130731012371540775
0000320973151020130740012951973669
0000320983151020130750013369017600
0000320993151020130759015853828278
0000321003151020130759012781811078
0000321013151020130759012205303491
0000321023151020130810012669365606
0000321033151020130812013445927773
0000321043151020130816012537757965
0000321053151020130836014368972275
0000321063151020130843012918515568
0000321073151020130849012996148543
0000321083151020130953019019769807
0000321093151020131758012537757965
0000321103151020131828010661988071
0000321113151020131829012205303491
0000321123151020131839018221431686
0000321133151020131841012606067608
0000321143151020131843012827643563
0000321153151020131845012669365606
0000321163151020131846013064808620
0000321173151020131851013283694604
0000321183151020131851013248433565
0000321193151020131851013248433565
0000321203151020131853012640964587
0000321213151020131854012447648547
0000321223151020131855021030657426
0000321233151020131857012176362731
0000321243151020131858012044908095
0000321253151020131900013346415626
0000321263151020131901013216582603
0000321273151020131902013115739582
0000321283151020131903013209558565
0000321293151020131905013084967562
0000321303151020131906013204773549
0000321313151020131906012772235582
0000321323151020131907012477246072
0000321333151020131908012781811078
0000321343151020131908015853828278
0000321353151020131911013328164625
0000321363151020131913012918515568
0000321373151020131915013445927773
0000321383151020131929013339566584
0000321393151020131930019019769807
0000321403151020131954018054342492
0000321413151020132001013328164625
0000321423151020132016013332112561
0000321433161020130639012538029483
0000321443161020130643012905230586
0000321453161020130650013341212603
0000321463161020130652020023934683
0000321473161020130654012555174496
0000321483161020130656012987837625
0000321493161020130657010109237835
0000321503161020130658013166042589
0000321513161020130700012274771873
0000321523161020130700012687336604
0000321533161020130701013283694604
0000321543161020130701010661988071
0000321553161020130703012776030543
0000321563161020130704012835827627
0000321573161020130707012115330732
0000321583161020130707014205344267
0000321593161020130707019035599597
0000321603161020130708015158560637
0000321613161020130708012037738465
0000321623161020130708013112637568
0000321633161020130710012447754835
0000321643161020130712017045046764
0000321653161020130712012472079984
0000321663161020130712012827643563
0000321673161020130714012447648547
0000321683161020130714013248433565
0000321693161020130716012477389655
0000321703161020130716013145826629
0000321713161020130716013327971543
0000321723161020130717013339566584
0000321733161020130717013228264547
0000321743161020130717012788517620
0000321753161020130718012899058624
0000321763161020130718012357054974
0000321773161020130719013032643561
0000321783161020130719016426312151
0000321793161020130720012780072581
0000321803161020130720012760305580
0000321813161020130721013221220625
0000321823161020130724014368972275
0000321833161020130725013717157778
0000321843161020130726013182496548
0000321853161020130730018221431686
0000321863161020130731012640964587
0000321873161020130733012606067608
0000321883161020130734013399809629
0000321893161020130736012897151562
0000321903161020130738015783929275
0000321913161020130739012613488605
0000321923161020130741013369017600
0000321933161020130743013109375604
0000321943161020130751012205303491
0000321953161020130810012537757965
0000321963161020130811013346415626
0000321973161020130813019000623483
0000321983161020130820013445927773
0000321993161020130831013302245563
0000322003161020130850012669365606
0000322013161020131710012537757965
0000322023161020131722012205303491
0000322033161020131735012669365606
0000322043161020131743013346415626
0000322053161020131802013445927773
0000322063161020131834012754312546
0000322073161020131851019012657825
0000322083161020131854016271900195
0000322093161020131857013112637568
0000322103161020131857012525180846
0000322113161020131858012477389655
0000322123161020131900012613488605
0000322133161020131900012897151562
0000322143161020131902019027172210
0000322153161020131903015158560637
0000322163161020131904012555174496
0000322173161020131904019000623483
0000322183161020131904012538029483
0000322193161020131905012381030443
0000322203161020131905012687336604
0000322213161020131909013032643561
0000322223161020131909013302245563
0000322233161020131913013109375604
0000322243161020131914013717157778
0000322253161020131915013261293585
0000322263161020131922016558907977
0000322273161020131922016426312151
0000322283161020132211015853828278
0000322293161020132211012781811078
0000322303171020130626010728402499
0000322313171020130633012176362731
0000322323171020130633012371540775
0000322333171020130639013204773549
0000322343171020130641013209558565
0000322353171020130643016208924457
0000322363171020130645013089592583
0000322373171020130648013115739582
0000322383171020130654012787840584
0000322393171020130655012477246072
0000322403171020130655012965194608
0000322413171020130656012044908095
0000322423171020130657013161621602
0000322433171020130657020059340368
0000322443171020130658012995385568
0000322453171020130658012660972623
0000322463171020130658013221220625
0000322473171020130659013053302623
0000322483171020130659012816305564
0000322493171020130659012588967584
0000322503171020130659013112637568
0000322513171020130659012738213628
0000322523171020130700012525180846
0000322533171020130700012987837625
0000322543171020130700012905230586
0000322553171020130700019012657825
0000322563171020130700013341212603
0000322573171020130701012381030443
0000322583171020130701016271900195
0000322593171020130701016558907977
0000322603171020130702012754312546
0000322613171020130702012435260174
0000322623171020130703012477389655
0000322633171020130703012193107221
0000322643171020130703012672055582
0000322653171020130704013203260602
0000322663171020130705013182496548
0000322673171020130705013228264547
0000322683171020130705020023934683
0000322693171020130707019011902834
0000322703171020130709013125683628
0000322713171020130710012037738465
0000322723171020130713010109237835
0000322733171020130715013166042589
0000322743171020130715012274771873
0000322753171020130715012760305580
0000322763171020130718012115330732
0000322773171020130724010606004081
0000322783171020130728013369017600
0000322793171020130729013216582603
0000322803171020130735018221290284
0000322813171020130746010606179051
0000322823171020130749012205303491
0000322833171020130807013445927773
0000322843171020130812013328164625
0000322853171020130812013346415626
0000322863171020130813012537757965
0000322873171020130814019027172210
0000322883171020130853013357909609
0000322923171020131749012537757965
0000322933171020131755013346415626
0000322943171020131828013445927773
0000322953171020131831010661988071
0000322963171020131837012640964587
0000322973171020131846013109375604
0000322983171020131851013261293585
0000322993171020131851012176362731
0000323003171020131854012413665465
0000323013171020131855021030657426
0000323023171020131858013115739582
0000323033171020131858013209558565
0000323043171020131858013204773549
0000323053171020131901010606179051
0000323063171020131902012044908095
0000323073171020131902012816305564
0000323083171020131903013216582603
0000323093171020131903013357909609
0000323103171020131904013203260602
0000323113171020131906013053302623
0000323123171020131915013089592583
0000323133171020131916010806944681
0000323143171020131922013328164625
0000323153171020131940012371540775
0000323163171020131955013064808620
0000323173171020131958012205303491
0000323183181020130626010117312573
0000323193181020130635019024197840
0000323203181020130640012717311604
0000323213181020130642012538029483
0000323223181020130646017016186545
0000323233181020130648016559843816
0000323243181020130651012484753057
0000323253181020130651012741695565
0000323263181020130651012965194608
0000323273181020130652012687336604
0000323283181020130652012995385568
0000323293181020130653012612285565
0000323303181020130654012555174496
0000323313181020130655013261293585
0000323323181020130655010661988071
0000323333181020130655020762577953
0000323343181020130658012654819606
0000323353181020130658013109375604
0000323363181020130658013109375604
0000323373181020130658013287856293
0000323383181020130658013049770626
0000323393181020130700012435260174
0000323403181020130700010806944681
0000323413181020130700012787840584
0000323423181020130700012660972623
0000323433181020130701012703576562
0000323443181020130702012640964587
0000323453181020130702013125683628
0000323463181020130703010728402499
0000323473181020130704012672055582
0000323483181020130704012588967584
0000323493181020130705012193107221
0000323503181020130706012645519581
0000323513181020130706013319746587
0000323523181020130706012380364666
0000323533181020130707012776030543
0000323543181020130708012897151562
0000323553181020130709012413665465
0000323563181020130711019035019531
0000323573181020130712013104205549
0000323583181020130714010606004081
0000323593181020130716010606179051
0000323603181020130719018221290284
0000323613181020130726011497117148
0000323623181020130727019006769099
0000323633181020130735016426312151
0000323643181020130739015900373278
0000323653181020130739015900373278
0000323663181020130740012477246072
0000323673181020130749020059340368
0000323683181020130755013064808620
0000323693181020130755019011902834
0000323703181020130758012205303491
0000323713181020130815013445927773
0000323723181020130816012537757965
0000323733181020130819013346415626
0000323743181020130830012669365606
0000323753181020130834020638222952
0000323763181020130935013161621602
0000323773181020131005013328164625
0000323783181020131601010606179051
0000323793181020131750012537757965
0000323803181020131820012205303491
0000323813181020131846012525180846
0000323823181020131847019012657825
0000323833181020131852016271900195
0000323843181020131856012754312546
0000323853181020131901016558907977
0000323863181020131901012555174496
0000323873181020131902012687336604
0000323883181020131903012897151562
0000323893181020131904012538029483
0000323903181020131909019035019531
0000323913181020131910013216582603
0000323923181020131910012381030443
0000323933181020131920013341204546
0000323943181020131920011497117148
0000323953181020131922016426312151
0000323963181020131926013109375604
0000323973181020131932012477389655
0000323983181020131941013346415626
0000323993181020132020013328164625
0000324003191020130621013204773549
0000324013191020130634013173312626
0000324023191020130636012176362731
0000324033191020130639012970305609
0000324043191020130643010027963389
0000324053191020130643013209558565
0000324063191020130644021030657426
0000324073191020130644012827643563
0000324083191020130645012334465153
0000324093191020130646015900373278
0000324103191020130647015158560637
0000324113191020130647012550828676
0000324123191020130648012851794606
0000324133191020130650020728187471
0000324143191020130650019006769099
0000324153191020130651012537141441
0000324163191020130652013287856293
0000324173191020130652019011902834
0000324183191020130654019038066271
0000324193191020130654012044908095
0000324203191020130655012090266823
0000324213191020130655012672055582
0000324223191020130657012413665465
0000324233191020130657013401082603
0000324243191020130700017016186545
0000324253191020130701020638222952
0000324263191020130701020638222952
0000324273191020130701012381030443
0000324283191020130701010117312573
0000324293191020130701016558907977
0000324303191020130701016271900195
0000324313191020130701012805580623
0000324323191020130702012612285565
0000324333191020130702018111187594
0000324343191020130703012717311604
0000324353191020130703012477389655
0000324363191020130704012654819606
0000324373191020130704020762577953
0000324383191020130706012741695565
0000324393191020130706012875834624
0000324403191020130706013115739582
0000324413191020130707013319746587
0000324423191020130707012484753057
0000324433191020130708019024197840
0000324443191020130711012184372198
0000324453191020130713012380364666
0000324463191020130717012645519581
0000324473191020130718013104205549
0000324483191020130718013049770626
0000324493191020130718013341204546
0000324503191020130720012938212587
0000324513191020130720020765841783
0000324523191020130726012525180846
0000324533191020130730012776030543
0000324543191020130732012334764118
0000324553191020130732019000623483
0000324583191020130931014491135939
0000324593191020130931014491135939
0000324603191020131833013064808620
0000324613191020131834010661988071
0000324623191020131838019012657825
0000324633191020131851012640964587
0000324643191020131852013115739582
0000324653191020131853013261293585
0000324663191020131855021030657426
0000324673191020131855012176362731
0000324683191020131855013209558565
0000324693191020131855013401082603
0000324703191020131900013204773549
0000324713191020131901015158560637
0000324723191020131903012672055582
0000324733191020131903014491135939
0000324743191020131903019000623483
0000324753191020131903019000623483
0000324763191020131904019000623483
0000324773191020131904019000623483
0000324783191020131907012044908095
0000324793191020131907012044908095
0000324803191020131910012477389655
0000324813191020131926015195158278
0000324833201020130632010728402499
0000324843201020130646011696742131
0000324853201020130646018221431686
0000324863201020130649012507549248
0000324873201020130650012802922116
0000324883201020130653012555174496
0000324893201020130655018111187594
0000324903201020130655012996148543
0000324913201020130656012631147547
0000324923201020130656012631147547
0000324933201020130656013261293585
0000324943201020130658016426312151
0000324953201020130658012623352609
0000324963201020130659012687336604
0000324973201020130659012447754835
0000324983201020130659010661988071
0000324993201020130700012875834624
0000325003201020130700012867217581
0000325013201020130700012938212587
0000325023201020130700012537141441
0000325033201020130700012851794606
0000325043201020130701012090266823
0000325053201020130701012334764118
0000325063201020130701015158560637
0000325073201020130702012093421471
0000325083201020130703019012657825
0000325093201020130703012672055582
0000325103201020130703016559837492
0000325113201020130704012897151562
0000325123201020130706012477389655
0000325133201020130707012640964587
0000325143201020130709013341204546
0000325153201020130709012816305564
0000325163201020130710012970305609
0000325173201020130710015195158278
0000325183201020130711013173312626
0000325193201020130713010027963389
0000325203201020130713012334465153
0000325213201020130718012184372198
0000325223201020130718012805580623
0000325233201020130719012550828676
0000325243201020130720012827643563
0000325253201020130720015774279271
0000325263201020130721012976884589
0000325273201020130721013064808620
0000325283201020130723020728187471
0000325293201020130724012380989410
0000325303201020130728020765841783
0000325313201020130730013109375604
0000325323201020130733013359379607
0000325333201020130745019038066271
0000325343201020130749012413665465
0000325353201020130750011974148372
0000325363201020130750012538029483
0000325373201020130755012413664892
0000325383201020130806011497117148
0000325393201020130842019011902834
0000325403201020131831019012657825
0000325413201020131842016558907977
0000325423201020131847016271900195
0000325433201020131856012447648547
0000325443201020131857013161621602
0000325453201020131859010728402499
0000325463201020131900012413665465
0000325473201020131901012754312546
0000325483201020131901011497117148
0000325493201020131903011974148372
0000325503201020131904012538029483
0000325513201020131904012687336604
0000325523201020131904012555174496
0000325533201020131904012538029483
0000325543201020131904013109375604
0000325553201020131905012447754835
0000325563201020131905012447754835
0000325573201020131907015158560637
0000325583201020131907016426312151
0000325593201020131913012897151562
0000325603201020131930012555174496
0000325613201020132024019000623483
0000325623211020130612014368972275
0000325633211020130623012472079984
0000325643211020130624013364583624
0000325653211020130648013399809629
0000325663211020130648013216582603
0000325673211020130649012827643563
0000325683211020130651012283239259
0000325693211020130654012519156092
0000325703211020130654012835827627
0000325713211020130654017045046764
0000325723211020130655019035599597
0000325733211020130655019012657825
0000325743211020130701012413665465
0000325753211020130701013204773549
0000325763211020130701012645519581
0000325773211020130701012802922116
0000325783211020130702012447754835
0000325793211020130702013359379607
0000325803211020130703012044908095
0000325813211020130703012044908095
0000325823211020130704013084967562
0000325833211020130705016558907977
0000325843211020130705013209558565
0000325853211020130706016271900195
0000325863211020130706013145826629
0000325873211020130707012754312546
0000325883211020130707021030657426
0000325893211020130708013161621602
0000325903211020130710016992755006
0000325913211020130711012093421471
0000325923211020130712016559837492
0000325933211020130712012507549248
0000325943211020130713012867217581
0000325953211020130713019000623483
0000325963211020130713012938212587
0000325973211020130714013115739582
0000325983211020130714013332112561
0000325993211020130714012413664892
0000326003211020130716012816305564
0000326013211020130717011696742131
0000326023211020130717012996148543
0000326033211020130720012631147547
0000326043211020130721012447648547
0000326053211020130722019044769777
0000326063211020130722013401082603
0000326073211020130724012477246072
0000326083211020130724011497117148
0000326093211020130724013369017600
0000326103211020130725012371540775
0000326113211020130726012623352609
0000326123211020130728012672055582
0000326133211020130756013341204546
0000326143211020130759012205303491
0000326153211020130806018221431686
0000326163211020130806018221431686
0000326173211020130810012537757965
0000326183211020130819012951973669
0000326193211020130821013445927773
0000326203211020130821012669365606
0000326213211020130827012380989410
0000326223211020131333013346415626
0000326233211020131726012669365606
0000326243211020131825013112637568
0000326253211020131835012537757965
0000326263211020131840013445927773
0000326273211020131841013064808620
0000326283211020131841013346415626
0000326293211020131845012176362731
0000326303211020131845012640964587
0000326313211020131849014270490272
0000326323211020131855012805580623
0000326333211020131855013401082603
0000326343211020131856012938212587
0000326353211020131903012672055582
0000326363211020131903012205303491
0000326373211020131903012044908095
0000326383211020131904012477246072
0000326393211020131904021030657426
0000326403211020131904013204773549
0000326413211020131910013261293585
0000326423211020131912012951973669
0000326433211020131915012645519581
0000326443211020131915013115739582
0000326453211020131915013209558565
0000326463211020131916012447648547
0000326473211020131936013465354817
0000326483211020131942013153387302
0000326493211020131954013332112561
0000326503211020132019013340472628
0000326513221020130643012538029483
0000326523221020130646020023934683
0000326533221020130648012037738465
0000326543221020130649013166042589
0000326553221020130650012274771873
0000326563221020130650010109237835
0000326573221020130651012687336604
0000326583221020130651016426312151
0000326593221020130653012897151562
0000326603221020130653013261293585
0000326613221020130654012613488605
0000326623221020130656012555174496
0000326633221020130657012176362731
0000326643221020130659012899058624
0000326653221020130659013717157778
0000326663221020130700012283239259
0000326673221020130700012447648547
0000326683221020130700015158560637
0000326693221020130703012835827627
0000326703221020130704013221220625
0000326713221020130705013084967562
0000326723221020130707012640964587
0000326733221020130707013145826629
0000326743221020130709019019769807
0000326753221020130709012672055582
0000326763221020130709013364583624
0000326773221020130709013161621602
0000326783221020130710012447754835
0000326793221020130710012472079984
0000326803221020130712019035599597
0000326813221020130712017045046764
0000326823221020130715020766123841
0000326833221020130716013228264547
0000326843221020130717014270490272
0000326853221020130719013465354817
0000326863221020130721012788517620
0000326873221020130724012827643563
0000326883221020130726013109375604
0000326893221020130726014368972275
0000326903221020130727012371540775
0000326913221020130731013399809629
0000326923221020130747019000623483
0000326933221020130754013182496548
0000326943221020130755012781811078
0000326953221020130755015853828278
0000326963221020130756013064808620
0000326973221020130757016992755006
0000326983221020130758013369017600
0000326993221020130759012205303491
0000327003221020130800012951973669
0000327013221020130802012780072581
0000327023221020130805013328164625
0000327033221020130816013346415626
0000327043221020130817012537757965
0000327053221020130828013340472628
0000327063221020130903012669365606
0000327073221020130903012669365606
0000327083221020130911013445927773
0000327093221020130911013445927773
