0000339243311020131805012205303491
0000339253311020131813012669365606
0000339263311020131830012640964587
0000339273311020131833020765841783
0000339283311020131833013112637568
0000339293311020131836012176362731
0000339303311020131837010661988071
0000339313311020131841012537757965
0000339323311020131841013346415626
0000339333311020131848013109375604
0000339343311020131851013064808620
0000339353311020131852012875834624
0000339363311020131855012184372198
0000339373311020131857013261293585
0000339383311020131859013387802543
0000339393311020131859012687336604
0000339403311020131900013357909609
0000339413311020131901013216582603
0000339423311020131902010863443432
0000339433311020131902013204773549
0000339443311020131903013053302623
0000339453311020131903013115739582
0000339463311020131904013203260602
0000339473311020131918010606179051
0000339483311020131919013445927773
0000339493311020131927010806944681
0000339503311020131927012371540775
0000339513311020131949019011902834
0000339523311020131956018054342492
0000339533311020132054013328164625
0000339543011120130620012996148543
0000339553011120130627019024197840
0000339563011120130635016559837492
0000339573011120130639012631147547
0000339583011120130645012672055582
0000339593011120130647018221431686
0000339603011120130647018221431686
0000339613011120130647012897151562
0000339623011120130648013399809629
0000339633011120130648013399809629
0000339643011120130649012703576562
0000339653011120130651012538029483
0000339663011120130652016426312151
0000339673011120130653016558907977
0000339683011120130653012093421471
0000339693011120130654021030657426
0000339703011120130654013287856293
0000339713011120130655020412059058
0000339723011120130656012090266823
0000339733011120130657016271900195
0000339743011120130657015158560637
0000339753011120130659013261293585
0000339763011120130700019011902834
0000339773011120130701018111187594
0000339783011120130701012550828676
0000339793011120130702012851794606
0000339803011120130703012334764118
0000339813011120130703013112637568
0000339823011120130704012176362731
0000339833011120130704012938212587
0000339843011120130706010661988071
0000339853011120130706012978377625
0000339863011120130707012413664892
0000339873011120130708012413665465
0000339883011120130708012827643563
0000339893011120130709012413665465
0000339903011120130710012875834624
0000339913011120130710012184372198
0000339923011120130710012334465153
0000339933011120130710012805580623
0000339943011120130711012640964587
0000339953011120130712012588967584
0000339963011120130712013465354817
0000339973011120130713013173312626
0000339983011120130713012970305609
0000339993011120130719010606179051
0000340003011120130720012776030543
0000340013011120130726013359379607
0000340023011120130728010806944681
0000340033011120130735013341204546
0000340043011120130736010606004081
0000340053011120130736010606004081
0000340063011120130755012205303491
0000340073011120130803013445927773
0000340083011120130814012537757965
0000340093011120130814012507549248
0000340103011120130815013346415626
0000340113011120130834012669365606
0000340123011120130834012669365606
0000340133011120131013011722716058
0000340143011120131342011722716058
0000340173011120131723012537757965
0000340183011120131728012205303491
0000340193011120131748013445927773
0000340203011120131753012669365606
0000340213011120131816013346415626
0000340223011120131841012827643563
0000340233011120131843013209558565
0000340243011120131844013216782602
0000340253011120131847012525180846
0000340263011120131850012754312546
0000340273011120131852012184372198
0000340283011120131856012555174496
0000340293011120131858012867217581
0000340303011120131859012044908095
0000340313011120131900019024197840
0000340323011120131900016426312151
0000340333011120131900016558907977
0000340343011120131901013204773549
0000340353011120131901012413665465
0000340363011120131901012538029483
0000340373011120131901015158560637
0000340383011120131901021030657426
0000340393011120131909012897151562
0000340403011120131911012381030443
0000340413011120131925013399809629
0000340423011120131926014205344267
0000340433011120132003010606179051
0000340443021120130612013364583624
0000340453021120130612012472079984
0000340463021120130613017045046764
0000340473021120130640010027963389
0000340483021120130644012938212587
0000340493021120130647020728187471
0000340503021120130647013145826629
0000340513021120130650013327971543
0000340523021120130651019011902834
0000340533021120130652012687336604
0000340543021120130654012537141441
0000340553021120130654013399809629
0000340563021120130654012413665465
0000340573021120130655012835827627
0000340583021120130655013387802543
0000340593021120130656010863443432
0000340603021120130656013115739582
0000340613021120130700013216782602
0000340623021120130700013359379607
0000340633021120130700012754312546
0000340643021120130700013209558565
0000340653021120130700019038066271
0000340663021120130700012827643563
0000340673021120130700012867217581
0000340683021120130701012381030443
0000340693021120130701013287856293
0000340703021120130701012525180846
0000340713021120130702012413664892
0000340723021120130703012672055582
0000340733021120130703012044908095
0000340743021120130703013204773549
0000340753021120130704012184372198
0000340763021120130705013084967562
0000340773021120130705012447648547
0000340783021120130706013112637568
0000340793021120130707012447754835
0000340803021120130707016559837492
0000340813021120130707012929874564
0000340823021120130708012555174496
0000340833021120130709012093421471
0000340843021120130710013341204546
0000340853021120130711013216582603
0000340863021120130712012978377625
0000340873021120130719020059340368
0000340883021120130720012477389655
0000340893021120130720012631147547
0000340903021120130722020412059058
0000340913021120130723012996148543
0000340923021120130723012776030543
0000340933021120130724013332112561
0000340943021120130745018221431686
0000340953021120130745018221431686
0000340963021120130751019000623483
0000340973021120130818011722716058
0000340983021120130840014368972275
0000340993021120130844012996148543
0000341003021120130857012537757965
0000341013021120130920012537757965
0000341023021120131025016271900195
0000341033021120131410016271900195
0000341043021120131837013064808620
0000341053021120131837012176362731
0000341063021120131844012640964587
0000341073021120131847012851794606
0000341083021120131850010661988071
0000341093021120131852012827643563
0000341103021120131858012687336604
0000341113021120131900013084967562
0000341123021120131900013216582603
0000341133021120131901013115739582
0000341143021120131901013387802543
0000341153021120131902013161621602
0000341163021120131906019035599597
0000341173021120131907012413665465
0000341183021120131907019000623483
0000341193021120131910010863443432
0000341203021120131916013399809629
0000341213021120131916020728187471
0000341223021120131918010800328040
0000341233021120131920015195158278
0000341243021120131925012447754835
0000341253021120131930013261293585
0000341263031120130642016271900195
0000341273031120130643012987837625
0000341283031120130645010109237835
0000341293031120130645016558907977
0000341303031120130646020023934683
0000341313031120130646012274771873
0000341323031120130651012938212587
0000341333031120130652012283239259
0000341343031120130653013182496548
0000341353031120130653013166042589
0000341363031120130653013228264547
0000341373031120130653012996148543
0000341383031120130653021030657426
0000341393031120130655012380989410
0000341403031120130655012380989410
0000341413031120130656012037738465
0000341423031120130656012905230586
0000341433031120130657012613488605
0000341443031120130658012623352609
0000341453031120130658015158560637
0000341463031120130659012640964587
0000341473031120130659010661988071
0000341483031120130700012827643563
0000341493031120130700012851794606
0000341503031120130700016426312151
0000341513031120130700013261293585
0000341523031120130700012537141441
0000341533031120130702012176362731
0000341543031120130702010027963389
0000341553031120130706015195158278
0000341563031120130707013112637568
0000341573031120130707012772235582
0000341583031120130708012477389655
0000341593031120130708010800328040
0000341603031120130708010800328040
0000341613031120130709017045046764
0000341623031120130709013327971543
0000341633031120130710013364583624
0000341643031120130711013109375604
0000341653031120130712013341204546
0000341663031120130714012472079984
0000341673031120130715013145826629
0000341683031120130716012538029483
0000341693031120130716012447648547
0000341703031120130717014368972275
0000341713031120130719012835827627
0000341723031120130727019035599597
0000341733031120130729015774279271
0000341743031120130739012897151562
0000341753031120130900019038066271
0000341763031120130910013340472628
0000341773031120131839013204773549
0000341783031120131839012525180846
0000341793031120131847011497117148
0000341803031120131852013221220625
0000341813031120131859012044908095
0000341823031120131900012897151562
0000341833031120131900012538029483
0000341843031120131900012555174496
0000341853031120131900012996148543
0000341863031120131902016426312151
0000341873031120131902013209558565
0000341883031120131903016558907977
0000341893031120131907013341204546
0000341903031120131908015158560637
0000341913031120131909012772235582
0000341923031120131913012381030443
0000341933031120131916010661988071
0000341943031120131938013340472628
0000341953041120130624010728402499
0000341963041120130630012802922116
0000341973041120130648012827643563
0000341983041120130650012687336604
0000341993041120130651013387802543
0000342003041120130652010661988071
0000342013041120130653013089592583
0000342023041120130654013228264547
0000342033041120130654013125683628
0000342043041120130654012519156092
0000342053041120130654012672055582
0000342063041120130655012965194608
0000342073041120130655012371540775
0000342083041120130655012987837625
0000342093041120130656010863443432
0000342103041120130658010109237835
0000342113041120130659020107848044
0000342123041120130700012274771873
0000342133041120130700012613488605
0000342143041120130700012037738465
0000342153041120130701012905230586
0000342163041120130701012660972623
0000342173041120130701012381030443
0000342183041120130702012283239259
0000342193041120130703012738213628
0000342203041120130704012525180846
0000342213041120130704012555174496
0000342223041120130704013166042589
0000342233041120130704020023934683
0000342243041120130705013209558565
0000342253041120130707012477246072
0000342263041120130707013216582603
0000342273041120130707013204773549
0000342283041120130709013161621602
0000342293041120130709016208924457
0000342303041120130709018221290284
0000342313041120130710013221220625
0000342323041120130710013182496548
0000342333041120130713012760305580
0000342343041120130715016992755006
0000342353041120130716012044908095
0000342363041120130716012787840584
0000342373041120130717019044769777
0000342383041120130719012623352609
0000342393041120130730012193107221
0000342403041120130730013115739582
0000342413041120130731012380989410
0000342423041120130750013369017600
0000342433041120130758012205303491
0000342443041120130814012537757965
0000342453041120130815013346415626
0000342463041120130840013445927773
0000342473041120130853012951973669
0000342483041120130957011722716058
0000342493041120131310011722716058
0000342503041120131407013387802543
0000342513041120131724012205303491
0000342523041120131735012537757965
0000342533041120131739013445927773
0000342543041120131741013445927773
0000342553041120131826012176362731
0000342563041120131831012640964587
0000342573041120131833020412059058
0000342583041120131834013064808620
0000342593041120131844013261293585
0000342603041120131845012477246072
0000342613041120131850012413665465
0000342623041120131851013216582603
0000342633041120131854014270490272
0000342643041120131855012447648547
0000342653041120131858013089592583
0000342663041120131859012687336604
0000342673041120131900010863443432
0000342683041120131901010806944681
0000342693041120131902012827643563
0000342703041120131904013115739582
0000342713041120131910012754312546
0000342723041120131924013109375604
0000342733041120131927013153387302
0000342743041120131945012371540775
0000342753041120132142013340472628
0000342763051120130625012654819606
0000342773051120130635019024197840
0000342783051120130640012897151562
0000342793051120130640016271900195
0000342803051120130642010117312573
0000342813051120130642016558907977
0000342823051120130647013399809629
0000342833051120130649012274771873
0000342843051120130651012899058624
0000342853051120130652014270490272
0000342863051120130652013261293585
0000342873051120130654012741695565
0000342883051120130655012484753057
0000342893051120130655012717311604
0000342903051120130655012380364666
0000342913051120130656012612285565
0000342923051120130656012965194608
0000342933051120130658012176362731
0000342943051120130700012780072581
0000342953051120130700012447648547
0000342963051120130700016559843816
0000342973051120130700010728402499
0000342983051120130700012193107221
0000342993051120130702012918515568
0000343003051120130702020412059058
0000343013051120130703013109375604
0000343023051120130703012672055582
0000343033051120130703013104205549
0000343043051120130704012787840584
0000343053051120130704012738213628
0000343063051120130705013125683628
0000343073051120130705012538029483
0000343083051120130705010806944681
0000343093051120130705019035019531
0000343103051120130705013049770626
0000343113051120130706012788517620
0000343123051120130707015158560637
0000343133051120130708012802922116
0000343143051120130709012760305580
0000343153051120130711012640964587
0000343163051120130712012413665465
0000343173051120130712020762577953
0000343183051120130715016426312151
0000343193051120130717018221290284
0000343203051120130718012660972623
0000343213051120130719016208924457
0000343223051120130722013340472628
0000343233051120130724012754312546
0000343243051120130726012477389655
0000343253051120130730020107848044
0000343263051120130738013328164625
0000343273051120130744021030657426
0000343283051120130751013369017600
0000343293051120130754012205303491
0000343303051120130803015853828278
0000343313051120130803012781811078
0000343323051120130804013445927773
0000343333051120130813012537757965
0000343343051120130825013064808620
0000343353051120130826013346415626
0000343363051120130827016992755006
0000343373051120130836019000623483
0000343383051120130841012951973669
0000343393051120130841019019769807
0000343403051120130843012669365606
0000343413051120131120011722716058
0000343423051120131310011722716058
0000343433051120131730013445927773
0000343443051120131730012205303491
0000343453051120131754012537757965
0000343463051120131754012537757965
0000343473051120131758012669365606
0000343483051120131758012669365606
0000343493051120131833013204773549
0000343503051120131837013209558565
0000343513051120131848013328164625
0000343523051120131856021030657426
0000343533051120131858016558907977
0000343543051120131859012538029483
0000343553051120131859012897151562
0000343563051120131900012781811078
0000343573051120131900015853828278
0000343583051120131900016271900195
0000343593051120131900015158560637
0000343603051120131909012918515568
0000343613051120131910012381030443
0000343623051120131911012951973669
0000343633051120131911012274771873
0000343643051120131911019035019531
0000343653051120131912019000623483
0000343663051120131912019045687766
0000343673051120131915013161621602
0000343683051120131917012645519581
0000343693051120131918012044908095
0000343703051120131929019019769807
0000343713051120131930016426312151
0000343723051120131943013382133295
0000343733051120132007012525180846
0000343743051120132012012555174496
0000343753051120132221018054342492
0000343763061120130630013049770626
0000343773061120130639012851794606
0000343783061120130639012970305609
0000343793061120130640012827643563
0000343803061120130647013332112561
0000343813061120130648016271900195
0000343823061120130649012805580623
0000343833061120130650010863443432
0000343843061120130654013341212603
0000343853061120130654012334465153
0000343863061120130655012507549248
0000343873061120130656012413665465
0000343883061120130656012687336604
0000343893061120130656012550828676
0000343903061120130657012090266823
0000343913061120130658012334764118
0000343923061120130700013221220625
0000343933061120130700012875834624
0000343943061120130701013161621602
0000343953061120130701012381030443
0000343963061120130702012654819606
0000343973061120130702013104205549
0000343983061120130703012115330732
0000343993061120130703013204773549
0000344003061120130703012717311604
0000344013061120130704012741695565
0000344023061120130704012484753057
0000344033061120130705012645519581
0000344043061120130706012044908095
0000344053061120130707012788517620
0000344063061120130707012672055582
0000344073061120130708012477389655
0000344083061120130709012380364666
0000344093061120130709012525180846
0000344103061120130710013209558565
0000344113061120130711010800328040
0000344123061120130711020762577953
0000344133061120130712014205344267
0000344143061120130712019045687766
0000344153061120130712018111187594
0000344163061120130713013399809629
0000344173061120130713012555174496
0000344183061120130714012612285565
0000344193061120130718012899058624
0000344203061120130718013032643561
0000344213061120130719012780072581
0000344223061120130719010117312573
0000344233061120130720013382133295
0000344243061120130720019024197840
0000344253061120130731013115739582
0000344263061120130731013302245563
0000344273061120130735013216582603
0000344283061120130751019000623483
0000344293061120130759012205303491
0000344303061120130800013369017600
0000344313061120130818013346415626
0000344323061120130829012951973669
0000344333061120130840012669365606
0000344343061120131034011722716058
0000344353061120131239011722716058
0000344363061120131644012205303491
0000344373061120131747012669365606
0000344383061120131747013346415626
0000344393061120131833012176362731
0000344403061120131842012640964587
0000344413061120131851013261293585
0000344423061120131851016271900195
0000344433061120131853013204773549
0000344443061120131856012951973669
0000344453061120131859013115739582
0000344463061120131859013173312626
0000344473061120131859012672055582
0000344483061120131859019000623483
0000344493061120131900010863443432
0000344503061120131901012687336604
0000344513061120131903013221220625
0000344523061120131904013216582603
0000344533061120131906013032643561
0000344543061120131911013064808620
0000344553061120131955013302245563
0000344563061120132004013465354817
0000344573061120132005013332112561
0000344583061120132008015853828278
0000344593071120130644012184372198
0000344603071120130646012631147547
0000344613071120130647011696742131
0000344623071120130648016559837492
0000344633071120130650010806944681
0000344643071120130651013359379607
0000344653071120130652016271900195
0000344663071120130654021030657426
0000344673071120130655012703576562
0000344683071120130655012996148543
0000344693071120130656012550828676
0000344703071120130658012477246072
0000344713071120130658019011902834
0000344723071120130659012115330732
0000344733071120130659012588967584
0000344743071120130700013261293585
0000344753071120130700012827643563
0000344763071120130701015158560637
0000344773071120130701018111187594
0000344783071120130702012507549248
0000344793071120130702012938212587
0000344803071120130702012867217581
0000344813071120130703013173312626
0000344823071120130703012413665465
0000344833071120130703016558907977
0000344843071120130703012093421471
0000344853071120130704012334465153
0000344863071120130704012897151562
0000344873071120130706012672055582
0000344883071120130706012176362731
0000344893071120130706013216782602
0000344903071120130709012090266823
0000344913071120130710013341212603
0000344923071120130710012640964587
0000344933071120130710013204773549
0000344943071120130713013053302623
0000344953071120130713013369017600
0000344963071120130714012851794606
0000344973071120130714013465354817
0000344983071120130718012978377625
0000344993071120130719012413664892
0000345003071120130720012970305609
0000345013071120130726020765841783
0000345023071120130726012805580623
0000345033071120130726010606179051
0000345043071120130728010800328040
0000345053071120130729016426312151
0000345063071120130729010606004081
0000345073071120130730012334764118
0000345083071120130730012875834624
0000345093071120130732012538029483
0000345103071120130819012537757965
0000345113071120130822012669365606
0000345123071120130822012669365606
0000345133071120130826013346415626
0000345143071120130837013064808620
0000345153071120130841013357909609
0000345163071120130903013445927773
0000345173071120130940013328164625
0000345183071120131826012537757965
0000345193071120131830013209558565
0000345203071120131855013346415626
0000345213071120131855012669365606
0000345223071120131856021030657426
0000345233071120131856012555174496
0000345243071120131858012413665465
0000345253071120131900012538029483
0000345263071120131900012897151562
0000345273071120131901016558907977
0000345283071120131903013357909609
0000345293071120131903015158560637
0000345303071120131910012381030443
0000345313071120131911012044908095
0000345323071120131929019012657825
0000345333071120131930016426312151
0000345343071120131930013445927773
0000345353071120131931016271900195
0000345363071120131942012525180846
0000345373071120131948010606179051
0000345383071120132005018054342492
0000345393071120132035013053302623
0000345403071120132114012754312546
0000345413071120132243019011902834
0000345423081120130627018054342492
0000345433081120130643012472079984
0000345443081120130643013364583624
0000345453081120130647012447754835
0000345463081120130648012827643563
0000345473081120130648020059340368
0000345483081120130648013221220625
0000345493081120130648013399809629
0000345503081120130649012703576562
0000345513081120130652012640964587
0000345523081120130657012447648547
0000345533081120130658012687336604
0000345543081120130658019035599597
0000345553081120130700013204773549
0000345563081120130701019012657825
0000345573081120130702012044908095
0000345583081120130702012631147547
0000345593081120130702013287856293
0000345603081120130702013115739582
0000345613081120130703012413664892
0000345623081120130703012867217581
0000345633081120130703012357054974
0000345643081120130703012672055582
0000345653081120130703012672055582
0000345663081120130704012525180846
0000345673081120130704012776030543
0000345683081120130704013084967562
0000345693081120130704013359379607
0000345703081120130706012978377625
0000345713081120130706012381030443
0000345723081120130706013209558565
0000345733081120130706012555174496
0000345743081120130707019011902834
0000345753081120130707012929874564
0000345763081120130707012996148543
0000345773081120130707012588967584
0000345783081120130708011696742131
0000345793081120130710013145826629
0000345803081120130710010863443432
0000345813081120130714012477389655
0000345823081120130715010806944681
0000345833081120130716012413665465
0000345843081120130718013332112561
0000345853081120130718013341204546
0000345863081120130727010606179051
0000345873081120130727016559837492
0000345883081120130727012477246072
0000345893081120130727012477246072
0000345903081120130728012754312546
0000345913081120130737010606004081
0000345923081120130737012184372198
0000345933081120130741020638222952
0000345943081120130741017016186545
0000345953081120130811012669365606
0000345963081120130821013346415626
0000345973081120130822012537757965
0000345983081120130830014368972275
0000345993081120130833012093421471
0000346003081120130836013328164625
0000346013081120131749012537757965
0000346023081120131751012669365606
0000346033081120131800012835827627
0000346043081120131804013346415626
0000346053081120131830012477246072
0000346063081120131834012176362731
0000346073081120131847013327971543
0000346083081120131848013261293585
0000346093081120131853013109375604
0000346103081120131858012205303491
0000346113081120131858012640964587
0000346123081120131858012640964587
0000346133081120131858012827643563
0000346143081120131858012827643563
0000346153081120131859013145826629
0000346163081120131859013115739582
0000346173081120131900010863443432
0000346183081120131900012687336604
0000346193081120131903010661988071
0000346203081120131905018221431686
0000346213081120131905010606179051
0000346223081120131911013328164625
0000346233081120131913013364583624
0000346243081120131918019024197840
0000346253081120131931013327971543
0000346263081120131939013064808620
0000346273081120132033013353551602
0000346283081120132053019011902834
0000346293081120132054019011902834
0000346303091120130614013353551602
0000346313091120130629016426312151
0000346323091120130638012996148543
0000346333091120130644012897151562
0000346343091120130646012905230586
0000346353091120130647020023934683
0000346363091120130648016558907977
0000346373091120130649012037738465
0000346383091120130649012274771873
0000346393091120130650010027963389
0000346403091120130651021030657426
0000346413091120130652012537141441
0000346423091120130656013112637568
0000346433091120130657020638222952
0000346443091120130657017016186545
0000346453091120130657016271900195
0000346463091120130700018221431686
0000346473091120130700013261293585
0000346483091120130700012176362731
0000346493091120130700012613488605
0000346503091120130701013084967562
0000346513091120130701012477389655
0000346523091120130703013399809629
0000346533091120130704019024197840
0000346543091120130704013287856293
0000346553091120130706013341204546
0000346563091120130706012447754835
0000346573091120130706012827643563
0000346583091120130707012538029483
0000346593091120130708014491135939
0000346603091120130708013717157778
0000346613091120130709013161621602
0000346623091120130712013221220625
0000346633091120130712012640964587
0000346643091120130717013332112561
0000346653091120130717019035599597
0000346663091120130718012987837625
0000346673091120130718010109237835
0000346683091120130719012472079984
0000346693091120130720012447648547
0000346703091120130720019011902834
0000346713091120130729010800328040
0000346723091120130731014368972275
0000346733091120130731012357054974
0000346743091120130733012835827627
0000346753091120130733013182496548
0000346763091120130734012645519581
0000346773091120130734012525180846
0000346783091120130737019000623483
0000346793091120130750012776030543
0000346803091120130811019038066271
0000346813091120130817020059340368
0000346823091120130850013064808620
0000346853091120131809012380364666
0000346863091120131826013166042589
0000346873091120131833013209558565
0000346883091120131846015158560637
0000346893091120131854012555174496
0000346903091120131857012044908095
0000346913091120131858012538029483
0000346923091120131858012897151562
0000346933091120131858021030657426
0000346943091120131900016558907977
0000346953091120131900014491135939
0000346963091120131902019012657825
0000346973091120131902012274771873
0000346983091120131908016271900195
0000346993091120131908012525180846
0000347003091120131910012381030443
0000347013091120131912012613488605
0000347023091120131912012477389655
0000347033091120131922019024197840
0000347043091120131931015195158278
0000347053091120131938016426312151
0000347063101120130619010728402499
0000347073101120130631016208924457
0000347083101120130646012283239259
0000347093101120130647012687336604
0000347103101120130650012787840584
0000347113101120130650010863443432
0000347123101120130650018221431686
0000347133101120130651012380989410
0000347143101120130652012435260174
0000347153101120130652012995385568
0000347163101120130655012738213628
0000347173101120130656012447648547
0000347183101120130659012760305580
0000347193101120130700012905230586
0000347203101120130700012623352609
0000347213101120130701013084967562
0000347223101120130701010109237835
0000347233101120130701012381030443
0000347243101120130702010027963389
0000347253101120130702013089592583
0000347263101120130702012044908095
0000347273101120130702012193107221
0000347283101120130703012660972623
0000347293101120130703012477389655
0000347303101120130704019024197840
0000347313101120130705012772235582
0000347323101120130705012537141441
0000347333101120130705013182496548
0000347343101120130705020023934683
0000347353101120130706015195158278
0000347363101120130706012037738465
0000347373101120130706013209558565
0000347383101120130707012380364666
0000347393101120130708012835827627
0000347403101120130708013109375604
0000347413101120130709013166042589
0000347423101120130709013112637568
0000347433101120130709019012657825
0000347443101120130711013341204546
0000347453101120130713015158560637
0000347463101120130713012555174496
0000347473101120130714013161621602
0000347483101120130715012645519581
0000347493101120130717012976884589
0000347503101120130717015774279271
0000347513101120130728020107848044
0000347523101120130733012996148543
0000347533101120130740011974148372
0000347543101120130741018221290284
0000347553101120130749019011902834
0000347583101120130751013356568549
0000347593101120130802013216582603
0000347603101120130814019038066271
0000347613101120130834013717157778
0000347623101120131822012176362731
0000347633101120131845012851794606
0000347643101120131847013125683628
0000347653101120131853013216582603
0000347663101120131854013356568549
0000347673101120131854012835827627
0000347683101120131855010661988071
0000347693101120131855013084967562
0000347703101120131859012413665465
0000347713101120131900010863443432
0000347723101120131900013109375604
0000347733101120131900013109375604
0000347743101120131903012772235582
0000347753101120131903011974148372
0000347763101120131903011974148372
0000347773101120131910012687336604
0000347783101120131916013089592583
0000347793101120131941011497117148
0000347803111120130626019024197840
0000347813111120130627012802922116
0000347823111120130640012787840584
0000347833111120130646012371540775
0000347843111120130646012717311604
0000347853111120130647012654819606
0000347863111120130647016558907977
0000347873111120130647013166042589
0000347883111120130648016271900195
0000347893111120130648016426312151
0000347903111120130651012380364666
0000347913111120130652013341204546
0000347923111120130653012741695565
0000347933111120130654012538029483
0000347943111120130655010117312573
0000347953111120130655020762577953
0000347963111120130657015158560637
0000347973111120130658013109375604
0000347983111120130658012176362731
0000347993111120130658012738213628
0000348003111120130700020107848044
0000348013111120130700012283239259
0000348023111120130700019006769099
0000348033111120130701012851794606
0000348043111120130701013104205549
0000348053111120130701012519156092
0000348063111120130701016559843816
0000348073111120130702010661988071
0000348083111120130702012612285565
0000348093111120130704012995385568
0000348103111120130704012413665465
0000348113111120130704012897151562
0000348123111120130705016208924457
0000348133111120130705019035019531
0000348143111120130705013049770626
0000348153111120130705021030657426
0000348163111120130706012193107221
0000348173111120130707012660972623
0000348183111120130708019044769777
0000348193111120130709013125683628
0000348203111120130711012760305580
0000348213111120130717018221431686
0000348223111120130719016992755006
0000348233111120130720012435260174
0000348243111120130723012623352609
0000348253111120130724012380989410
0000348263111120130727018221290284
0000348273111120130733013369017600
0000348283111120130757013319746587
0000348293111120130758012205303491
0000348303111120130803012951973669
0000348313111120130819013346415626
0000348323111120130826013445927773
0000348333111120130829013064808620
0000348343111120130841012669365606
0000348353111120131004011722716058
0000348363111120131339011722716058
0000348373111120131724012669365606
0000348383111120131741013346415626
0000348393111120131836012525180846
0000348403111120131836019012657825
0000348413111120131846013209558565
0000348423111120131848014270490272
0000348433111120131853012447648547
0000348443111120131853012897151562
0000348453111120131857012044908095
0000348463111120131858016558907977
0000348473111120131858012538029483
0000348483111120131859013166042589
0000348493111120131900015158560637
0000348503111120131900021030657426
0000348513111120131904012951973669
0000348523111120131906016271900195
0000348533111120131907013399256603
0000348543111120131918012381030443
0000348553111120131923012645519581
0000348563111120131923012555174496
0000348573111120131925013153387302
0000348583111120131944016426312151
0000348593111120131956012205303491
0000348603111120131959013340472628
0000348613121120130628013173312626
0000348623121120130635013387802543
0000348633121120130635013204773549
0000348643121120130640012827643563
0000348653121120130641012851794606
0000348663121120130644019012657825
0000348673121120130647012507549248
0000348683121120130648010863443432
0000348693121120130649014270490272
0000348703121120130651012970305609
0000348713121120130653019006769099
0000348723121120130654012687336604
0000348733121120130654012899058624
0000348743121120130657012334465153
0000348753121120130658012090266823
0000348763121120130658012612285565
0000348773121120130658012654819606
0000348783121120130658012550828676
0000348793121120130658013049770626
0000348803121120130659019024197840
0000348813121120130659013465354817
0000348823121120130659013112637568
0000348833121120130700016559843816
0000348843121120130700012717311604
0000348853121120130702012334764118
0000348863121120130702012555174496
0000348873121120130703013209558565
0000348883121120130704012780072581
0000348893121120130704012525180846
0000348903121120130705013104205549
0000348913121120130705012788517620
0000348923121120130706012380364666
0000348933121120130707012802922116
0000348943121120130709012938212587
0000348953121120130712012044908095
0000348963121120130713012381030443
0000348973121120130715020762577953
0000348983121120130717019035019531
0000348993121120130717013115739582
0000349003121120130717012805580623
0000349013121120130717012951973669
0000349023121120130717018111187594
0000349033121120130719013319746587
0000349043121120130722012447648547
0000349053121120130723012645519581
0000349063121120130724015158560637
0000349073121120130729010117312573
0000349083121120130737013340472628
0000349093121120130747013369017600
0000349103121120130757012205303491
0000349113121120130810019000623483
0000349123121120130818012537757965
0000349133121120130818013346415626
0000349143121120130821013445927773
0000349153121120130821015853828278
0000349163121120130822012781811078
0000349173121120130822016992755006
0000349183121120130837012669365606
0000349193121120130845013328164625
0000349203121120131635011722716058
0000349213121120131708012537757965
0000349223121120131715013346415626
0000349233121120131719012669365606
0000349243121120131720013445927773
0000349253121120131839010661988071
0000349263121120131848012640964587
0000349273121120131849013261293585
0000349283121120131853013109375604
0000349293121120131856012176362731
0000349303121120131856013115739582
0000349313121120131858012205303491
0000349323121120131858013387802543
0000349333121120131859010863443432
0000349343121120131900012687336604
0000349353121120131902015158560637
0000349363121120131911012875834624
0000349373121120131917013204773549
0000349383121120131920019045687766
0000349393121120131924012951973669
0000349403121120131925012781811078
0000349413121120131930015853828278
0000349423121120131934013328164625
0000349433121120131939013064808620
0000349443121120132029018054342492
0000349453131120130631013364583624
0000349463131120130635018054342492
0000349473131120130635019024197840
0000349483131120130639013359379607
0000349493131120130639012093421471
0000349503131120130640021030657426
0000349513131120130642016271900195
0000349523131120130642012538029483
0000349533131120130645016558907977
0000349543131120130645010661988071
0000349553131120130649013341212603
0000349563131120130652011696742131
0000349573131120130652012380989410
0000349583131120130652012996148543
0000349593131120130653016559837492
0000349603131120130653013261293585
0000349613131120130658016426312151
0000349623131120130658012176362731
0000349633131120130701012897151562
0000349643131120130702012334465153
0000349653131120130702013109375604
0000349663131120130702012184372198
0000349673131120130703012550828676
0000349683131120130703012867217581
0000349693131120130703018111187594
0000349703131120130704012115330732
0000349713131120130704012851794606
0000349723131120130705012507549248
0000349733131120130706012875834624
0000349743131120130707013302245563
0000349753131120130707012899058624
0000349763131120130708012905230586
0000349773131120130708013112637568
0000349783131120130709012805580623
0000349793131120130709015158560637
0000349803131120130710012640964587
0000349813131120130711012938212587
0000349823131120130712012334764118
0000349833131120130714012978377625
0000349843131120130715012090266823
0000349853131120130715014205344267
0000349863131120130717012827643563
0000349873131120130717013216782602
0000349883131120130718012413664892
0000349893131120130719012788517620
0000349903131120130719019045687766
0000349913131120130720013161621602
0000349923131120130727013032643561
0000349933131120130728013173312626
0000349943131120130728012970305609
0000349953131120130731013465354817
0000349963131120130744012951973669
0000349973131120130753013369017600
0000349983131120130755012205303491
0000349993131120130820015783929275
0000350003131120130822013346415626
0000350013131120130822012537757965
0000350023131120130842012669365606
0000350033131120131053011722716058
0000350043131120131259011722716058
0000350053131120131714012537757965
0000350063131120131714013346415626
0000350073131120131722012669365606
0000350083131120131842013209558565
0000350093131120131852012525180846
0000350103131120131854020412059058
0000350113131120131855013302245563
0000350123131120131855013032643561
0000350133131120131858012044908095
0000350143131120131858012951973669
0000350153131120131858016426312151
0000350163131120131859012538029483
0000350173131120131859016558907977
0000350183131120131859012897151562
0000350193131120131900021030657426
0000350203131120131901012905230586
0000350213131120131901015158560637
0000350223131120131910019012657825
0000350233131120131910012555174496
0000350243131120131912019024197840
0000350253131120131918012205303491
0000350263131120131923016271900195
0000350273131120131929012776030543
0000350283131120131937012781811078
0000350293131120131937015853828278
0000350303131120132015012380989410
0000350313141120130506013364583624
0000350323141120130509012477389655
0000350333141120130623012472079984
0000350343141120130623017045046764
0000350353141120130631019012657825
0000350363141120130640012938212587
0000350373141120130640018221431686
0000350383141120130641013204773549
0000350393141120130648012687336604
0000350403141120130649010863443432
0000350413141120130650013399809629
0000350423141120130652013327971543
0000350433141120130653012588967584
0000350443141120130653013145826629
0000350453141120130653012703576562
0000350463141120130655012447648547
0000350473141120130657010806944681
0000350483141120130658013084967562
0000350493141120130658013112637568
0000350503141120130700013341212603
0000350513141120130700011696742131
0000350523141120130701012447754835
0000350533141120130702013359379607
0000350543141120130702013332112561
0000350553141120130702012555174496
0000350563141120130702020412059058
0000350573141120130703013216782602
0000350583141120130703012867217581
0000350593141120130703012525180846
0000350603141120130704019011902834
0000350613141120130707013387802543
0000350623141120130707012978377625
0000350633141120130708012413664892
0000350643141120130709012044908095
0000350653141120130709013115739582
0000350663141120130710013216582603
0000350673141120130713012115330732
0000350683141120130713013209558565
0000350693141120130714010606004081
0000350703141120130715012184372198
0000350713141120130715012184372198
0000350723141120130719010606179051
0000350733141120130720010606179051
0000350743141120130720013053302623
0000350753141120130723012093421471
0000350763141120130723013203260602
0000350773141120130737013369017600
0000350783141120130742012631147547
0000350793141120130746016559837492
0000350803141120130747012477389655
0000350813141120130748012477389655
0000350823141120130753012205303491
0000350833141120130757012776030543
0000350843141120130819013346415626
0000350853141120130820012537757965
0000350863141120130842014368972275
0000350873141120130847012996148543
0000350883141120130850012669365606
0000350893141120130856013357909609
0000350903141120130856013357909609
0000350913141120130908013445927773
0000350923141120131040011722716058
0000350933141120131209013341204546
0000350943141120131325011722716058
0000350953141120131722012537757965
0000350963141120131730012669365606
0000350973141120131737013346415626
0000350983141120131823012835827627
0000350993141120131824013104205549
0000351003141120131833013261293585
0000351013141120131833012176362731
0000351023141120131844012640964587
0000351033141120131845013209558565
0000351043141120131849013109375604
0000351053141120131853013387802543
0000351063141120131854013115739582
0000351073141120131854013216582603
0000351083141120131855013328164625
0000351093141120131855012413665465
0000351103141120131858010863443432
0000351113141120131859013161621602
0000351123141120131900013357909609
0000351133141120131900013203260602
0000351143141120131901012687336604
0000351153141120131903013064808620
0000351163141120131904018221431686
0000351173141120131905013204773549
0000351183141120131910013445927773
0000351193141120131912013053302623
0000351203141120131926010606179051
0000351213141120132004013465354817
0000351223141120132050012205303491
0000351233151120130638012905230586
0000351243151120130638016271900195
0000351253151120130640012176362731
0000351263151120130644013228264547
0000351273151120130645020023934683
0000351283151120130648012274771873
0000351293151120130649013166042589
0000351303151120130650013287856293
0000351313151120130650016558907977
0000351323151120130652013261293585
0000351333151120130654012938212587
0000351343151120130654013112637568
0000351353151120130656016426312151
0000351363151120130658013109375604
0000351373151120130658012037738465
0000351383151120130659013145826629
0000351393151120130700012640964587
0000351403151120130700013084967562
0000351413151120130702013341204546
0000351423151120130702012588967584
0000351433151120130703013327971543
0000351443151120130703012835827627
0000351453151120130703012472079984
0000351463151120130705012447648547
0000351473151120130705013717157778
0000351483151120130708012987837625
0000351493151120130709010109237835
0000351503151120130710014368972275
0000351513151120130711012613488605
0000351523151120130711012897151562
0000351533151120130713021030657426
0000351543151120130713013465354817
0000351553151120130713013209558565
0000351563151120130714010606179051
0000351573151120130714013182496548
0000351583151120130718013161621602
0000351593151120130719012477389655
0000351603151120130720012776030543
0000351613151120130720010606004081
0000351623151120130721012447754835
0000351633151120130728013399809629
0000351643151120130730010806944681
0000351653151120130730012538029483
0000351663151120130731020059340368
0000351673151120130739013216582603
0000351683151120130743019011902834
0000351693151120130758020638222952
0000351703151120130803017016186545
0000351713151120130807012413665465
0000351723151120130807013064808620
0000351733151120131838021030657426
0000351743151120131838013353551602
0000351753151120131849012525180846
0000351763151120131850019012657825
0000351773151120131851013209558565
0000351783151120131856016558907977
0000351793151120131856013216582603
0000351803151120131858012538029483
0000351813151120131900012044908095
0000351823151120131902016271900195
0000351833151120131905010606179051
0000351843151120131907012274771873
0000351853151120131909012645519581
0000351863151120131912012555174496
0000351873151120131914012381030443
0000351883151120131915012897151562
0000351893151120131927016426312151
0000351903161120130611013353551602
0000351913161120130633010863443432
0000351923161120130635013387802543
0000351933161120130636020412059058
0000351943161120130639010027963389
0000351953161120130645019012657825
0000351963161120130649012550828676
0000351973161120130650013204773549
0000351983161120130650016559843816
0000351993161120130650012537141441
0000352003161120130651020728187471
0000352013161120130651010109237835
0000352023161120130652016208924457
0000352033161120130653012687336604
0000352043161120130653012672055582
0000352053161120130654018221431686
0000352063161120130655019011902834
0000352073161120130656012660972623
0000352083161120130656012965194608
0000352093161120130657012044908095
0000352103161120130658012760305580
0000352113161120130658013125683628
0000352123161120130659012987837625
0000352133161120130659012413665465
0000352143161120130700013209558565
0000352153161120130700012613488605
0000352163161120130700012037738465
0000352173161120130700019038066271
0000352183161120130701013084967562
0000352193161120130702012193107221
0000352203161120130702012381030443
0000352213161120130704013287856293
0000352223161120130705020059340368
0000352233161120130705012645519581
0000352243161120130705012905230586
0000352253161120130705013228264547
0000352263161120130706013161621602
0000352273161120130707013166042589
0000352283161120130707020638222952
0000352293161120130708020023934683
0000352303161120130709012525180846
0000352313161120130709013717157778
0000352323161120130710012477246072
0000352333161120130710012435260174
0000352343161120130713012555174496
0000352353161120130719017016186545
0000352363161120130720014491135939
0000352373161120130720013115739582
0000352383161120130724013341204546
0000352413161120130748012490932707
0000352423161120130756019000623483
0000352433161120130821013182496548
0000352443161120131834013064808620
0000352453161120131835013261293585
0000352463161120131838012176362731
0000352473161120131843012525180846
0000352483161120131843012827643563
0000352493161120131847013084967562
0000352503161120131853013209558565
0000352513161120131854013399809629
0000352523161120131854012447648547
0000352533161120131900010863443432
0000352543161120131900012687336604
0000352553161120131900013115739582
0000352563161120131901013109375604
0000352573161120131904013387802543
0000352583161120131905019000623483
0000352593161120131905019000623483
0000352603161120131906013204773549
0000352613161120131907014491135939
0000352623161120131908012490932707
0000352633161120131915020412059058
0000352643171120130636012484753057
0000352653171120130641016426312151
0000352663171120130647012805580623
0000352673171120130650012717311604
0000352683171120130655012283239259
0000352693171120130655012612285565
0000352703171120130700012537141441
0000352713171120130701015158560637
0000352723171120130701010117312573
0000352733171120130701012380989410
0000352743171120130702016271900195
0000352753171120130702013049770626
0000352763171120130703012623352609
0000352773171120130703012772235582
0000352783171120130703012447648547
0000352793171120130704010027963389
0000352803171120130705012176362731
0000352813171120130705013261293585
0000352823171120130705012645519581
0000352833171120130706012672055582
0000352843171120130706016558907977
0000352853171120130706013209558565
0000352863171120130707013104205549
0000352873171120130708012380364666
0000352883171120130708012660972623
0000352893171120130708013125683628
0000352903171120130708012965194608
0000352913171120130708012827643563
0000352923171120130709012550828676
0000352933171120130709012193107221
0000352943171120130711012897151562
0000352953171120130711016559843816
0000352963171120130712019006769099
0000352973171120130712020728187471
0000352983171120130713012435260174
0000352993171120130714012525180846
0000353003171120130717013109375604
0000353013171120130717012760305580
0000353023171120130717013161621602
0000353033171120130717013319746587
0000353043171120130721015774279271
0000353053171120130721012976884589
0000353063171120130728020762577953
0000353073171120130729016208924457
0000353083171120130732013399809629
0000353093171120130732013399809629
0000353103171120130732013399809629
0000353113171120130739012477246072
0000353123171120130740012413665465
0000353133171120130748019038066271
0000353143171120130754011497117148
0000353153171120130757012538029483
0000353163171120130818013064808620
0000353173171120130843011974148372
0000353183171120130936013340472628
0000353193171120131840013209558565
0000353203171120131848012044908095
0000353213171120131850018221431686
0000353223171120131851013049770626
0000353233171120131853012525180846
0000353243171120131853019024197840
0000353253171120131854013399809629
0000353263171120131855019012657825
0000353273171120131900015158560637
0000353283171120131900012645519581
0000353293171120131901016558907977
0000353303171120131901016271900195
0000353313171120131902012897151562
0000353323171120131903012538029483
0000353333171120131904012274771873
0000353343171120131907016426312151
0000353353171120131907011974148372
0000353363171120131908012477389655
0000353373171120131909012484753057
0000353383171120131909012484753057
0000353393171120131913019027172210
0000353403171120131916012381030443
0000353413171120131924013340472628
0000353423171120131943012555174496
0000353433181120130629013173312626
0000353443181120130638019012657825
0000353453181120130639013204773549
0000353463181120130640012970305609
0000353473181120130641012851794606
0000353483181120130642012371540775
0000353493181120130643012827643563
0000353503181120130645012805580623
0000353513181120130646012805580623
0000353523181120130646012519156092
0000353533181120130649013319746587
0000353543181120130650013115739582
0000353553181120130650012507549248
0000353563181120130650010863443432
0000353573181120130652012772235582
0000353583181120130653012334465153
0000353593181120130655012687336604
0000353603181120130657018221431686
0000353613181120130658011497117148
0000353623181120130658012090266823
0000353633181120130658012802922116
0000353643181120130659012550828676
0000353653181120130659019024197840
0000353663181120130700012283239259
0000353673181120130700012555174496
0000353683181120130701012525180846
0000353693181120130701012334764118
0000353703181120130702012875834624
0000353713181120130702012381030443
0000353723181120130702010117312573
0000353733181120130702020762577953
0000353743181120130702012477389655
0000353753181120130705013209558565
0000353763181120130705012717311604
0000353773181120130707013104205549
0000353783181120130712012044908095
0000353793181120130712013216582603
0000353803181120130716012760305580
0000353813181120130716012380364666
0000353823181120130722016992755006
0000353833181120130723018111187594
0000353843181120130724012687336604
0000353853181120130728012623352609
0000353863181120130729012938212587
0000353873181120130745019027172210
0000353883181120130755012380989410
0000353893181120130759012205303491
0000353903181120130803012951973669
0000353913181120130804013445927773
0000353923181120130820012537757965
0000353933181120130835011722716058
0000353943181120130846013445927773
0000353953181120130846013445927773
0000353963181120130848013445927773
0000353973181120130850013445927773
0000353983181120130850011722716058
0000353993181120130851012669365606
0000354003181120131124013369017600
0000354013181120131225011722716058
0000354023181120131724012537757965
0000354033181120131738012669365606
0000354043181120131806013445927773
0000354053181120131830012176362731
0000354063181120131847012640964587
0000354073181120131848014270490272
0000354083181120131851012447754835
0000354093181120131851013261293585
0000354103181120131851013064808620
0000354113181120131856013115739582
0000354123181120131858013109375604
0000354133181120131901013173312626
0000354143181120131901012951973669
0000354153181120131902013216582603
0000354163181120131904010863443432
0000354173181120131906013161621602
0000354183181120131914013204773549
0000354193181120131933013465354817
0000354203181120132007013399256603
0000354213181120132124012205303491
0000354223181120132253013340472628
0000354233191120130624013364583624
0000354243191120130645016558907977
0000354253191120130645012897151562
0000354263191120130645020412059058
0000354273191120130649016271900195
0000354283191120130651018221431686
0000354293191120130652012899058624
0000354303191120130652014270490272
0000354313191120130652012538029483
0000354323191120130653013399809629
0000354333191120130655012184372198
0000354343191120130656013261293585
0000354353191120130656012093421471
0000354363191120130656016426312151
0000354373191120130657012780072581
0000354383191120130657012938212587
0000354393191120130659012176362731
0000354403191120130659012550828676
0000354413191120130659012115330732
0000354423191120130700013109375604
0000354433191120130700012090266823
0000354443191120130700012413664892
0000354453191120130702012334465153
0000354463191120130703012851794606
0000354473191120130704012996148543
0000354483191120130705012867217581
0000354493191120130707018111187594
0000354503191120130707012827643563
0000354513191120130708012802922116
0000354523191120130709012918515568
0000354533191120130709012978377625
0000354543191120130710011696742131
0000354553191120130710012447754835
0000354563191120130711013216782602
0000354573191120130712015158560637
0000354583191120130712012640964587
0000354593191120130713012334764118
0000354603191120130720012760305580
0000354613191120130726012371540775
0000354623191120130738012970305609
0000354633191120130751012205303491
0000354643191120130755015853828278
0000354653191120130755013465354817
0000354663191120130756012781811078
0000354673191120130756013369017600
0000354683191120130757016992755006
0000354693191120130757012951973669
0000354703191120130759013064808620
0000354713191120130801019000623483
0000354723191120130806012507549248
0000354733191120130812012537757965
0000354743191120130837012669365606
0000354753191120130838013445927773
0000354763191120130838013445927773
