0000000873240520131336012333684056
0000000883280520131650013320365621
0000000893280520131650013320365621
0000000903280520131650013320365621
0000001123280520131659012685193628
0000001143280520131716013107141584
0000001173280520131719020155059615
0000001193280520131858020155059615
0000001203280520131901012685193628
0000003323290520131143020942442053
0000003353290520131145012555051696
0000003383290520131148012490249322
0000003413290520131155019035051265
0000003463290520131202012609742624
0000003533290520131215013369520620
0000003703290520131405017026364330
0000003773290520131616016621902434
0000003803290520131622016878978638
0000003913290520131731012802421540
0000003923290520131813012449888529
0000003973300520130644012685193628
0000003983300520131905012685193628
0000004033310520130659012887774583
0000004263310520130808013107141584
0000004273310520130809013320365621
0000004283310520130811020439795154
0000004293310520130812013477138898
0000004703310520130957015453612278
0000004793310520131402020439795154
0000004803310520131402012466949662
0000004833310520131408013119326541
0000004843310520131726013477138898
0000004873310520131859015444756785
0000004923310520131904012544580609
0000004933310520131904012831422541
0000004963310520131908012555991907
0000004973310520131933013217916548
0000005003310520132242020136093765
0000005033310520132246001306993412
0000005063310520132250012466389896
0000005093310520132255013090076569
0000005123010620130642013555034897
0000005153010620130649013369088567
0000005183010620130651013363882547
0000005213010620130653012461872203
0000005243010620130655020075732046
0000005253010620130655012685193628
0000005263010620130655012555991907
0000005293010620130658012462004515
0000005323010620130700020417205249
0000005333010620130700020136093765
0000005343010620130701012420456450
0000005373010620130703012858675548
0000005383010620130703013090076569
0000005413010620130706012623581624
0000005423010620130706015453612278
0000005453010620130708015509633275
0000005463010620130708012466389896
0000005493010620130711010706821669
0000005523010620130717012880912581
0000005553010620130719013153038561
0000005583010620130722012037990253
0000005613010620130725012950595563
0000005623010620130728013184829587
0000005633010620130729012363432195
0000005663010620130738012420505796
0000005693010620130741015557192275
0000005703010620130741012544580609
0000005733010620130743012301355251
0000005763010620130745013020160625
0000005773010620130747020155059615
0000005783010620130747013100642545
0000005813010620130750016035695427
0000005823010620130750012831422541
0000005833010620131838012887774583
0000005843010620131848012434591746
0000005873010620131853012151029095
0000005883010620131854012674640563
0000005893010620131856012524402128
0000005903010620131856012041427045
0000005913010620131859013725052890
0000005923010620131900010706821669
0000005933010620131901012555991907
0000005943010620131901012685193628
0000005953010620131901013369088567
0000005963010620131903013363882547
0000005973010620131903020155059615
0000005983010620131906012037990253
0000005993010620131907012301355251
0000006003010620131908012950595563
0000006013020620130633012333684056
0000006023020620130644013328123589
0000006033020620130645020439795154
0000006063020620130648012944436629
0000006073020620130648016621902434
0000006103020620130650019046327313
0000006113020620130651012755763541
0000006143020620130653012754949609
0000006153020620130653012858675548
0000006163020620130653010633050773
0000006193020620130656012260374443
0000006203020620130657015509633275
0000006233020620130659012929600588
0000006243020620130700012449888529
0000006253020620130700012461872203
0000006263020620130700012462004515
0000006293020620130702012184621465
0000006323020620130704012537935634
0000006333020620130704012041427045
0000006343020620130705013020160625
0000006353020620130705013725052890
0000006363020620130706013725052890
0000006373020620130706012524402128
0000006383020620130706015557192275
0000006393020620130706020075732046
0000006403020620130706012695871602
0000006433020620130708013281658589
0000006463020620130710013051374813
0000006493020620130712012995319581
0000006503020620130712012434591746
0000006513020620130712016035695427
0000006523020620130712012151029095
0000006573020620130716012334945570
0000006603020620130718012777729621
0000006613020620130719013153038561
0000006623020620130719013555034897
0000006653020620130721013093593580
0000006683020620130723017018803649
0000006713020620130725010108129656
0000006723020620130725012623581624
0000006733020620130725020417205249
0000006743020620130725012880912581
0000006773020620130726012965982541
0000006803020620130729019013677145
0000006813020620130729012420505796
0000006843020620130730012677303622
0000006873020620130732012903261603
0000006883020620130756012887774583
0000006933020620131813020136093765
0000006943020620131829012466389896
0000006953020620131840013317268629
0000006963020620131842013090076569
0000006973020620131843012831422541
0000006983020620131848012735817549
0000006993020620131848012184621465
0000007003020620131900012449888529
0000007013020620131900012755763541
0000007023020620131900019013677145
0000007033020620131902010633050773
0000007043020620131913012544580609
0000007073020620131936019045135046
0000007103030620130637013043315625
0000007133030620130639013203162546
0000007143030620130643010706821669
0000007153030620130643010706821669
0000007163030620130647013369088567
0000007173030620130648012037990253
0000007183030620130648013363882547
0000007193030620130648013213003602
0000007203030620130657012555991907
0000007213030620130657012301355251
0000007223030620130657012685193628
0000007233030620130657017018803649
0000007263030620130700013400722625
0000007273030620130700013051374813
0000007283030620130700012777729621
0000007293030620130700012929600588
0000007303030620130700001306993412
0000007313030620130701013281658589
0000007323030620130701012260374443
0000007333030620130701012333684056
0000007343030620130702012995319581
0000007353030620130702013328123589
0000007363030620130703020136093765
0000007373030620130704012334945570
0000007383030620130704012735817549
0000007393030620130705012466389896
0000007403030620130706013090076569
0000007413030620130706012903261603
0000007423030620130707012965982541
0000007453030620130710013255966565
0000007463030620130710013093593580
0000007473030620130710019046327313
0000007483030620130710012754949609
0000007493030620130710010108129656
0000007523030620130712013401046585
0000007533030620130712016621902434
0000007563030620130714013070461629
0000007593030620130716012319710177
0000007623030620130717019004743637
0000007653030620130719012833538563
0000007683030620130720012472772922
0000007713030620130722012282881631
0000007743030620130723012875486545
0000007773030620130725020774970167
0000007783030620130731012831422541
0000007793030620130732012537935634
0000007823030620130735012447613379
0000007833030620130737013317268629
0000007843030620130745012544580609
0000007853030620130746012950595563
0000007863030620130756013320365621
0000007893030620130803013119326541
0000007903030620130822013477138898
0000007913030620130851013107141584
0000007943030620130902012874112587
0000007993030620131842012151029095
0000008003030620131842013477138898
0000008013030620131843012524402128
0000008023030620131847012887774583
0000008053030620131851012818195626
0000008063030620131853012674640563
0000008073030620131855013725052890
0000008083030620131856012434591746
0000008093030620131900013369088567
0000008103030620131901012685193628
0000008113030620131902012301355251
0000008123030620131902010706821669
0000008133030620131902012555991907
0000008143030620131902012037990253
0000008153030620131907013363882547
0000008183030620131914012041427045
0000008213030620131918013284343341
0000008223030620131922013007692546
0000008233030620131923012950595563
0000008263030620131926021234567891
0000008293030620131933019042298025
0000008323030620132039002324542220
0000008333040620130454019042298025
0000008343040620130506013284343341
0000008353040620130630012609742624
0000008363040620130630012609742624
0000008373040620130638012490249322
0000008383040620130640017026364330
0000008413040620130644012688341547
0000008423040620130644012811853547
0000008433040620130645011574311888
0000008443040620130647012395949754
0000008453040620130647019000064859
0000008463040620130648010633050773
0000008473040620130649012755763541
0000008483040620130650012399503378
0000008493040620130653012449888529
0000008523040620130659013403376604
0000008533040620130701013400722625
0000008543040620130702020774970167
0000008553040620130702012524402128
0000008563040620130702013213003602
0000008573040620130702012205303491
0000008603040620130704012800428580
0000008613040620130705013217892584
0000008623040620130706012674640563
0000008633040620130707013255966565
0000008643040620130708013185946587
0000008653040620130708012695871602
0000008663040620130708016558839491
0000008673040620130709013725052890
0000008683040620130711012151029095
0000008693040620130711012151029095
0000008703040620130711012041427045
0000008713040620130712019013677145
0000008723040620130712012434591746
0000008733040620130712013070461629
0000008743040620130714012282881631
0000008773040620130716012920097565
0000008783040620130716012472772922
0000008793040620130717013401850546
0000008803040620130717012818195626
0000008813040620130717012802421540
0000008823040620130718012319710177
0000008833040620130718012874112587
0000008843040620130718020439795154
0000008853040620130720019035051265
0000008863040620130720012887774583
0000008873040620130722013007692546
0000008883040620130724019020200863
0000008893040620130724019020200863
0000008903040620130725013296784011
0000008913040620130730019004743637
0000008923040620130736013043315625
0000008933040620130736013255966565
0000008943040620130738013203162546
0000008953040620130738013401046585
0000008963040620130739012447613379
0000008973040620130739012333684056
0000008983040620130739013321600586
0000008993040620130750013174913542
0000009023040620130752012871852547
0000009033040620130752013328123589
0000009043040620130757013320365621
0000009053040620130757013320365621
0000009063040620130802012875486545
0000009093040620130804013202671625
0000009103040620130805013107141584
0000009113040620130807012833538563
0000009123040620130808013477138898
0000009133040620130835013119326541
0000009163040620130846012816670580
0000009193040620130926010098692434
0000009213040620131009010712012726
0000009243040620131322013328123589
0000009253040620131323012559977569
0000009263040620131657013320365621
0000009273040620131707012333684056
0000009303040620131834013107141584
0000009313040620131837013090076569
0000009323040620131841012466389896
0000009333040620131844012735817549
0000009343040620131846020136093765
0000009353040620131848010098692434
0000009363040620131850013119326541
0000009373040620131851012831422541
0000009383040620131855019020200863
0000009393040620131858012755763541
0000009403040620131859012449888529
0000009413040620131900019013677145
0000009423040620131900010633050773
0000009433040620131900001306993412
0000009443040620131901010108129656
0000009453040620131910010712012726
0000009463040620131920013296784011
0000009473040620131920013296784011
0000009503040620131923013401049584
0000009513040620131923012544580609
0000009523040620131941012205303491
0000009553040620131958013392662606
0000009563050620130637010706821669
0000009573050620130637010706821669
0000009603050620130644012153973831
0000009613050620130644013369088567
0000009623050620130649013369520620
0000009633050620130651012555991907
0000009643050620130651012555991907
0000009653050620130652012037990253
0000009663050620130652012466389896
0000009673050620130655012735817549
0000009683050620130655012735817549
0000009693050620130656013317268629
0000009703050620130657012555051696
0000009713050620130657013363882547
0000009723050620130700012301355251
0000009733050620130700012967588565
0000009743050620130700016878978638
0000009753050620130700012685193628
0000009763050620130700001306993412
0000009783050620130703012777729621
0000009793050620130703013403376604
0000009803050620130704013392662606
0000009813050620130704013392662606
0000009823050620130705012800428580
0000009833050620130705012816670580
0000009843050620130707013202671625
0000009853050620130707019035051265
0000009863050620130707013090076569
0000009873050620130712012857629542
0000009883050620130715012950595563
0000009893050620130715012395949754
0000009923050620130719012063106373
0000009933050620130719012811853547
0000009943050620130719013296784011
0000009953050620130720019000064859
0000009963050620130720012544580609
0000009993050620130722016056869459
0000010023050620130724013401048588
0000010053050620130726022005112746
0000010063050620130726013119326541
0000010093050620130728012390433490
0000010103050620130728012871852547
0000010133050620130730010835146046
0000010143050620130730013185946587
0000010153050620130730012399503378
0000010183050620130732000123456789
0000010193050620130733012490249322
0000010203050620130734012609742624
0000010213050620130735017026364330
0000010223050620130736012831422541
0000010233050620130737012802421540
0000010263050620130739000213656981
0000010273050620130739012920097565
0000010303050620130742016508246071
0000010333050620130748013376453585
0000010343050620130751013217892584
0000010353050620130759013320365621
0000010363050620130759013320365621
0000010393050620130802019019769882
0000010403050620130814013398653587
0000010413050620130814013107141584
0000010423050620130814012333684056
0000010433050620130830010108129656
0000010443050620130831013477138898
0000010463050620130833013107141584
0000010483050620130844020942442053
0000010493050620130849013174913542
0000010583050620131059020609833221
0000010593050620131100014384843271
0000010623050620131702012333684056
0000010633050620131706013320365621
0000010643050620131800013119326541
0000010653050620131837012524402128
0000010663050620131847012151029095
0000010673050620131851012887774583
0000010683050620131853015677249274
0000010693050620131855012674640563
0000010703050620131859013725052890
0000010713050620131859013725052890
0000010723050620131900012301355251
0000010733050620131901020942442053
0000010743050620131901012555991907
0000010753050620131901012555991907
0000010763050620131902010706821669
0000010773050620131902010706821669
0000010783050620131903000213656981
0000010793050620131904012434591746
0000010803050620131904013369088567
0000010813050620131905013369088567
0000010823050620131905012301355251
0000010833050620131905013369088567
0000010843050620131918012685193628
0000010853050620131919012950595563
0000010863050620131920013007692546
0000010873050620131924012041427045
0000010883050620131927019019769882
0000010893050620131931013398653587
0000010903050620131933013369520620
0000010913050620131934019045135046
0000010923050620132013013363882547
0000010953050620132038013379345600
0000010983050620132044014420610278
0000010993060620130625012466949662
0000011003060620130629012490398468
0000011013060620130634013244234274
0000011043060620130638013112801082
0000011053060620130641013112801082
0000011063060620130642013659261938
0000011073060620130642012951632543
0000011083060620130643013184829587
0000011093060620130647019030637644
0000011103060620130650020439795154
0000011113060620130650016873046818
0000011123060620130651010633050773
0000011133060620130651012313272259
0000011143060620130652014405876270
0000011153060620130654012205303491
0000011163060620130654016558839491
0000011173060620130654012363432195
0000011183060620130657012755763541
0000011193060620130658010712012726
0000011203060620130700013376453585
0000011213060620130700012063106373
0000011223060620130700012947497602
0000011233060620130700012674640563
0000011243060620130701016878978638
0000011253060620130704012524402128
0000011263060620130705012857629542
0000011273060620130705012887774583
0000011283060620130705013725052890
0000011293060620130705013725052890
0000011303060620130705012449888529
0000011313060620130706019017505411
0000011323060620130707012941754603
0000011333060620130707012153973831
0000011343060620130707012153973831
0000011353060620130708019013677145
0000011363060620130708013401048588
0000011373060620130708022005112746
0000011383060620130709022005112746
0000011393060620130710012555051696
0000011423060620130711017044332178
0000011433060620130712012434591746
0000011443060620130712013296784011
0000011473060620130713012411137437
0000011503060620130716010644130072
0000011513060620130716012777729621
0000011523060620130716012967588565
0000011533060620130722012420456450
0000011543060620130722012151029095
0000011553060620130723000123456789
0000011563060620130723013007692546
0000011573060620130726012695871602
0000011583060620130729012041427045
0000011593060620130734012827624607
0000011603060620130741013317268629
0000011613060620130741016209515240
0000011623060620130742010835146046
0000011633060620130745013107141584
0000011643060620130757012333684056
0000011683060620130805013137755548
0000011693060620130805013119326541
0000011733060620130809016448281968
0000011743060620130812013477138898
0000011753060620130831020942442053
0000011763060620130901019020200863
0000011773060620130901020155059615
0000011783060620131700012333684056
0000011793060620131715013119326541
0000011803060620131838012544580609
0000011813060620131838013112801082
0000011823060620131843020466386863
0000011833060620131846013090076569
0000011843060620131847013296784011
0000011853060620131855001306993412
0000011863060620131856012831422541
0000011873060620131859020136093765
0000011883060620131859012466389896
0000011893060620131901020942442053
0000011903060620131901015677249274
0000011913060620131901019013677145
0000011923060620131907012449888529
0000011933060620131908012735817549
0000011943060620131908020439795154
0000011953060620131908012755763541
0000011963060620131911012205303491
0000011973060620131923010633050773
0000011983060620131940019020200863
0000011993060620131940020155059615
0000012023060620131945013370098546
0000012033060620132022013379345600
0000012063060620132102012851782241
0000012073070620130623012688341547
0000012083070620130623013555034897
0000012093070620130625013217916548
0000012103070620130633010706821669
0000012113070620130644015453612278
0000012123070620130645012461872203
0000012133070620130645012462004515
0000012143070620130645012420505796
0000012153070620130645013369088567
0000012163070620130645020075732046
0000012173070620130646013363882547
0000012183070620130648012552868314
0000012193070620130648012858675548
0000012203070620130649012623581624
0000012213070620130649016035695427
0000012223070620130649019017505411
0000012233070620130649012363432195
0000012243070620130652019046327313
0000012253070620130653020417205249
0000012263070620130654012685193628
0000012273070620130655012555991907
0000012283070620130657012037990253
0000012313070620130700015697168601
0000012323070620130700001306993412
0000012333070620130700013100642545
0000012343070620130700012301355251
0000012353070620130700014405876270
0000012363070620130700013090076569
0000012373070620130700012880912581
0000012383070620130700020136093765
0000012393070620130701012490398468
0000012403070620130701012735817549
0000012413070620130703012834050602
0000012423070620130703016873046818
0000012433070620130703010644130072
0000012443070620130704019030637644
0000012453070620130706012947497602
0000012463070620130707012466389896
0000012473070620130709013296784011
0000012483070620130711012466949662
0000012493070620130713013244234274
0000012503070620130714012950595563
0000012513070620130715012313272259
0000012523070620130715013184829587
0000012533070620130717012420456450
0000012543070620130717017044332178
0000012553070620130718014999031279
0000012563070620130722012544580609
0000012573070620130724012411137437
0000012583070620130724013659261938
0000012593070620130725016448281968
0000012603070620130727012831422541
0000012613070620130734012951632543
0000012623070620130744012333684056
0000012633070620130754013107141584
0000012643070620130754020609833221
0000012653070620130810013477138898
0000012663070620130817013320365621
0000012693070620131732013320365621
0000012703070620131732013107141584
0000012733070620131840012524402128
0000012743070620131846012041427045
0000012753070620131848012205303491
0000012763070620131852012674640563
0000012773070620131856020609833221
0000012783070620131856013725052890
0000012793070620131901012037990253
0000012803070620131901013369088567
0000012813070620131901012555991907
0000012823070620131902012301355251
0000012833070620131903010706821669
0000012843070620131903012950595563
0000012873070620131904013032228580
0000012883070620131905013153038561
0000012893070620131907012685193628
0000012903070620131910012434591746
0000012913070620131911019046327313
0000012923070620131913002324542220
0000012933070620131916012151029095
0000012943070620131922013217916548
0000012953070620131930012420505796
0000012983070620131933020309244646
0000012993070620131934014999031279
0000013023070620132002012473075206
0000013033080620130641020439795154
0000013043080620130642012184621465
0000013053080620130642012755763541
0000013063080620130643019046327313
0000013073080620130643012929600588
0000013083080620130645012754949609
0000013093080620130646012903261603
0000013103080620130646010633050773
0000013113080620130649012260374443
0000013123080620130651016558839491
0000013133080620130651020466386863
0000013143080620130652013093593580
0000013153080620130652013281658589
0000013163080620130652013020160625
0000013173080620130654015557192275
0000013183080620130654013051374813
0000013193080620130654012965982541
0000013203080620130658013328123589
0000013213080620130658012677303622
0000013223080620130659013296784011
0000013233080620130700020075732046
0000013243080620130700012674640563
0000013253080620130700015697168601
0000013263080620130700013555034897
0000013273080620130700020309244646
0000013283080620130700012461872203
0000013293080620130700012462004515
0000013303080620130701012205303491
0000013313080620130702012623581624
0000013323080620130703015509633275
0000013333080620130703012524402128
0000013343080620130704012151029095
0000013353080620130704012505603504
0000013363080620130704012858675548
0000013373080620130704012041427045
0000013383080620130705012449888529
0000013393080620130705012434591746
0000013403080620130705013153038561
0000013433080620130707013177673569
0000013443080620130707012205303491
0000013453080620130707015453612278
0000013463080620130708012880912581
0000013473080620130711016621902434
0000013483080620130712012334945570
0000013493080620130713012695871602
0000013503080620130714013725052890
0000013513080620130717013399807626
0000013523080620130718012887774583
0000013533080620130718012473075206
0000013543080620130721020417205249
0000013553080620130721012688341547
0000013563080620130723012834050602
0000013573080620130731013100642545
0000013583080620130731016035695427
0000013593080620130731012552868314
0000013603080620130830016621902434
0000013613080620131846013090076569
0000013623080620131848012831422541
0000013633080620131859012555991907
0000013643080620131859012555991907
0000013653080620131859001306993412
0000013663080620131859012544580609
0000013673080620131902020439795154
0000013683080620131905010633050773
0000013693080620131905020136093765
0000013703080620131905012449888529
0000013713080620131918012755763541
0000013723080620131932012944436629
0000013733080620132001012466389896
0000013743090620130627013203162546
0000013753090620130629013401850546
0000013763090620130638013369088567
0000013773090620130639012301355251
0000013783090620130641013255966565
0000013793090620130641013401046585
0000013803090620130642019004743637
0000013813090620130643017018803649
0000013823090620130644013213003602
0000013833090620130644013363882547
0000013843090620130645012319710177
0000013853090620130645019046327313
0000013863090620130645012282881631
0000013873090620130646013070461629
0000013883090620130649012685193628
0000013893090620130649012735817549
0000013903090620130650016558839491
0000013913090620130652012472772922
0000013923090620130652013321600586
0000013933090620130653012944436629
0000013943090620130656012818195626
0000013953090620130658013051374813
0000013963090620130659012740695626
0000013973090620130659012875486545
0000013983090620130700012555991907
0000013993090620130700001306993412
0000014003090620130700020466386863
0000014013090620130701013043315625
0000014023090620130701012466389896
0000014033090620130702020136093765
0000014043090620130702010706821669
0000014053090620130702015509633275
0000014063090620130703012537935634
0000014073090620130703012260374443
0000014083090620130703012874112587
0000014093090620130703012995319581
0000014103090620130704012677303622
0000014113090620130705012544580609
0000014123090620130706012831422541
0000014133090620130706012544580609
0000014143090620130708013328123589
0000014153090620130709013090076569
0000014163090620130711013020160625
0000014173090620130714012929600588
0000014183090620130716012334945570
0000014193090620130719012184621465
0000014203090620130719015557192275
0000014213090620130722013177673569
0000014223090620130723010108129656
0000014233090620130726012754949609
0000014243090620130726012903261603
0000014253090620130739012965982541
0000014263090620130739013174913542
0000014273090620131847012041427045
0000014283090620131848013007692546
0000014293090620131855013725052890
0000014303090620131900012685193628
0000014313090620131900013369088567
0000014323090620131903012301355251
0000014333090620131904019045135046
0000014343090620131905010706821669
0000014353090620131908012544580609
0000014363090620131914012887774583
0000014373090620131914012755763541
0000014383090620131918012037990253
0000014393090620131932013379345600
0000014403090620131933012674640563
0000014413090620131934012735817549
0000014423090620131954014420610278
0000014433090620131957012524402128
0000014443100620130632012609742624
0000014453100620130640013400722625
0000014463100620130642012395949754
0000014473100620130642012811853547
0000014483100620130642017026364330
0000014493100620130642012688341547
0000014503100620130642012755763541
0000014513100620130647012490249322
0000014523100620130648016558839491
0000014533100620130649012205303491
0000014543100620130649012802421540
0000014553100620130650020439795154
0000014563100620130650010633050773
0000014573100620130653012887774583
0000014583100620130657012559977569
0000014593100620130658013401850546
0000014603100620130658013217892584
0000014613100620130659019000064859
0000014623100620130700017018803649
0000014633100620130700020774970167
0000014643100620130701012871852547
0000014653100620130702012449888529
0000014663100620130703012833538563
0000014673100620130704013185946587
0000014683100620130705012399503378
0000014693100620130705012995319581
0000014703100620130706012319710177
0000014713100620130712012755763541
0000014723100620130713012695871602
0000014733100620130713013213003602
0000014743100620130714012447613379
0000014753100620130716012524402128
0000014763100620130716012537935634
0000014773100620130716013203162546
0000014783100620130717013007692546
0000014793100620130717013043315625
0000014803100620130717012041427045
0000014813100620130718013725052890
0000014823100620130719012818195626
0000014833100620130720012472772922
0000014843100620130720019004743637
0000014853100620130724013255966565
0000014863100620130731013070461629
0000014873100620130731012874112587
0000014883100620130734013174913542
0000014893100620130735013401046585
0000014903100620130740012875486545
0000014913100620130752012740695626
0000014923100620130801013320365621
0000014933100620130802013119326541
0000014943100620130809013477138898
0000014953100620130810010108129656
0000014963100620130822021234567891
0000014973100620130834013321600586
0000014983100620130927019019769882
0000014993100620131835013090076569
0000015003100620131846012831422541
0000015013100620131851001306993412
0000015023100620131853020439795154
0000015033100620131857012466389896
0000015043100620131857020136093765
0000015053100620131903021234567891
0000015063100620131903012695871602
0000015073100620131903012544580609
0000015083100620131904012755763541
0000015093100620131907012449888529
0000015103100620131911012205303491
0000015113100620131913012735817549
0000015123100620131913012735817549
0000015133100620131914013284343341
0000015143100620131914019019769882
0000015153100620131916019042298025
0000015163100620131930002324542220
0000015173110620130500019042298025
0000015183110620130500013284343341
0000015193110620130626012920097565
0000015203110620130626012333684056
0000015213110620130632010706821669
0000015223110620130632010706821669
0000015233110620130636013403376604
0000015243110620130639012816670580
0000015253110620130644013369088567
0000015263110620130645022005112746
0000015273110620130645016508246071
0000015283110620130648016056869459
0000015293110620130649013401048588
0000015303110620130652013217892584
0000015313110620130652020466386863
0000015323110620130654012037990253
0000015333110620130655012555991907
0000015343110620130655012063106373
0000015353110620130655012800428580
0000015363110620130656000123456789
0000015373110620130656013363882547
0000015383110620130658012685193628
0000015393110620130658012941754603
0000015403110620130658012153973831
0000015413110620130700020774970167
0000015423110620130700019000064859
0000015433110620130700012466389896
0000015443110620130700013400722625
0000015453110620130700001306993412
0000015463110620130703013090076569
0000015473110620130703020155059615
0000015483110620130704012967588565
0000015493110620130705002324542220
0000015503110620130706012301355251
0000015533110620130707013355444544
0000015543110620130708020136093765
0000015553110620130708012811853547
0000015563110620130708012831422541
0000015573110620130709020129742540
0000015583110620130710019013677145
0000015593110620130710019020200863
0000015603110620130715012871852547
0000015613110620130717012802421540
0000015623110620130723012735817549
0000015633110620130724012559977569
0000015643110620130727012609742624
0000015653110620130728013296784011
0000015663110620130730012447613379
0000015673110620130735012490249322
0000015683110620130742012544580609
0000015693110620130744013174913542
0000015703110620130806013107141584
0000015713110620130809013477138898
0000015723110620130816013320365621
0000015733110620130841013174913542
0000015743110620130846012833538563
0000015753110620130906013119326541
0000015763110620130922010098692434
0000015773110620131056016209515240
0000015803110620131656013320365621
0000015813110620131711013119326541
0000015823110620131823013137755548
0000015833110620131825013112801082
0000015843110620131836012524402128
0000015853110620131838013007692546
0000015863110620131845012434591746
0000015873110620131848016558839491
0000015883110620131849013317268629
0000015893110620131850013725052890
0000015903110620131852012674640563
0000015913110620131854010098692434
0000015923110620131858012041427045
0000015933110620131859020466386863
0000015943110620131900019020200863
0000015953110620131900020155059615
0000015963110620131901012685193628
0000015973110620131901012967588565
0000015983110620131901012887774583
0000015993110620131901019013677145
0000016003110620131902012037990253
0000016013110620131903012555991907
0000016023110620131904013369088567
0000016033110620131904010706821669
0000016043110620131905010706821669
0000016053110620131907012301355251
0000016063110620131907013296784011
0000016073110620131908013107141584
0000016083110620131911013363882547
0000016093110620131911010108129656
0000016103110620131919014420610278
0000016113110620132019013392662606
0000016123120620130603013112801082
0000016133120620130619012490398468
0000016143120620130620012490398468
0000016153120620130644013659261938
0000016163120620130644012951632543
0000016173120620130644012205303491
0000016183120620130645013357916605
0000016193120620130648012313272259
0000016203120620130649012947497602
0000016213120620130649012151029095
0000016223120620130649010633050773
0000016233120620130650013369520620
0000016243120620130651012411137437
0000016253120620130651010108129656
0000016263120620130652013244234274
0000016273120620130653020439795154
0000016283120620130653000213656981
0000016293120620130653013184829587
0000016303120620130654012555051696
0000016313120620130654013093593580
0000016323120620130655012857629542
0000016333120620130657016878978638
0000016343120620130657013296784011
0000016353120620130658013392662606
0000016363120620130700012313272259
0000016373120620130700020129742540
0000016383120620130701012363432195
0000016393120620130701019017505411
0000016403120620130701016558839491
0000016413120620130702012816670580
0000016423120620130704012755763541
0000016433120620130704012063106373
0000016443120620130706013403376604
0000016453120620130706013317268629
0000016463120620130706013317268629
0000016473120620130707012524402128
0000016483120620130707012434591746
0000016493120620130707016621902434
0000016503120620130707012941754603
0000016513120620130709013007692546
0000016523120620130709012887774583
0000016533120620130712012695871602
0000016543120620130713012449888529
0000016553120620130714012674640563
0000016563120620130714012390433490
0000016573120620130715013137755548
0000016583120620130717010712012726
0000016593120620130718012800428580
0000016603120620130718022005112746
0000016613120620130719012153973831
0000016623120620130720012466949662
0000016633120620130724013398653587
0000016643120620130724013401048588
0000016653120620130728013725052890
0000016663120620130734012041427045
0000016673120620130736016209515240
0000016683120620130737012920097565
0000016693120620130746012333684056
0000016703120620130814013107141584
0000016713120620130825013477138898
0000016723120620130825013320365621
0000016733120620130830019019769882
0000016743120620130849020942442053
0000016753120620131742019017505411
0000016763120620131742012063106373
0000016773120620131845012831422541
0000016783120620131845012735817549
0000016793120620131846013090076569
0000016803120620131850001306993412
0000016813120620131853013369520620
0000016823120620131902012449888529
0000016833120620131904019019769882
0000016843120620131906012151029095
0000016853120620131909012755763541
0000016863120620131909010633050773
0000016873120620131915012544580609
0000016883120620131916013398653587
0000016893120620131926020136093765
0000016903120620131927012466389896
0000016913120620131927014420610278
0000016923120620131929012205303491
0000016933120620131930020942442053
0000016943120620131953019045135046
0000016953120620131953019045135046
0000016963120620131953019045135046
0000016973120620132031013379345600
0000016983130620130628013555034897
0000016993130620130633010706821669
0000017003130620130637012688341547
0000017013130620130638013369088567
0000017023130620130641012420505796
0000017033130620130643013255966565
0000017043130620130643012462004515
0000017053130620130643012461872203
0000017063130620130648012623581624
0000017073130620130649014405876270
0000017083130620130650019030637644
0000017093130620130650016035695427
0000017103130620130652020075732046
0000017113130620130653017044332178
0000017123130620130653016873046818
0000017133130620130653012301355251
0000017143130620130656012552868314
0000017153130620130656012552868314
0000017163130620130656012037990253
0000017173130620130656012037990253
0000017183130620130657020417205249
0000017193130620130658012505603504
0000017203130620130659012880912581
0000017213130620130659015697168601
0000017223130620130701020136093765
0000017233130620130701012857629542
0000017243130620130701013090076569
0000017253130620130701013296784011
0000017263130620130702012555991907
0000017273130620130702016878978638
0000017283130620130703012685193628
0000017293130620130705001306993412
0000017303130620130707012466389896
0000017313130620130707012544580609
0000017323130620130708013363882547
0000017333130620130709012735817549
0000017343130620130709012555051696
0000017353130620130709013317268629
0000017363130620130711012063106373
0000017373130620130711019013677145
0000017383130620130714016621902434
0000017393130620130716013184829587
0000017403130620130718013399807626
0000017413130620130720012363432195
0000017423130620130721012831422541
0000017433130620130724013093593580
0000017443130620130725012390433490
0000017453130620130725013153038561
0000017463130620130726012827624607
0000017473130620130729013357916605
0000017483130620130729013244234274
0000017493130620130730012951632543
0000017503130620130731012947497602
0000017513130620130732012411137437
0000017523130620130732013659261938
0000017533130620130803012944436629
0000017543130620130803012333684056
0000017553130620130806013107141584
0000017563130620130807013119326541
0000017573130620130815012490398468
0000017583130620130819013477138898
0000017593130620130827020155059615
0000017603130620130834020942442053
0000017613130620130835012466949662
0000017623130620130854019020200863
0000017663130620131155013363882547
0000017713130620131756013119326541
0000017723130620131757013477138898
0000017733130620131837012677303622
0000017743130620131839012524402128
0000017753130620131848013007692546
0000017763130620131848012434591746
0000017773130620131849012151029095
0000017783130620131849012674640563
0000017793130620131849012887774583
0000017803130620131850012552868314
0000017813130620131857013725052890
0000017823130620131858010706821669
0000017833130620131858010706821669
0000017843130620131858010706821669
0000017853130620131900015677249274
0000017863130620131901020942442053
0000017873130620131901013107141584
0000017883130620131902012037990253
0000017893130620131903012041427045
0000017903130620131903012555991907
0000017913130620131903019020200863
0000017923130620131904020155059615
0000017933130620131904019013677145
0000017943130620131904013369088567
0000017953130620131904012827624607
0000017963130620131905013296784011
0000017973130620131907012301355251
0000017983130620131908012685193628
0000017993130620131952013379345600
0000018003140620130641012184621465
0000018013140620130642019046327313
0000018023140620130643013137755548
0000018033140620130646013100642545
0000018043140620130647013328123589
0000018053140620130648010633050773
0000018063140620130648012260374443
0000018073140620130650020439795154
0000018083140620130650013093593580
0000018093140620130653012754949609
0000018103140620130654016558839491
0000018113140620130654015453612278
0000018123140620130654013281658589
0000018133140620130655012420456450
0000018143140620130655013051374813
0000018153140620130655012903261603
0000018163140620130658012965982541
0000018173140620130659012929600588
0000018183140620130700020075732046
0000018193140620130700012461872203
0000018203140620130700014405876270
0000018213140620130700013555034897
0000018223140620130700012623581624
0000018233140620130700012524402128
0000018243140620130701012880912581
0000018253140620130701012887774583
0000018263140620130702012552868314
0000018273140620130703012334945570
0000018283140620130704019030637644
0000018293140620130704012462004515
0000018303140620130705012677303622
0000018313140620130708012674640563
0000018323140620130708012151029095
0000018333140620130710016035695427
0000018343140620130713012449888529
0000018353140620130713013255966565
0000018363140620130720013399807626
0000018373140620130722017044332178
0000018383140620130727012695871602
0000018393140620130729012041427045
0000018403140620130730014999031279
0000018413140620130730014999031279
0000018423140620130734020417205249
0000018433140620130735013153038561
0000018443140620130753012333684056
0000018453140620130807012505603504
0000018463140620130813013477138898
0000018473140620130821013107141584
0000018483140620130851013007692546
0000018493140620130919012755763541
0000018503140620130920013217916548
0000018513140620131034013119326541
0000018543140620131037012807241567
0000018553140620131050016873046818
0000018563140620131757013107141584
0000018573140620131841013477138898
0000018583140620131843012831422541
0000018593140620131844012735817549
0000018603140620131845012677303622
0000018613140620131852001306993412
0000018623140620131852016056869459
0000018633140620131853013090076569
0000018643140620131900016558839491
0000018653140620131900010633050773
0000018663140620131906010644130072
0000018673140620131906012552868314
0000018683140620131906020439795154
0000018693140620131906002324542220
0000018703140620131907012755763541
0000018713140620131907014999031279
0000018723140620131909013296784011
0000018733140620131909012544580609
0000018743140620131909012466389896
0000018753140620131910020136093765
0000018763140620131910013093593580
0000018773140620131931012449888529
0000018783140620131932020309244646
0000018793140620131942012473075206
0000018803140620131945013119326541
0000018813140620131945013217916548
0000018823150620130631010706821669
0000018833150620130634013203162546
0000018843150620130635013401850546
0000018853150620130637013213003602
0000018863150620130638013369088567
0000018873150620130641019004743637
0000018883150620130642010835146046
0000018893150620130647013070461629
0000018903150620130651013317268629
0000018913150620130653012965982541
0000018923150620130654015557192275
0000018933150620130654013321600586
0000018943150620130654013090076569
0000018953150620130655012282881631
0000018963150620130656012818195626
0000018973150620130656012827624607
0000018983150620130656012472772922
0000018993150620130657013020160625
0000019003150620130657013401046585
0000019013150620130657013177673569
0000019023150620130659012319710177
0000019033150620130659012037990253
0000019043150620130700012473075206
0000019053150620130700020309244646
0000019063150620130700013051374813
0000019073150620130700019046327313
0000019083150620130701012685193628
0000019093150620130701012677303622
0000019103150620130701012301355251
0000019113150620130702012466389896
0000019123150620130702001306993412
0000019153150620130707015230967270
0000019163150620130707013363882547
0000019173150620130707012874112587
0000019183150620130707020136093765
0000019193150620130708012555991907
0000019203150620130710012260374443
0000019213150620130710016056869459
0000019223150620130710015509633275
0000019233150620130714012334945570
0000019243150620130714012903261603
0000019253150620130714012420456450
0000019263150620130715012929600588
0000019273150620130715013281658589
0000019283150620130716012735817549
0000019293150620130716012544580609
0000019303150620130717012831422541
0000019313150620130718010644130072
0000019323150620130721012754949609
0000019333150620130722015453612278
0000019343150620130742013043315625
0000019373150620130744014084176520
0000019383150620130745012333684056
0000019393150620130747013100642545
0000019403150620130750012184621465
0000019413150620131830013659261938
0000019423150620131845012041427045
0000019433150620131845012887774583
0000019443150620131850012151029095
0000019453150620131852013725052890
0000019463150620131853012674640563
0000019473150620131854013255966565
0000019483150620131856013007692546
0000019493150620131901012301355251
0000019503150620131902012555991907
0000019513150620131903010706821669
0000019523150620131904013317268629
0000019533150620131904012555991907
0000019543150620131907012037990253
0000019553150620131907013369088567
0000019563150620131908013363882547
0000019573150620131911015230967270
0000019583150620131911012685193628
0000019593150620131949012944436629
0000019603160620130633012609742624
0000019613160620130633015453612278
0000019623160620130637017026364330
0000019633160620130638012811853547
0000019643160620130640012490249322
0000019653160620130647010633050773
0000019663160620130647012802421540
0000019673160620130648013217892584
0000019683160620130653012559977569
0000019693160620130654016558839491
0000019703160620130654012871852547
0000019713160620130656012537935634
0000019723160620130657020439795154
0000019733160620130658015509633275
0000019743160620130658013153038561
0000019753160620130658010712012726
0000019763160620130658014084176520
0000019773160620130659012399503378
0000019783160620130659019000064859
0000019793160620130700013007692546
0000019803160620130701013007692546
0000019813160620130703012740695626
0000019823160620130704019004743637
0000019833160620130704012674640563
0000019863160620130707012301176764
0000019873160620130708012449888529
0000019883160620130708012151029095
0000019893160620130708012151029095
0000019903160620130708013213003602
0000019913160620130708012041427045
0000019923160620130708012944436629
0000019933160620130708012695871602
0000019943160620130709013185946587
0000019953160620130709012995319581
0000019963160620130710013020160625
0000019973160620130711013177673569
0000019983160620130712013725052890
0000019993160620130713013659261938
0000020003160620130714012818195626
0000020013160620130717012282881631
0000020023160620130718019035051265
0000020033160620130718019013677145
0000020043160620130720012874112587
0000020053160620130724013043315625
0000020063160620130726013070461629
0000020073160620130726012472772922
0000020083160620130727013401049584
0000020093160620130728015557192275
0000020103160620130728010835146046
0000020113160620130729012555991907
0000020123160620130729010108129656
0000020133160620130732013401046585
0000020143160620130744013203162546
0000020153160620130845013321600586
0000020163160620130847012319710177
0000020173160620131156012449888529
0000020183160620131804020136093765
0000020193160620131828012466389896
0000020203160620131839019045135046
0000020213160620131839019045135046
0000020223160620131845013090076569
0000020233160620131849012831422541
0000020243160620131853012735817549
0000020253160620131900001306993412
0000020263160620131904012544580609
0000020273160620131906016558839491
0000020283160620131910010633050773
0000020293160620131913012151029095
0000020303160620131919013007692546
0000020313160620131919013153038561
0000020323160620131931014420610278
0000020333160620131936013379345600
0000020343170620130640012941754603
0000020353170620130642013369088567
0000020363170620130643010835146046
0000020373170620130643020774970167
0000020383170620130644013137755548
0000020393170620130644010706821669
0000020403170620130644010706821669
0000020413170620130646022005112746
0000020423170620130646016508246071
0000020433170620130646020466386863
0000020443170620130648012063106373
0000020453170620130652013400722625
0000020463170620130653000123456789
0000020473170620130656012153973831
0000020483170620130658013317268629
0000020493170620130659012774301582
0000020503170620130700012301355251
0000020513170620130700012555991907
0000020523170620130700012555991907
0000020533170620130700013217892584
0000020543170620130701020136093765
0000020553170620130703012685193628
0000020563170620130705001306993412
0000020573170620130706012037990253
0000020583170620130706013090076569
0000020593170620130708013363882547
0000020603170620130709012466389896
0000020613170620130709012447613379
0000020623170620130710012967588565
0000020633170620130713015453612278
0000020643170620130713012537935634
0000020653170620130714012833538563
0000020663170620130714016209515240
0000020673170620130716019000064859
0000020683170620130717019013677145
0000020693170620130717012544580609
0000020703170620130718012735817549
0000020713170620130718016056869459
0000020723170620130718013401048588
0000020733170620130721012831422541
0000020743170620130722012995319581
0000020753170620130731012871852547
0000020763170620130738012395949754
0000020773170620130738012609742624
0000020783170620130742013185946587
0000020793170620130753019035051265
0000020803170620130753012490249322
0000020813170620130754012811853547
0000020823170620130754017026364330
0000020833170620130806013107141584
0000020843170620130807012333684056
0000020853170620130810010108129656
0000020883170620130812013328362605
0000020893170620130817013477138898
0000020903170620130837013119326541
0000020913170620130853019019769882
0000020923170620131007012740695626
0000020933170620131758013477138898
0000020943170620131815013355444544
0000020953170620131839013119326541
0000020963170620131839012677303622
0000020973170620131839013107141584
0000020983170620131843012434591746
0000020993170620131844012524402128
0000021003170620131850012887774583
0000021013170620131850012151029095
0000021023170620131852012674640563
0000021033170620131859013007692546
0000021043170620131859013725052890
0000021053170620131900012555991907
0000021063170620131901010706821669
0000021073170620131901010706821669
0000021083170620131901022005112746
0000021093170620131901012301355251
0000021103170620131902012037990253
0000021113170620131903012041427045
0000021123170620131904013369088567
0000021133170620131904012685193628
0000021143170620131908020129742540
0000021153170620131918013284343341
0000021163170620131918013137755548
0000021173170620131925019042298025
0000021183170620131951021234567891
0000021193180620130500013284343341
0000021203180620130500019042298025
0000021213180620130621012490398468
0000021223180620130638012951632543
0000021233180620130639013357916605
0000021243180620130639013184829587
0000021253180620130640013184829587
0000021263180620130640013184829587
0000021273180620130640012920097565
0000021283180620130640016448281968
0000021293180620130641012816670580
0000021303180620130643012313272259
0000021313180620130644012313272259
0000021323180620130644012755763541
0000021333180620130647012313272259
0000021343180620130648012205303491
0000021353180620130648012313272259
0000021363180620130648013281658589
0000021373180620130648020439795154
0000021383180620130650019013677145
0000021393180620130656010633050773
0000021403180620130657012411137437
0000021413180620130700012674640563
0000021423180620130700013400722625
0000021433180620130700012524402128
0000021443180620130700020774970167
0000021453180620130700010644130072
0000021463180620130700016558839491
0000021473180620130704020129742540
0000021483180620130704012151029095
0000021493180620130704012434591746
0000021503180620130704012887774583
0000021513180620130705012695871602
0000021523180620130705013725052890
0000021533180620130705013093593580
0000021543180620130705012677303622
0000021553180620130706012363432195
0000021563180620130706012800428580
0000021573180620130707012063106373
0000021583180620130707013403376604
0000021593180620130707012947497602
0000021603180620130707013184829587
0000021613180620130708012941754603
0000021623180620130708013296784011
0000021633180620130710020155059615
0000021643180620130710013355444544
0000021653180620130711012449888529
0000021663180620130716000123456789
0000021673180620130719012153973831
0000021683180620130720019017505411
0000021693180620130721019020200863
0000021703180620130725013401048588
0000021713180620130725012774301582
0000021723180620130727013007692546
0000021733180620130728012447613379
0000021743180620130729002324542220
0000021753180620130730002324542220
0000021763180620130730016056869459
0000021773180620130731016508246071
0000021783180620130731020466386863
0000021793180620130737013317268629
0000021803180620130739012967588565
0000021813180620130743013320365621
0000021823180620130744012041427045
0000021833180620130751013477138898
0000021843180620130753012333684056
0000021853180620130757013119326541
0000021863180620130802016209515240
0000021873180620130806013107141584
0000021883180620130811012827624607
0000021893180620130915010098692434
0000021923180620131456012492327045
0000021933180620131713013320365621
0000021943180620131742013119326541
0000021953180620131828013107141584
0000021963180620131835013659261938
0000021973180620131842013090076569
0000021983180620131846001306993412
0000021993180620131848016558839491
0000022003180620131848010098692434
0000022013180620131849012831422541
0000022023180620131852012735817549
0000022033180620131855019020200863
0000022043180620131855020155059615
0000022053180620131900012449888529
0000022063180620131901020136093765
0000022073180620131901012827624607
0000022083180620131901012466389896
0000022093180620131902010633050773
0000022103180620131902012755763541
0000022113180620131903020439795154
0000022123180620131906020129742540
0000022133180620131906019013677145
0000022143180620131910012695871602
0000022153180620131912013281658589
0000022163180620131912012544580609
0000022173180620131913012205303491
0000022183180620131922013296784011
0000022193180620131932013392662606
0000022203180620131939014420610278
0000022213190620130624013555034897
0000022223190620130635012688341547
0000022233190620130642010706821669
0000022243190620130644012037990253
0000022253190620130646012552868314
0000022263190620130647012461872203
0000022273190620130647012735817549
0000022283190620130647012462004515
0000022293190620130648012735817549
0000022303190620130649013659261938
0000022313190620130650015697168601
0000022323190620130650012555051696
0000022333190620130651013369088567
0000022343190620130651012685193628
0000022353190620130651012420505796
0000022363190620130652013369520620
0000022373190620130652012623581624
0000022383190620130654020075732046
0000022393190620130654013399807626
0000022403190620130655012858675548
0000022413190620130657016878978638
0000022423190620130658013090076569
0000022433190620130658012857629542
0000022443190620130659017044332178
0000022453190620130659012880912581
0000022463190620130700012880912581
0000022473190620130700020417205249
0000022483190620130700019017505411
0000022493190620130701013363882547
0000022503190620130701013403376604
0000022513190620130701012363432195
0000022523190620130702020136093765
0000022533190620130702012301355251
0000022543190620130703012831422541
0000022553190620130703010644130072
0000022563190620130704001306993412
0000022573190620130705020129742540
0000022583190620130706013244234274
0000022593190620130707012816670580
0000022603190620130707012466389896
0000022613190620130709012490398468
0000022623190620130714012544580609
0000022633190620130715012947497602
0000022643190620130716013153038561
0000022653190620130716000213656981
0000022663190620130717013093593580
0000022673190620130719013296784011
0000022683190620130721012313272259
0000022693190620130728013357916605
0000022703190620130729012390433490
0000022713190620130729013392662606
0000022723190620130729013184829587
0000022733190620130729012800428580
0000022743190620130730012951632543
0000022753190620130737012411137437
0000022763190620130737012411137437
0000022773190620130737016448281968
0000022783190620130742012333684056
0000022793190620130804013477138898
0000022803190620130810013107141584
0000022813190620130812012920097565
0000022823190620130818013320365621
0000022833190620130821013119326541
0000022843190620130824020609833221
0000022853190620130835013398653587
0000022863190620130852020942442053
0000022873190620130911019019769882
0000022883190620131723013119326541
0000022893190620131839012151029095
0000022903190620131840013107141584
0000022913190620131840013477138898
0000022923190620131844012524402128
0000022933190620131845012041427045
0000022943190620131846012674640563
0000022953190620131846012434591746
0000022963190620131854010706821669
0000022973190620131854020942442053
0000022983190620131858013007692546
0000022993190620131859013725052890
0000023003190620131859019045135046
0000023013190620131902012420505796
0000023023190620131904012037990253
0000023033190620131905012301355251
0000023043190620131905013369088567
0000023053190620131905013363882547
0000023063190620131909012685193628
0000023073190620131909015677249274
0000023083190620131917013369520620
0000023093190620131918019019769882
0000023103190620131935014420610278
0000023113190620131945000213656981
0000023123190620131946012735817549
0000023133190620132014020609833221
0000023143190620132021013398653587
0000023153200620130641012466949662
0000023163200620130641012774301582
0000023173200620130642012260374443
0000023183200620130645022005112746
0000023193200620130646019046327313
0000023203200620130646012205303491
0000023213200620130647020439795154
0000023223200620130650010633050773
0000023233200620130650012754949609
0000023243200620130653012334945570
0000023253200620130653013328123589
0000023263200620130653012965982541
0000023273200620130655012755763541
0000023283200620130655012184621465
0000023293200620130656013281658589
0000023303200620130656013051374813
0000023313200620130656016873046818
0000023323200620130657019030637644
0000023333200620130658012929600588
0000023343200620130700020075732046
0000023353200620130700012688341547
0000023363200620130700020417205249
0000023373200620130700012623581624
0000023383200620130700012524402128
0000023393200620130700012903261603
0000023403200620130701016558839491
0000023413200620130702012674640563
0000023423200620130702012857629542
0000023433200620130702012461872203
0000023443200620130704012887774583
0000023453200620130704019013677145
0000023463200620130705014405876270
0000023473200620130706012462004515
0000023483200620130707016878978638
0000023493200620130707016621902434
0000023503200620130708012555051696
0000023513200620130710012695871602
0000023523200620130710012151029095
0000023533200620130711013555034897
0000023543200620130713013007692546
0000023553200620130713013725052890
0000023563200620130713012505603504
0000023573200620130715012434591746
0000023583200620130722013399807626
0000023593200620130724012041427045
0000023603200620130724012858675548
0000023613200620130726012552868314
0000023623200620130726013153038561
0000023633200620130731012390433490
0000023643200620130732012827624607
0000023653200620130733015697168601
0000023663200620130734012880912581
0000023673200620130736013296784011
0000023683200620130754012944436629
0000023693200620130801013320365621
0000023703200620130802013477138898
0000023713200620130835013119326541
0000023723200620130837013107141584
0000023733200620130904020942442053
0000023743200620130924019020200863
0000023753200620130925020155059615
0000023763200620131402015677249274
0000023773200620131651013320365621
0000023783200620131807015230967270
0000023793200620131839013137755548
0000023803200620131842013090076569
0000023813200620131843012466389896
0000023823200620131843020136093765
0000023833200620131845012677303622
0000023843200620131846001306993412
0000023853200620131848012831422541
0000023863200620131848020942442053
0000023873200620131851012544580609
0000023883200620131853012735817549
0000023893200620131855012777729621
0000023903200620131859013107141584
0000023913200620131900019020200863
0000023923200620131900020155059615
0000023933200620131900013281658589
0000023943200620131900022005112746
0000023953200620131900012755763541
0000023963200620131901012205303491
0000023973200620131902012944436629
0000023983200620131904013296784011
0000023993200620131907019013677145
0000024003200620131910012774301582
0000024013200620131921010633050773
0000024023200620131930020439795154
0000024053210620130630010706821669
0000024063210620130631012685193628
0000024073210620130637015230967270
0000024083210620130639012472772922
0000024093210620130642013203162546
0000024103210620130642013255966565
0000024113210620130642019004743637
0000024123210620130643012492327045
0000024133210620130644013213003602
0000024143210620130644013401850546
0000024153210620130646016558839491
0000024163210620130648013070461629
0000024173210620130648013369088567
0000024183210620130648012301355251
0000024193210620130651012319710177
0000024203210620130652013043315625
0000024213210620130654015453612278
0000024223210620130654013321600586
0000024233210620130654013401046585
0000024243210620130656012871852547
0000024253210620130657012282881631
0000024263210620130658012875486545
0000024273210620130700014405876270
0000024283210620130700013051374813
0000024293210620130700013363882547
0000024303210620130701012903261603
0000024313210620130701012754949609
0000024323210620130701012260374443
0000024333210620130701013100642545
0000024343210620130702013090076569
0000024353210620130702012466389896
0000024363210620130702012677303622
0000024373210620130703012505603504
0000024383210620130704020136093765
0000024393210620130704019030637644
0000024403210620130704013137755548
0000024413210620130705012544580609
0000024423210620130705012874112587
0000024433210620130706012334945570
0000024443210620130706012831422541
0000024453210620130706012777729621
0000024463210620130707016873046818
0000024473210620130708012555991907
0000024483210620130709012929600588
0000024493210620130710012184621465
0000024503210620130711012965982541
0000024513210620130716012420456450
0000024523210620130716012466949662
0000024533210620130716014999031279
0000024543210620130719012735817549
0000024553210620130722019046327313
0000024563210620130722013328123589
0000024573210620130724012037990253
0000024583210620130728013296784011
0000024593210620130737013217916548
0000024603210620130751012333684056
0000024613210620130812013477138898
0000024623210620130818013107141584
0000024633210620130818020609833221
0000024643210620130820013320365621
0000024653210620130955002324542220
0000024663210620130956019010804235
0000024673210620131729013320365621
0000024683210620131839013477138898
0000024693210620131844012674640563
0000024703210620131845012818195626
0000024713210620131847012524402128
0000024723210620131847012434591746
0000024733210620131848012151029095
0000024743210620131851012887774583
0000024753210620131851010706821669
0000024763210620131851010706821669
0000024773210620131853013725052890
0000024783210620131902012473075206
0000024793210620131902012871852547
0000024803210620131905012037990253
0000024813210620131905014999031279
0000024823210620131906013007692546
0000024833210620131906013369088567
0000024843210620131907012301355251
0000024853210620131908013217916548
0000024863210620131908012555991907
0000024873210620131911012685193628
0000024883210620131913012827624607
0000024893210620131919012041427045
0000024903210620131934012301176764
0000024913210620131938020309244646
0000024923210620131947013107141584
0000024933210620131948013363882547
0000024943220620130629012609742624
0000024953220620130633012395949754
0000024963220620130634012811853547
0000024973220620130638012755763541
0000024983220620130638017026364330
0000024993220620130639013363882547
0000025003220620130642012490249322
0000025013220620130646012802421540
0000025023220620130649012871852547
0000025033220620130651010633050773
0000025043220620130652012205303491
0000025053220620130655015557192275
0000025063220620130655013401850546
0000025073220620130656013177673569
0000025083220620130657013020160625
0000025093220620130659015509633275
0000025103220620130659019000064859
0000025113220620130700012674640563
0000025123220620130700012151029095
0000025133220620130700020309244646
0000025143220620130700012473075206
0000025153220620130700013217892584
0000025163220620130700012492327045
0000025173220620130701013100642545
0000025183220620130703012559977569
0000025193220620130705019035051265
0000025203220620130706014084176520
0000025213220620130708012449888529
0000025223220620130708012449888529
0000025233220620130711012827624607
0000025243220620130711012827624607
0000025253220620130712012399503378
0000025263220620130714012818195626
0000025273220620130715012282881631
0000025283220620130715012874112587
0000025293220620130715012434591746
0000025303220620130716013401049584
0000025313220620130716012472772922
0000025323220620130716012887774583
0000025333220620130716013043315625
0000025343220620130716012319710177
0000025353220620130716012524402128
0000025363220620130717015453612278
0000025373220620130717012420456450
0000025383220620130717013007692546
0000025393220620130718013185946587
0000025403220620130721013213003602
0000025413220620130730019004743637
0000025423220620130735012695871602
0000025433220620130740012875486545
0000025443220620130741013401046585
0000025453220620130741013070461629
0000025463220620130742012041427045
0000025473220620130745013203162546
0000025483220620130745013321600586
0000025493220620131838012466389896
0000025503220620131844020136093765
0000025513220620131846012818195626
0000025523220620131847012827624607
0000025533220620131847012735817549
0000025543220620131856012944436629
0000025553220620131859012831422541
0000025563220620131900012205303491
0000025573220620131900012449888529
0000025583220620131901012205303491
0000025593220620131902010633050773
0000025603220620131907012871852547
0000025613220620131909012301176764
0000025623220620131922012695871602
0000025633220620131927001306993412
0000025643220620131942012755763541
0000025653220620131942010712012726
0000025663220620131954012473075206
0000025673230620130618017018803649
0000025683230620130629010706821669
0000025693230620130629010706821669
0000025703230620130635012153973831
0000025713230620130638012941754603
0000025723230620130639012740695626
0000025733230620130639010835146046
0000025743230620130642022005112746
0000025753230620130643012685193628
0000025763230620130646013369088567
0000025773230620130648020466386863
0000025783230620130649013401048588
0000025793230620130649016056869459
0000025803230620130650013355444544
0000025813230620130650012063106373
0000025823230620130653013317268629
0000025833230620130653013363882547
0000025843230620130656012735817549
0000025853230620130656015509633275
0000025863230620130657012735817549
0000025873230620130657012995319581
0000025883230620130657012037990253
0000025893230620130658020129742540
0000025903230620130658000123456789
0000025913230620130700014084176520
0000025923230620130701012473075206
0000025933230620130701020136093765
0000025943230620130702019013677145
0000025953230620130703012967588565
0000025963230620130703012944436629
0000025973230620130706012537935634
0000025983230620130706012466389896
0000025993230620130708013020160625
0000026003230620130711015557192275
0000026013230620130711012490249322
0000026023230620130715012399503378
0000026033230620130716017026364330
0000026043230620130717019035051265
0000026053230620130717019000064859
0000026063230620130718012802421540
0000026073230620130720013177673569
0000026083230620130722012205303491
0000026093230620130724012395949754
0000026103230620130725012818195626
0000026113230620130730013185946587
0000026123230620130745012609742624
0000026133230620130754016209515240
0000026143230620130833020609833221
0000026153230620130835013217892584
0000026163230620130835012559977569
0000026173230620131842012880912581
0000026183230620131842012041427045
0000026193230620131842012151029095
0000026203230620131845012434591746
0000026213230620131845013007692546
0000026223230620131847012674640563
0000026233230620131851012524402128
0000026243230620131852019045135046
0000026253230620131858013725052890
0000026263230620131858012887774583
0000026273230620131859010706821669
0000026283230620131859010706821669
0000026293230620131900012685193628
0000026303230620131901022005112746
0000026313230620131905012037990253
0000026323230620131907013369088567
0000026333230620131907012301355251
0000026343230620131911013363882547
0000026353230620131911012735817549
0000026363230620131916020609833221
0000026373230620131928014420610278
0000026383240620130618012490398468
0000026393240620130626012466949662
0000026403240620130638012492327045
0000026413240620130639013137755548
0000026423240620130639020774970167
0000026433240620130643016448281968
0000026443240620130646012951632543
0000026453240620130646013357916605
0000026463240620130646013244234274
0000026473240620130647012755763541
0000026483240620130649012492327045
0000026493240620130649020439795154
0000026503240620130650012313272259
0000026513240620130651013184829587
0000026523240620130652012411137437
0000026533240620130653010633050773
0000026543240620130655016558839491
0000026553240620130656013400722625
0000026563240620130657012363432195
0000026573240620130701012941754603
0000026583240620130702012947497602
0000026593240620130704012674640563
0000026603240620130705010644130072
0000026613240620130705010644130072
0000026623240620130706012151029095
0000026633240620130706012447613379
0000026643240620130707012434591746
0000026653240620130712013725052890
0000026663240620130712019017505411
0000026673240620130714012449888529
0000026683240620130715012995319581
0000026693240620130715012695871602
0000026703240620130715017018803649
0000026713240620130716017018803649
0000026723240620130718012967588565
0000026733240620130719000123456789
0000026743240620130720013317268629
0000026753240620130720012524402128
0000026763240620130722012153973831
0000026773240620130730016056869459
0000026783240620130731013401048588
0000026793240620130744012833538563
0000026803240620130747012537935634
0000026813240620130748019013677145
0000026823240620130749012333684056
0000026833240620130750016209515240
0000026843240620130805012740695626
0000026853240620130812013320365621
0000026863240620130813013119326541
0000026873240620130830013477138898
0000026883240620130840002324542220
0000026893240620130844013007692546
0000026903240620130902020129742540
0000026913240620130902019019769882
0000026923240620131655013320365621
0000026933240620131747013477138898
0000026943240620131845012466389896
0000026953240620131846012735817549
0000026963240620131849013090076569
0000026973240620131850012831422541
0000026983240620131851012205303491
0000026993240620131856019042298025
0000027003240620131857016558839491
0000027013240620131858001306993412
0000027023240620131900012695871602
0000027033240620131900012492327045
0000027043240620131900013659261938
0000027053240620131902012755763541
0000027063240620131903019019769882
0000027073240620131904012449888529
0000027083240620131910019017505411
0000027093240620131913020439795154
0000027103240620131914013284343341
0000027113240620131920013093593580
0000027123250620130449019042298025
0000027133250620130449013284343341
0000027143250620130624013555034897
0000027153250620130636012816670580
0000027163250620130642012037990253
0000027173250620130644013403376604
0000027183250620130644012688341547
0000027193250620130644013369088567
0000027203250620130645017044332178
0000027213250620130646012461872203
0000027223250620130646012462004515
0000027233250620130647012623581624
0000027243250620130647012920097565
0000027253250620130650012552868314
0000027263250620130651012880912581
0000027273250620130651012880912581
0000027283250620130651012363432195
0000027293250620130654012555991907
0000027303250620130654012555991907
0000027313250620130654020075732046
0000027323250620130655013363882547
0000027333250620130655012831422541
0000027343250620130656012466389896
0000027353250620130657012858675548
0000027363250620130657016035695427
0000027373250620130657020417205249
0000027383250620130658013399807626
0000027393250620130658012735817549
0000027403250620130658012301355251
0000027413250620130658012420505796
0000027423250620130659013093593580
0000027433250620130659012685193628
0000027443250620130700010706821669
0000027453250620130700010706821669
0000027463250620130700015697168601
0000027473250620130701012466949662
0000027483250620130701012313272259
0000027493250620130702013400722625
0000027503250620130702010644130072
0000027513250620130704020774970167
0000027523250620130704001306993412
0000027533250620130704016448281968
0000027543250620130706012951632543
0000027553250620130708019013677145
0000027563250620130709012205303491
0000027573250620130711013401049584
0000027583250620130711019020200863
0000027593250620130712012800428580
0000027603250620130713013184829587
0000027613250620130716013296784011
0000027623250620130724013357916605
0000027633250620130724013659261938
0000027643250620130738020155059615
0000027653250620130739013244234274
0000027663250620130740012833538563
0000027673250620130759012447613379
0000027683250620130806013320365621
0000027693250620130806012333684056
0000027703250620130822013477138898
0000027713250620130838013107141584
0000027723250620130851012827624607
0000027733250620130933010098692434
0000027743250620131701013320365621
0000027753250620131739013477138898
0000027763250620131831012524402128
0000027773250620131850013007692546
0000027783250620131850012674640563
0000027793250620131852012434591746
0000027803250620131854012151029095
0000027813250620131856019020200863
0000027823250620131856020155059615
0000027833250620131859013153038561
0000027843250620131900012555991907
0000027853250620131900012555991907
0000027863250620131900013401049584
0000027873250620131901010706821669
0000027883250620131901010706821669
0000027893250620131902012301355251
0000027903250620131902010706821669
0000027913250620131903019013677145
0000027923250620131903012685193628
0000027933250620131903012685193628
0000027943250620131903012685193628
0000027953250620131904012037990253
0000027963250620131905013107141584
0000027973250620131906013107141584
0000027983250620131907013369088567
0000027993250620131907012827624607
0000028003250620131909010098692434
0000028013250620131909012041427045
0000028023250620131909012887774583
0000028033250620131911013296784011
0000028043250620131925014420610278
0000028053250620131925013112801082
0000028063250620131937013725052890
0000028073250620131942013392662606
0000028083260620130643013093593580
0000028093260620130644010633050773
0000028103260620130646012555051696
0000028113260620130646020439795154
0000028123260620130647012677303622
0000028133260620130647019046327313
0000028143260620130649012184621465
0000028153260620130650013281658589
0000028163260620130650012755763541
0000028173260620130650013051374813
0000028183260620130650012260374443
0000028193260620130651013328123589
0000028203260620130651016878978638
0000028213260620130652016558839491
0000028223260620130653013392662606
0000028233260620130654012965982541
0000028243260620130655013369520620
0000028253260620130655012754949609
0000028263260620130657012857629542
0000028273260620130657012334945570
0000028283260620130700020075732046
0000028293260620130700012674640563
0000028303260620130700012461872203
0000028313260620130700012462004515
0000028323260620130700020417205249
0000028333260620130701016621902434
0000028343260620130702012887774583
0000028353260620130702012623581624
0000028363260620130703015697168601
0000028373260620130704013399807626
0000028383260620130704012434591746
0000028393260620130705012524402128
0000028403260620130705013403376604
0000028413260620130706000213656981
0000028423260620130706012816670580
0000028433260620130706012041427045
0000028443260620130708013153038561
0000028453260620130708013725052890
0000028463260620130709012880912581
0000028473260620130710012777729621
0000028483260620130710016035695427
0000028493260620130710012688341547
0000028503260620130710012903261603
0000028513260620130710013112801082
0000028523260620130712013555034897
0000028533260620130714012449888529
0000028543260620130716017044332178
0000028553260620130716012695871602
0000028563260620130717012151029095
0000028573260620130728013398653587
0000028583260620130731012390433490
0000028593260620130731012800428580
0000028603260620130735012920097565
0000028613260620130745012420505796
0000028623260620130746012858675548
0000028633260620130808013296784011
0000028643260620130818013477138898
0000028653260620130824020942442053
0000028663260620130825013320365621
0000028673260620130826013119326541
0000028683260620130828012333684056
0000028693260620130902013007692546
0000028703260620130905019019769882
0000028713260620131715013477138898
0000028723260620131734013320365621
0000028733260620131817013119326541
0000028743260620131834020136093765
0000028753260620131834012466389896
0000028763260620131844013090076569
0000028773260620131844012831422541
0000028783260620131850012735817549
0000028793260620131854001306993412
0000028803260620131854013401049584
0000028813260620131858019045135046
0000028823260620131901016558839491
0000028833260620131901013369520620
0000028843260620131902010633050773
0000028853260620131902010644130072
0000028863260620131902019019769882
0000028873260620131907012544580609
0000028883260620131907012544580609
0000028893260620131907020439795154
0000028903260620131908012755763541
0000028913260620131914012695871602
0000028923260620131915013093593580
0000028933260620131917019010804235
0000028943260620131925015677249274
0000028953260620131927013398653587
0000028963260620131928000213656981
0000028973260620131928014420610278
0000028983260620131929012449888529
0000028993260620132106012205303491
0000029003270620130633010706821669
0000029013270620130633010706821669
0000029023270620130633013401850546
0000029033270620130638013203162546
0000029043270620130642013043315625
0000029053270620130643013112801082
0000029063270620130643013369088567
0000029073270620130645012492327045
0000029083270620130646013217892584
0000029093270620130646013070461629
0000029103270620130648012319710177
0000029113270620130651012037990253
0000029123270620130651010644130072
0000029133270620130652012875486545
0000029143270620130652012301355251
0000029153270620130653012472772922
0000029163270620130653016873046818
0000029173270620130653014405876270
0000029183270620130654012818195626
0000029193270620130655019030637644
0000029203270620130656012260374443
0000029213270620130657012466389896
0000029223270620130657012802421540
0000029233270620130700012505603504
0000029243270620130700012777729621
0000029253270620130700013051374813
0000029263270620130700012555991907
0000029273270620130700013401046585
0000029283270620130701019004743637
0000029293270620130701012685193628
0000029303270620130701012334945570
0000029313270620130701020136093765
0000029323270620130702013363882547
0000029333270620130702019013677145
0000029343270620130703001306993412
0000029353270620130704012282881631
0000029363270620130707013321600586
0000029373270620130707012754949609
0000029383270620130707012874112587
0000029393270620130708013328123589
0000029403270620130708012857629542
0000029413270620130708012184621465
0000029423270620130708016878978638
0000029433270620130709012831422541
0000029443270620130710013281658589
0000029453270620130713013090076569
0000029463270620130713013401049584
0000029473270620130714012555051696
0000029483270620130717019046327313
0000029493270620130718012965982541
0000029503270620130718012677303622
0000029513270620130719012903261603
0000029523270620130722013296784011
0000029533270620130730012544580609
0000029543270620130736012944436629
0000029553270620130741012827624607
0000029563270620130742012390433490
0000029573270620130755012735817549
0000029583270620130814013320365621
0000029593270620130817013107141584
0000029603270620130822013477138898
0000029613270620130824013119326541
0000029623270620130851019020200863
0000029633270620130851020155059615
0000029643270620131648013320365621
0000029653270620131655013477138898
0000029663270620131655013119326541
0000029673270620131839013213003602
0000029683270620131842012151029095
0000029693270620131842015230967270
0000029703270620131842012524402128
0000029713270620131844012674640563
0000029723270620131847013112801082
0000029733270620131849012827624607
0000029743270620131851012434591746
0000029753270620131855013725052890
0000029763270620131857020155059615
0000029773270620131857013007692546
0000029783270620131858010706821669
0000029793270620131858010706821669
0000029803270620131900012555991907
0000029813270620131900012944436629
0000029823270620131904012037990253
0000029833270620131904012301355251
0000029843270620131904013369088567
0000029853270620131904019013677145
0000029863270620131905013107141584
0000029873270620131911015677249274
0000029883270620131915013296784011
0000029893270620131919012041427045
0000029903270620131937012887774583
0000029913270620131942012685193628
0000029923270620132023013363882547
0000029933280620130630012609742624
0000029943280620130630015230967270
0000029953280620130640017026364330
0000029963280620130641010633050773
0000029973280620130642012395949754
0000029983280620130642012490249322
0000029993280620130644012399503378
0000030003280620130645015453612278
0000030013280620130645012205303491
0000030023280620130653012871852547
0000030033280620130653016558839491
0000030043280620130655016621902434
0000030053280620130656012811853547
0000030063280620130656012858675548
0000030073280620130658020439795154
0000030083280620130700013043315625
0000030093280620130700012151029095
0000030103280620130700014405876270
0000030113280620130700012492327045
0000030123280620130700012472772922
0000030133280620130700019030637644
0000030143280620130700012524402128
0000030153280620130701019004743637
0000030163280620130701013185946587
0000030173280620130701012755763541
0000030183280620130703019000064859
0000030193280620130703012887774583
0000030203280620130703013100642545
0000030213280620130703012434591746
0000030223280620130704012802421540
0000030233280620130704013725052890
0000030243280620130705012505603504
0000030253280620130706012282881631
0000030263280620130707012559977569
0000030273280620130707012674640563
0000030283280620130707012319710177
0000030293280620130709012420456450
0000030303280620130712012818195626
0000030313280620130716016873046818
0000030323280620130717013007692546
0000030333280620130720012874112587
0000030343280620130724013070461629
0000030353280620130726013401046585
0000030363280620130726012695871602
0000030373280620130728019035051265
0000030383280620130728012875486545
0000030393280620130730013217916548
0000030403280620130732012449888529
0000030413280620130735013296784011
0000030423280620130735014999031279
0000030433280620130736012041427045
0000030443280620130737013398653587
0000030453280620130742013203162546
0000030463280620130749012333684056
0000030473280620130749013321600586
0000030483280620130816013477138898
0000030493280620130817013107141584
0000030503280620130859019010804235
0000030513280620130859013119326541
0000030523280620131015002324542220
0000030533280620131843013477138898
0000030543280620131847013090076569
0000030553280620131847012735817549
0000030563280620131850012831422541
0000030573280620131853001306993412
0000030583280620131901013217892584
0000030593280620131902016558839491
0000030603280620131903013401049584
0000030613280620131903020136093765
0000030623280620131903012466389896
0000030633280620131903014999031279
0000030643280620131906012755763541
0000030653280620131911013213003602
0000030663280620131917010633050773
0000030673280620131926012544580609
0000030683280620131936012449888529
0000030693280620131941013119326541
0000030703280620131941013107141584
0000030713280620131942013217916548
0000030723280620131942020309244646
0000030733280620131947012473075206
0000030743280620132003012205303491
0000030753280620132021013398653587
0000030763290620130640010706821669
0000030773290620130640010706821669
0000030783290620130640013369088567
0000030793290620130641012524402128
0000030803290620130642022005112746
0000030813290620130642012063106373
0000030823290620130643012301355251
0000030833290620130643016056869459
0000030843290620130643020466386863
0000030853290620130643013401048588
0000030863290620130646010835146046
0000030873290620130649012774301582
0000030883290620130650012818195626
0000030893290620130651015557192275
0000030903290620130652012685193628
0000030913290620130656012153973831
0000030923290620130659015509633275
0000030933290620130700020309244646
0000030943290620130700012473075206
0000030953290620130700013020160625
0000030963290620130700020136093765
0000030973290620130700012420456450
0000030983290620130701001306993412
0000030993290620130701013090076569
0000031003290620130702016508246071
0000031013290620130703000123456789
0000031023290620130707013363882547
0000031033290620130707015453612278
0000031043290620130710019000064859
0000031053290620130711013100642545
0000031063290620130711012967588565
0000031073290620130712012466389896
0000031083290620130712012395949754
0000031093290620130714012735817549
0000031103290620130715020129742540
0000031113290620130716012858675548
0000031123290620130716019035051265
0000031133290620130716012399503378
0000031143290620130721012609742624
0000031153290620130723012831422541
0000031163290620130726012037990253
0000031173290620130726012544580609
0000031183290620130727012490249322
0000031193290620130729013217892584
0000031203290620130731012871852547
0000031213290620130733013185946587
0000031223290620130738017026364330
0000031233290620130744012811853547
0000031243290620130837012559977569
0000031253290620131113013317268629
0000031263290620131823013007692546
0000031273290620131844013355444544
0000031283290620131846012674640563
0000031293290620131849012434591746
0000031303290620131850012524402128
0000031313290620131850015697168601
0000031323290620131852012151029095
0000031333290620131852013725052890
0000031343290620131853012041427045
0000031353290620131854012777729621
0000031363290620131900012524402128
0000031373290620131903012301355251
0000031383290620131905013363882547
0000031393290620131905012037990253
0000031403290620131907010706821669
0000031413290620131907010706821669
0000031423290620131909012774301582
0000031433290620131910012887774583
0000031443290620131911013369088567
0000031453290620131913012818195626
0000031463290620131914012944436629
0000031473290620131914013317268629
0000031483290620131915012685193628
0000031493300620130627013244234274
0000031503300620130631012490398468
0000031513300620130633017018803649
0000031523300620130642013281658589
0000031533300620130642013137755548
0000031543300620130649013317268629
0000031553300620130649016558839491
0000031563300620130652012947497602
0000031573300620130652012411137437
0000031583300620130652012313272259
0000031593300620130653013184829587
0000031603300620130653012995319581
0000031613300620130655012466949662
0000031623300620130656012755763541
0000031633300620130656012537935634
0000031643300620130659015509633275
0000031653300620130700013355444544
0000031663300620130700013355444544
0000031673300620130700012674640563
0000031683300620130700013659261938
0000031693300620130700012205303491
0000031703300620130700012151029095
0000031713300620130701019013677145
0000031723300620130701012941754603
0000031733300620130703012777729621
0000031743300620130703016448281968
0000031753300620130707012363432195
0000031763300620130709012740695626
0000031773300620130710013020160625
0000031783300620130711012944436629
0000031793300620130711012449888529
0000031803300620130712012695871602
0000031813300620130714015697168601
0000031823300620130716020439795154
0000031833300620130716012524402128
0000031843300620130718013357916605
0000031853300620130718013401048588
0000031863300620130720010644130072
0000031873300620130721010644130072
0000031883300620130722012887774583
0000031893300620130723000123456789
0000031903300620130728012063106373
0000031913300620130728012153973831
0000031923300620130728012967588565
0000031933300620130729016056869459
0000031943300620130729012434591746
0000031953300620130730013725052890
0000031963300620130731020129742540
0000031973300620130732020129742540
0000031983300620130737020466386863
0000031993300620130737020466386863
0000032003300620130738015557192275
0000032013300620130738015557192275
0000032023300620130750010835146046
0000032033300620130829013007692546
0000032043300620130837010633050773
0000032053300620131810012466389896
0000032063300620131810020136093765
0000032073300620131829012544580609
0000032083300620131831012544580609
0000032093300620131831012544580609
0000032103300620131835019017505411
0000032113300620131840013090076569
0000032123300620131851012735817549
0000032133300620131853012831422541
0000032143300620131857010633050773
0000032153300620131857020439795154
0000032163300620131906013281658589
0000032173300620131916001306993412
0000032183300620131917016558839491
0000032193300620131926012755763541
0000032203300620131928012205303491
0000032213300620131929013379345600
0000032223010720130626013555034897
0000032233010720130637013369088567
0000032243010720130641010706821669
0000032253010720130647012462004515
0000032263010720130647012461872203
0000032273010720130649012685193628
0000032283010720130649010644130072
0000032293010720130649013400722625
0000032303010720130653012420505796
0000032313010720130654017044332178
0000032323010720130654020417205249
0000032333010720130655012858675548
0000032343010720130655001306993412
0000032353010720130655015697168601
0000032363010720130656013399807626
0000032373010720130656020075732046
0000032383010720130656012880912581
0000032393010720130656012880912581
0000032403010720130656012880912581
0000032413010720130656016035695427
0000032423010720130656012623581624
0000032433010720130656013363882547
0000032443010720130657020774970167
0000032453010720130658012833538563
0000032463010720130700012466389896
0000032473010720130701012490398468
0000032483010720130701016448281968
0000032493010720130702012447613379
0000032503010720130702012552868314
0000032513010720130707012411137437
0000032523010720130707020136093765
0000032533010720130708012313272259
0000032543010720130708012537935634
0000032553010720130710012735817549
0000032563010720130712012831422541
0000032573010720130717012995319581
0000032583010720130723013317268629
0000032593010720130723013244234274
0000032603010720130723013137755548
0000032613010720130727012301355251
0000032623010720130728012466949662
0000032633010720130730012947497602
0000032643010720130730013184829587
0000032653010720130737012740695626
0000032663010720130738012037990253
0000032673010720130741019013677145
0000032683010720130741017018803649
0000032693010720130751013119326541
0000032703010720130758012333684056
0000032713010720130816013320365621
0000032723010720130820013477138898
0000032733010720130822013107141584
0000032743010720130834021234567891
0000032753010720130834012544580609
0000032763010720130853002324542220
0000032773010720131727013320365621
0000032783010720131804013477138898
0000032793010720131839012524402128
0000032803010720131847012674640563
0000032813010720131855012151029095
0000032823010720131905012685193628
0000032833010720131906012887774583
0000032843010720131907021234567891
0000032853010720131908012037990253
0000032863010720131908013369088567
0000032873010720131908019019769882
0000032883010720131910013725052890
0000032893010720131913013107141584
0000032903010720131913013284343341
0000032913010720131914013119326541
0000032923010720131916012434591746
0000032933010720131917013007692546
0000032943010720131919010706821669
0000032953010720131919010706821669
0000032963010720131924019042298025
0000032973010720131927012301355251
0000032983010720131932011574311888
0000032993010720132025013363882547
0000033003020720130511019042298025
0000033013020720130511013284343341
0000033023020720130620012920097565
0000033033020720130625013213003602
0000033043020720130634012816670580
0000033053020720130635016621902434
0000033063020720130640019046327313
0000033073020720130643015453612278
0000033083020720130648010633050773
0000033093020720130651020439795154
0000033103020720130651013070461629
0000033113020720130651013281658589
0000033123020720130651012184621465
0000033133020720130653016558839491
0000033143020720130653012260374443
0000033153020720130654012205303491
0000033163020720130654012777729621
0000033173020720130654012677303622
0000033183020720130655012754949609
0000033193020720130655017044332178
0000033203020720130656013093593580
0000033213020720130656013051374813
0000033223020720130659013328123589
0000033233020720130700020075732046
0000033243020720130700013400722625
0000033253020720130700020774970167
0000033263020720130700012462004515
0000033273020720130700012461872203
0000033283020720130701012800428580
0000033293020720130702012695871602
0000033303020720130703012524402128
0000033313020720130704012755763541
0000033323020720130705012929600588
0000033333020720130705012880912581
0000033343020720130706012151029095
0000033353020720130707013555034897
0000033363020720130711012903261603
0000033373020720130713012434591746
0000033383020720130713012674640563
0000033393020720130715013725052890
0000033403020720130715013399807626
0000033413020720130721012449888529
0000033423020720130721019013677145
0000033433020720130724012623581624
0000033443020720130725013296784011
0000033453020720130726016035695427
0000033463020720130726020417205249
0000033473020720130726013007692546
0000033483020720130727019020200863
0000033493020720130747012420505796
0000033503020720130747012858675548
0000033513020720130747015697168601
0000033523020720130750012833538563
0000033533020720130820013320365621
0000033543020720130822013107141584
0000033553020720130823013477138898
0000033563020720130840013119326541
0000033573020720130843012827624607
0000033583020720130923020155059615
0000033593020720131813013320365621
0000033603020720131839013477138898
0000033613020720131841013090076569
0000033623020720131841012466389896
0000033633020720131843012831422541
0000033643020720131854020136093765
0000033653020720131901010633050773
0000033663020720131902012449888529
0000033673020720131902019013677145
0000033683020720131902019017505411
0000033693020720131903012851782241
0000033703020720131908016558839491
0000033713020720131911012755763541
0000033723020720131913001306993412
0000033733020720131914012735817549
0000033743020720131914013281658589
0000033753020720131919013296784011
0000033763020720131931012827624607
0000033773020720131934014420610278
0000033783020720131934013112801082
0000033793020720131952013119326541
0000033803020720131952013107141584
0000033813020720132049013392662606
0000033823020720132101012205303491
0000033833030720130627010706821669
0000033843030720130627010706821669
0000033853030720130630013203162546
0000033863030720130642013401046585
0000033873030720130643019004743637
0000033883030720130644013363882547
0000033893030720130644013043315625
0000033903030720130645012555051696
0000033913030720130648013659261938
0000033923030720130650012965982541
0000033933030720130650016878978638
0000033943030720130652013321600586
0000033953030720130652012875486545
0000033963030720130653012334945570
0000033973030720130653013369520620
0000033983030720130654013369088567
0000033993030720130654012319710177
0000034003030720130656013119326541
0000034013030720130658013090076569
0000034023030720130659013213003602
0000034033030720130659013317268629
0000034043030720130700012777729621
0000034053030720130700013328123589
0000034063030720130700012677303622
0000034073030720130700013401850546
0000034083030720130700013051374813
0000034093030720130700015453612278
0000034103030720130701012929600588
0000034113030720130701012685193628
0000034123030720130701012818195626
0000034133030720130702019046327313
0000034143030720130702016621902434
0000034153030720130702012282881631
0000034163030720130702012466389896
0000034173030720130703013093593580
0000034183030720130704020136093765
0000034193030720130704012472772922
0000034203030720130705012831422541
0000034213030720130705000213656981
0000034223030720130707012037990253
0000034233030720130707012260374443
0000034243030720130708012874112587
0000034253030720130713012857629542
0000034263030720130714012816670580
0000034273030720130714012920097565
0000034283030720130714013296784011
0000034293030720130716019017505411
0000034303030720130719012735817549
0000034313030720130720012800428580
0000034323030720130720012390433490
0000034333030720130724012903261603
0000034343030720130725012754949609
0000034353030720130726012184621465
0000034363030720130727013398653587
0000034373030720130731012544580609
0000034383030720130737013392662606
0000034393030720130803012301355251
0000034403030720130818013107141584
0000034413030720130818012333684056
0000034423030720130833020609833221
0000034433030720130839013477138898
0000034443030720130932019019769882
0000034453030720131446013363882547
