0000219023300920131720012333684056
0000219033300920131826020774970167
0000219043300920131850012466389896
0000219053300920131850013090076569
0000219063300920131853001306993412
0000219073300920131854012831422541
0000219083300920131856012184621465
0000219093300920131856013317268629
0000219103300920131900012558608543
0000219113300920131900012041427045
0000219123300920131901012735817549
0000219133300920131901012695871602
0000219143300920131902010814094594
0000219153300920131904014299215784
0000219163300920131908012449888529
0000219173300920131908012435272180
0000219183300920131912017017226737
0000219193300920131914012755763541
0000219203300920131922018087972363
0000219213300920131925013391062583
0000219223300920131932012685193628
0000219233300920131933013284343341
0000219243300920131935013107141584
0000219253300920132050010323336598
0000219263300920132105019010804235
0000219273011020130507013284343341
0000219283011020130625013391062583
0000219293011020130643017017226737
0000219303011020130653013369088567
0000219313011020130655013051374813
0000219323011020130657013213003602
0000219333011020130657012558608543
0000219343011020130657013355444544
0000219353011020130657012800428580
0000219363011020130658012411400308
0000219373011020130658012659606589
0000219383011020130658013203162546
0000219393011020130658012334945570
0000219403011020130658012871852547
0000219413011020130658013331206627
0000219423011020130658012472772922
0000219433011020130659012282881631
0000219443011020130659013401850546
0000219453011020130659013363882547
0000219463011020130659012492327045
0000219473011020130659012037990253
0000219483011020130700012903261603
0000219493011020130700013321600586
0000219503011020130700013401046585
0000219513011020130701012319710177
0000219523011020130701013070461629
0000219533011020130701012875486545
0000219543011020130702012466389896
0000219553011020130702019004743637
0000219563011020130703012754949609
0000219573011020130703010814094594
0000219583011020130704012831422541
0000219593011020130704019037958373
0000219603011020130705012920097565
0000219613011020130705013093593580
0000219623011020130706013400722625
0000219633011020130707012865671609
0000219643011020130707012777729621
0000219653011020130707019020200863
0000219663011020130708020155059615
0000219673011020130708012532680158
0000219683011020130708012041427045
0000219693011020130709012816670580
0000219703011020130709012260374443
0000219713011020130709013290933562
0000219723011020130709012874112587
0000219733011020130709012735817549
0000219743011020130711012818195626
0000219753011020130711013090076569
0000219763011020130711012447613379
0000219773011020130711012929600588
0000219783011020130712010706821669
0000219793011020130712013403376604
0000219803011020130712019013677145
0000219813011020130712013281658589
0000219823011020130716019046327313
0000219833011020130716013317268629
0000219843011020130717013328123589
0000219853011020130719012991638119
0000219863011020130719012965982541
0000219873011020130725019010804235
0000219883011020130730013119326541
0000219893011020130746013320365621
0000219903011020130753012333684056
0000219913011020130820012833538563
0000219923011020130821010323336598
0000219933011020130822013107141584
0000219943011020130848012827624607
0000219953011020130950010098692434
0000219963011020131011012807241567
0000219973011020131615012807241567
0000219983011020131706012333684056
0000219993011020131709013320365621
0000220003011020131820013119326541
0000220013011020131828013107141584
0000220023011020131856019020200863
0000220033011020131856020155059615
0000220043011020131859010098692434
0000220053011020131900012524402128
0000220063011020131900012887774583
0000220073011020131901012151029095
0000220083011020131901012827624607
0000220093011020131901012827624607
0000220103011020131902012532680158
0000220113011020131903013363882547
0000220123011020131905013331206627
0000220133011020131905013007692546
0000220143011020131906019013677145
0000220153011020131908012037990253
0000220163011020131908013369088567
0000220173011020131913012434591746
0000220183011020131919010706821669
0000220193011020131920010706821669
0000220203011020131920012411400308
0000220213011020131920013290933562
0000220223011020131927013725052890
0000220233011020131934014779706277
0000220243011020131952010323336598
0000220253011020131954011995374975
0000220263011020132001013392662606
0000220273011020132020019038656575
0000220283021020130622012434591746
0000220293021020130642012783438625
0000220303021020130653019038656575
0000220313021020130653013369520620
0000220323021020130654012811853547
0000220333021020130654012609742624
0000220343021020130654012490249322
0000220353021020130654012395949754
0000220363021020130655012685193628
0000220373021020130655012802421540
0000220383021020130700012492327045
0000220393021020130700012858675548
0000220403021020130701012871852547
0000220413021020130701012755763541
0000220423021020130701012399503378
0000220433021020130701019004743637
0000220443021020130701013401850546
0000220453021020130701012472772922
0000220463021020130702012558608543
0000220473021020130702017026364330
0000220483021020130702012301355251
0000220493021020130702013392662606
0000220503021020130702013403376604
0000220513021020130702012991638119
0000220523021020130703016878978638
0000220533021020130703000213656981
0000220543021020130703012674640563
0000220553021020130703013255966565
0000220563021020130703012524402128
0000220573021020130703013725052890
0000220583021020130703013213003602
0000220593021020130704012492116249
0000220603021020130704013185946587
0000220613021020130704012435272180
0000220623021020130704013290933562
0000220633021020130704013217892584
0000220643021020130704012282881631
0000220653021020130705012559977569
0000220663021020130706012816670580
0000220673021020130707012695871602
0000220683021020130707012857629542
0000220693021020130707013070461629
0000220703021020130707012151029095
0000220713021020130707012319710177
0000220723021020130709012659606589
0000220733021020130710010329034658
0000220743021020130710012875486545
0000220753021020130711012390433490
0000220763021020130711012800428580
0000220773021020130711012874112587
0000220783021020130712013401046585
0000220793021020130712012887774583
0000220803021020130717013203162546
0000220813021020130721013401049584
0000220823021020130726013007692546
0000220833021020130726012449888529
0000220843021020130728019035051265
0000220853021020130740013398653587
0000220863021020130741012920097565
0000220873021020130741013321600586
0000220883021020130742012333684056
0000220893021020130743012333383161
0000220903021020130745013320365621
0000220913021020130752012818195626
0000220923021020130834013107141584
0000220933021020130844013119326541
0000220943021020130926010323336598
0000220973021020130935012807241567
0000220983021020130946020609833221
0000220993021020131002013320365621
0000221003021020131546012807241567
0000221013021020131546012807241567
0000221023021020131705013119326541
0000221033021020131706013107141584
0000221043021020131853012783438625
0000221053021020131857013090076569
0000221063021020131857012735817549
0000221073021020131857012041427045
0000221083021020131857012831422541
0000221093021020131900013290933562
0000221103021020131900012466389896
0000221113021020131900012685193628
0000221123021020131902010781784058
0000221133021020131905012333383161
0000221143021020131906012695871602
0000221153021020131908012449888529
0000221163021020131910012755763541
0000221173021020131914001306993412
0000221183021020131915012301355251
0000221193021020131927020609833221
0000221203021020131930019033931071
0000221213021020131936019045135046
0000221223021020131944013398653587
0000221233021020131948015677249274
0000221243021020132008000213656981
0000221253031020130655012411400308
0000221263031020130655018194979736
0000221273031020130655013369088567
0000221283031020130655010835146046
0000221293031020130655012532680158
0000221303031020130656013317268629
0000221313031020130656010706821669
0000221323031020130657013331206627
0000221333031020130657000123456789
0000221343031020130658022005112746
0000221353031020130658013100642545
0000221363031020130659016056869459
0000221373031020130659013401048588
0000221383031020130659012941754603
0000221393031020130700013090076569
0000221403031020130701012857629542
0000221413031020130701012037990253
0000221423031020130701012558608543
0000221433031020130701012492116249
0000221443031020130701013363882547
0000221453031020130701012735817549
0000221463031020130701016873046818
0000221473031020130702010329034658
0000221483031020130702012435272180
0000221493031020130702012041427045
0000221503031020130702013137755548
0000221513031020130702012811853547
0000221523031020130703001306993412
0000221533031020130703012420456450
0000221543031020130703020466386863
0000221553031020130703014405876270
0000221563031020130707016878978638
0000221573031020130708019013677145
0000221583031020130709012831422541
0000221593031020130709013399807626
0000221603031020130709012609742624
0000221613031020130709012858675548
0000221623031020130710013255966565
0000221633031020130710012466389896
0000221643031020130710013153038561
0000221653031020130711016508246071
0000221663031020130715012967588565
0000221673031020130717020129742540
0000221683031020130718013112801082
0000221693031020130718012399503378
0000221703031020130724013185946587
0000221713031020130724019035051265
0000221723031020130725017026364330
0000221733031020130726017026364330
0000221743031020130728013296784011
0000221753031020130728012802421540
0000221763031020130729012395949754
0000221773031020130729012390433490
0000221783031020130735013401049584
0000221793031020130738012490249322
0000221803031020130739020155059615
0000221813031020130739012333684056
0000221823031020130745012827624607
0000221833031020130746012944436629
0000221843031020130751013217892584
0000221853031020130751012559977569
0000221863031020130803013320365621
0000221873031020131007013107141584
0000221883031020131040010323336598
