0000156653290820131740013477138898
0000156663290820131812013119326541
0000156673290820131812013107141584
0000156683290820131838012735817549
0000156693290820131840001306993412
0000156703290820131847012466389896
0000156713290820131848012831422541
0000156723290820131850012435272180
0000156733290820131851013296784011
0000156743290820131851012411137437
0000156753290820131853011678310993
0000156763290820131854016558839491
0000156773290820131856020942442053
0000156783290820131856012755763541
0000156793290820131903010814094594
0000156803290820131903012827624607
0000156813290820131905019013677145
0000156823290820131910015677249274
0000156833290820131910012695871602
0000156843290820131913012944436629
0000156853290820131914013090076569
0000156863290820131914010781784058
0000156873290820131916012301355251
0000156883290820131920012449888529
0000156893290820131924012941754603
0000156923290820132032019038656575
0000156933290820132032012807241567
0000156943300820130621012740695626
0000156953300820130625010706821669
0000156963300820130628013555034897
0000156973300820130637015453612278
0000156983300820130644012461872203
0000156993300820130644012462004515
0000157003300820130646017044332178
0000157013300820130647013399807626
0000157023300820130650012552868314
0000157033300820130650012858675548
0000157043300820130651012411400308
0000157053300820130653013659261938
0000157063300820130654012037990253
0000157073300820130654020075732046
0000157083300820130654013369088567
0000157093300820130655013331206627
0000157103300820130658012623581624
0000157113300820130659020417205249
0000157123300820130659013363882547
0000157133300820130701014405876270
0000157143300820130701010329034658
0000157153300820130702012685193628
0000157163300820130702012880912581
0000157173300820130702012880912581
0000157183300820130702012688341547
0000157193300820130703012313272259
0000157203300820130703012466949662
0000157213300820130703015697168601
0000157223300820130704012435272180
0000157233300820130705012505603504
0000157243300820130705011678310993
0000157253300820130706011678310993
0000157263300820130706012411137437
0000157273300820130707012735817549
0000157283300820130708010814094594
0000157293300820130711012301355251
0000157303300820130712016035695427
0000157313300820130713013153038561
0000157323300820130713012807241567
0000157333300820130713012807241567
0000157343300820130717012532680158
0000157353300820130718013296784011
0000157363300820130718013137755548
0000157373300820130719013184829587
0000157383300820130719010644130072
0000157393300820130720012490398468
0000157403300820130721014999031279
0000157413300820130722012420456450
0000157423300820130723012951632543
0000157433300820130723019017505411
0000157443300820130723016873046818
0000157453300820130723013357916605
0000157463300820130726012420439084
0000157473300820130739020609833221
0000157483300820130740012947497602
0000157493300820130740013398653587
0000157503300820130743012851782241
0000157513300820130755013244234274
0000157523300820130802013100642545
0000157533300820130813013320365621
0000157543300820130824013477138898
0000157553300820130858002324542220
0000157563300820130927010323336598
0000157573300820131737013477138898
0000157583300820131803013320365621
0000157593300820131829012041427045
0000157603300820131838012827624607
0000157613300820131845012524402128
0000157623300820131848012674640563
0000157633300820131850012151029095
0000157643300820131858012558608543
0000157653300820131859012887774583
0000157663300820131900012532680158
0000157673300820131904012037990253
0000157683300820131906013369088567
0000157693300820131907013725052890
0000157703300820131910011678310993
0000157713300820131910014999031279
0000157723300820131910012685193628
0000157733300820131911010706821669
0000157743300820131913012411400308
0000157753300820131918013007692546
0000157763300820131920012434591746
0000157773300820131940013398653587
0000157783300820131941020609833221
0000157793300820131943013331206627
0000157803300820132001012473075206
0000157813300820132001020309244646
0000157843300820132025013342736541
0000157853300820132129013399807626
0000157863310820130636012755763541
0000157873310820130636012184621465
0000157883310820130645020439795154
0000157893310820130645010781784058
0000157903310820130648013093593580
0000157913310820130651013177673569
0000157923310820130651013281658589
0000157933310820130651013401048588
0000157943310820130651012555051696
0000157953310820130653012754949609
0000157963310820130653013328123589
0000157973310820130654013725052890
0000157983310820130655012205303491
0000157993310820130655019046327313
0000158003310820130656013051374813
0000158013310820130656020309244646
0000158023310820130656012887774583
0000158033310820130659012558608543
0000158043310820130659013020160625
0000158053310820130700012260374443
0000158063310820130700012151029095
0000158073310820130702012461872203
0000158083310820130702016558839491
0000158093310820130703016621902434
0000158103310820130703012334945570
0000158113310820130704012677303622
0000158123310820130705012333383161
0000158133310820130705015509633275
0000158143310820130706012524402128
0000158153310820130706015453612278
0000158163310820130708020075732046
0000158173310820130709017044332178
0000158183310820130709012434591746
0000158193310820130710013342736541
0000158203310820130710013153038561
0000158213310820130710015697168601
0000158223310820130711012473075206
0000158233310820130712012827624607
0000158243310820130712012827624607
0000158253310820130713012462004515
0000158263310820130713013007692546
0000158273310820130713014084176520
0000158283310820130715012449888529
0000158293310820130716012695871602
0000158303310820130717016035695427
0000158313310820130718020417205249
0000158323310820130718012965982541
0000158333310820130718012880912581
0000158343310820130718013555034897
0000158353310820130718012858675548
0000158363310820130721012623581624
0000158373310820130722010329034658
0000158383310820130726012688341547
0000158393310820130728012903261603
0000158403310820130734012552868314
0000158413310820130754020155059615
0000158423310820130754019020200863
0000158433310820130809020942442053
0000158443310820130816012740695626
0000158453310820130827012505603504
0000158463310820131226013217892584
0000158473310820131821010658219518
0000158483310820131822010658219518
0000158493310820131835012466389896
0000158503310820131838010814094594
0000158513310820131847016558839491
0000158523310820131849012831422541
0000158533310820131853012755763541
0000158543310820131900020155059615
0000158553310820131901019020200863
0000158563310820131902012735817549
0000158573310820131905012333383161
0000158583310820131906010781784058
0000158593310820131907012301355251
0000158603310820131908020439795154
0000158613310820131910012449888529
0000158623310820131911020942442053
0000158633310820131920019033931071
0000158643310820131920012695871602
0000158653310820131926001306993412
0000158663310820131946012944436629
0000158673310820131948012473075206
0000158683310820132214012205303491
0000158693310820132217012435272180
0000158703010920130624013203162546
0000158713010920130628012411400308
0000158723010920130634013331206627
0000158733010920130634013401850546
0000158743010920130634013213003602
0000158753010920130640013555034897
0000158763010920130644019004743637
0000158773010920130644013401046585
0000158783010920130647012492327045
0000158793010920130647012319710177
0000158803010920130648013369088567
0000158813010920130651012466949662
0000158823010920130651012532680158
0000158833010920130652013255966565
0000158843010920130653020439795154
0000158853010920130653014084176520
0000158863010920130653012944436629
0000158873010920130653012472772922
0000158883010920130654017018803649
0000158893010920130658012537935634
0000158903010920130658013217892584
0000158913010920130659013051374813
0000158923010920130659001306993412
0000158933010920130700012435272180
0000158943010920130700015509633275
0000158953010920130701010706821669
0000158963010920130701010706821669
0000158973010920130702012685193628
0000158983010920130702012473075206
0000158993010920130702013281658589
0000159003010920130703012818195626
0000159013010920130703012995319581
0000159023010920130703019046327313
0000159033010920130704019017489882
0000159043010920130704016621902434
0000159053010920130706019033931071
0000159063010920130710012260374443
0000159073010920130710012334945570
0000159083010920130710012282881631
0000159093010920130710013321600586
0000159103010920130711012735817549
0000159113010920130711012301355251
0000159123010920130712012677303622
0000159133010920130713012831422541
0000159143010920130714013020160625
0000159153010920130717013177673569
0000159163010920130717013401048588
0000159173010920130718012754949609
0000159183010920130718013328123589
0000159193010920130718012903261603
0000159203010920130718010814094594
0000159213010920130723019013677145
0000159223010920130726012965982541
0000159233010920130728012555051696
0000159243010920130731012875486545
0000159253010920130837012037990253
0000159263010920131107010323336598
0000159273010920131826013007692546
0000159283010920131831012524402128
0000159293010920131841013331206627
0000159303010920131844010658219518
0000159313010920131844010658219518
0000159323010920131844012434591746
0000159333010920131844012041427045
0000159343010920131846013725052890
0000159353010920131850012151029095
0000159363010920131852012411400308
0000159373010920131854012674640563
0000159383010920131854010706821669
0000159393010920131854012910452621
0000159403010920131855012732466605
0000159413010920131900012532680158
0000159423010920131901012685193628
0000159433010920131908012995319581
0000159443010920131910012887774583
0000159453010920131911012037990253
0000159463010920131912013369088567
0000159473010920131918020774970167
0000159483010920131936019045135046
0000159493010920131937012851782241
0000159503020920130538012732466605
0000159513020920130538012910452621
0000159523020920130628012609742624
0000159533020920130636012492116249
0000159543020920130636012490249322
0000159553020920130641010781784058
0000159563020920130645013400722625
0000159573020920130645012659606589
0000159583020920130645012811853547
0000159593020920130647012395949754
0000159603020920130650019000064859
0000159613020920130650017026364330
0000159623020920130655013217892584
0000159633020920130655012833538563
0000159643020920130657012205303491
0000159653020920130657016558839491
0000159663020920130659020439795154
0000159673020920130700012674640563
0000159683020920130700017018803649
0000159693020920130701012887774583
0000159703020920130702012558608543
0000159713020920130702012492327045
0000159723020920130703012447613379
0000159733020920130704012524402128
0000159743020920130704012399503378
0000159753020920130706013213003602
0000159763020920130706012434591746
0000159773020920130706013725052890
0000159783020920130707012041427045
0000159793020920130708012695871602
0000159803020920130709012755763541
0000159813020920130713012802421540
0000159823020920130715012151029095
0000159833020920130716013555034897
0000159843020920130718013401049584
0000159853020920130718012449888529
0000159863020920130719013185946587
0000159873020920130722012559977569
0000159883020920130722012466949662
0000159893020920130723012537935634
0000159903020920130728013321600586
0000159913020920130728019037958373
0000159923020920130729012282881631
0000159933020920130732012818195626
0000159943020920130733012319710177
0000159953020920130733013401046585
0000159963020920130734019004743637
0000159973020920130734012875486545
0000159983020920130736012472772922
0000159993020920130736013401850546
0000160003020920130736013255966565
0000160013020920130738019017489882
0000160023020920130740013203162546
0000160033020920130740011995374975
0000160043020920130805012333684056
0000160053020920130808013119326541
0000160063020920130810013107141584
0000160073020920130810013007692546
0000160083020920130818013320365621
0000160093020920130819013477138898
0000160103020920130835018087972363
0000160133020920130935010323336598
0000160143020920131013012807241567
0000160153020920131300012333684056
0000160163020920131352002324542220
0000160173020920131612012807241567
0000160183020920131649012449888529
0000160193020920131659013320365621
0000160203020920131731013119326541
0000160213020920131732013107141584
0000160223020920131733013477138898
0000160233020920131820020774970167
0000160243020920131830012735817549
0000160253020920131834013090076569
0000160263020920131838012466389896
0000160273020920131842010814094594
0000160283020920131844001306993412
0000160293020920131846012831422541
0000160303020920131858016558839491
0000160313020920131858020439795154
0000160323020920131900012435272180
0000160333020920131900012755763541
0000160343020920131904012695871602
0000160353020920131906011995374975
0000160363020920131907010781784058
0000160373020920131908012995319581
0000160383020920131915018087972363
0000160393020920131916012301355251
0000160403020920131918013391062583
0000160413020920131921013284343341
0000160423020920131921013284343341
0000160433020920131922017017226737
0000160443020920131929011574311888
0000160453020920131947012205303491
0000160463020920132020019038656575
0000160473030920130618012920097565
0000160483030920130625012816670580
0000160493030920130629012411400308
0000160503030920130629012411400308
0000160513030920130634012411400308
0000160523030920130634012411400308
0000160533030920130644010835146046
0000160543030920130646013403376604
0000160553030920130646012532680158
0000160563030920130647012153973831
0000160573030920130647018194979736
0000160583030920130648012774301582
0000160593030920130649017017226737
0000160603030920130651012037990253
0000160613030920130654013331206627
0000160623030920130654013296784011
0000160633030920130654013317268629
0000160643030920130655013369088567
0000160653030920130656012466389896
0000160663030920130656012395949754
0000160673030920130656012941754603
0000160683030920130657012063106373
0000160693030920130657020466386863
0000160703030920130659013363882547
0000160713030920130659012685193628
0000160723030920130700012492116249
0000160733030920130701001306993412
0000160743030920130701012435272180
0000160753030920130701012831422541
0000160763030920130702022005112746
0000160773030920130702016508246071
0000160783030920130704013090076569
0000160793030920130704012609742624
0000160803030920130705013137755548
0000160813030920130706016056869459
0000160823030920130706013401048588
0000160833030920130706013217892584
0000160843030920130707012558608543
0000160853030920130707012301355251
0000160863030920130708010814094594
0000160873030920130708013400722625
0000160883030920130709019013677145
0000160893030920130709012490249322
0000160903030920130710012967588565
0000160913030920130710012995319581
0000160923030920130711000123456789
0000160933030920130711012800428580
0000160943030920130711020129742540
0000160953030920130715019020200863
0000160963030920130715020155059615
0000160973030920130717019037958373
0000160983030920130722012735817549
0000160993030920130726012833538563
0000161003030920130729019000064859
0000161013030920130731017026364330
0000161023030920130731012559977569
0000161033030920130731012811853547
0000161043030920130734013185946587
0000161053030920130734013401049584
0000161063030920130734012991638119
0000161073030920130736012399503378
0000161083030920130746012807241567
0000161093030920130750012447613379
0000161103030920130751012802421540
0000161113030920130801012333684056
0000161123030920130802012827624607
0000161133030920130803013320365621
0000161143030920130812013477138898
0000161153030920130945010098692434
0000161163030920131013011995374975
0000161173030920131700013320365621
0000161183030920131701012333684056
0000161193030920131737013477138898
0000161203030920131839012524402128
0000161213030920131843012434591746
0000161223030920131843012685193628
0000161233030920131848012151029095
0000161243030920131848013007692546
0000161253030920131850012887774583
0000161263030920131853010098692434
0000161273030920131853010706821669
0000161283030920131853012411400308
0000161293030920131854012674640563
0000161303030920131859019020200863
0000161313030920131859020155059615
0000161323030920131859020155059615
0000161333030920131902013725052890
0000161343030920131903013296784011
0000161353030920131903012532680158
0000161363030920131904012827624607
0000161373030920131905013363882547
0000161383030920131905012827624607
0000161393030920131905012037990253
0000161403030920131906013369088567
0000161413030920131907013331206627
0000161423030920131909012041427045
0000161433030920131911012965621115
0000161443030920131939014779706277
0000161453030920132011013392662606
0000161463030920132012011574311888
0000161473030920132012019038656575
0000161483040920130520012965621115
0000161493040920130633013244234274
0000161503040920130639012490398468
0000161513040920130641013070461629
0000161523040920130644010781784058
0000161533040920130648012313272259
0000161543040920130648013369520620
0000161553040920130648016558839491
0000161563040920130650000213656981
0000161573040920130651012363432195
0000161583040920130651012755763541
0000161593040920130652013659261938
0000161603040920130653013357916605
0000161613040920130653012951632543
0000161623040920130655012783438625
0000161633040920130655012411137437
0000161643040920130655019038656575
0000161653040920130658012555051696
0000161663040920130700013403376604
0000161673040920130700012041427045
0000161683040920130701012151029095
0000161693040920130701012857629542
0000161703040920130702012816670580
0000161713040920130703013296784011
0000161723040920130704012434591746
0000161733040920130706000123456789
0000161743040920130708012754949609
0000161753040920130708012674640563
0000161763040920130708012153973831
0000161773040920130709016878978638
0000161783040920130709012695871602
0000161793040920130712012941754603
0000161803040920130712013725052890
0000161813040920130714012205303491
0000161823040920130714013184829587
0000161833040920130714013317268629
0000161843040920130715020129742540
0000161853040920130715013392662606
0000161863040920130715011995374975
0000161873040920130716012887774583
0000161883040920130717013007692546
0000161893040920130717022005112746
0000161903040920130718020439795154
0000161913040920130718012063106373
0000161923040920130719012967588565
0000161933040920130719012532680158
0000161943040920130720012947497602
0000161953040920130720019017505411
0000161963040920130720010644130072
0000161973040920130721010835146046
0000161983040920130721020466386863
0000161993040920130721016508246071
0000162003040920130724012774301582
0000162013040920130724016056869459
0000162023040920130724013137755548
0000162033040920130730013401048588
0000162043040920130743012390433490
0000162053040920130747020609833221
0000162063040920130757012333684056
0000162073040920130758013398653587
0000162083040920130805010323336598
0000162093040920130823013477138898
0000162103040920130825013320365621
0000162113040920130827013119326541
0000162123040920130829013107141584
0000162133040920130837012333383161
0000162143040920130947012807241567
0000168673040920131511012807241567
0000168683040920131703013320365621
0000168693040920131715012333684056
0000168703040920131729013477138898
0000168713040920131729013119326541
0000168723040920131730013107141584
0000168733040920131836012735817549
0000168743040920131838001306993412
0000168753040920131838013090076569
0000168763040920131839012466389896
0000168773040920131846013093593580
0000168783040920131847012783438625
0000168793040920131848013369520620
0000168803040920131852012831422541
0000168813040920131852012435272180
0000168823040920131852012301355251
0000168833040920131859012755763541
0000168843040920131902012695871602
0000168853040920131905012532680158
0000168863040920131911010781784058
0000168873040920131915020439795154
0000168883040920131916020609833221
0000168893040920131918013399807626
0000168903040920131921019033931071
0000168913040920131925019045135046
0000168923040920131942013398653587
0000168933040920131942013398653587
0000168943040920131943012205303491
0000168953040920131944000213656981
0000168963040920132007020942442053
0000168973040920132013015677249274
0000168983040920132024019010804235
0000168993050920130628019033931071
0000169003050920130637013331206627
0000169013050920130641012420505796
0000169023050920130645012411400308
0000169033050920130646012623581624
0000169043050920130646016035695427
0000169053050920130647013100642545
0000169063050920130648012754949609
0000169073050920130649017044332178
0000169083050920130649012462004515
0000169093050920130649012461872203
0000169103050920130654012858675548
0000169113050920130659013369088567
0000169123050920130659014405876270
0000169133050920130700001306993412
0000169143050920130701012685193628
0000169153050920130701013090076569
0000169163050920130703013363882547
0000169173050920130704012688341547
0000169183050920130706012435272180
0000169193050920130706010644130072
0000169203050920130707013296784011
0000169213050920130708016558839491
0000169223050920130708012555051696
0000169233050920130713012037990253
0000169243050920130713012411137437
0000169253050920130713020417205249
0000169263050920130713015697168601
0000169273050920130714012301355251
0000169283050920130715013555034897
0000169293050920130717020075732046
0000169303050920130717012880912581
0000169313050920130717012880912581
0000169323050920130718012831422541
0000169333050920130718016878978638
0000169343050920130718016873046818
0000169353050920130722013153038561
0000169363050920130722012857629542
0000169373050920130723012552868314
0000169383050920130723012313272259
0000169393050920130724012505603504
0000169403050920130726012735817549
0000169413050920130728013399807626
0000169423050920130729012532680158
0000169433050920130730012390433490
0000169443050920130731012363432195
0000169453050920130731013184829587
0000169463050920130732013112801082
0000169473050920130736019010804235
0000169483050920130736019017505411
0000169493050920130737020155059615
0000169503050920130739012951632543
0000169513050920130739013357916605
0000169523050920130740010706821669
0000169533050920130740010706821669
0000169543050920130744012827624607
0000169553050920130749013070461629
0000169563050920130755012947497602
0000169573050920130755013244234274
0000169583050920130800012490398468
0000169593050920130808012333684056
0000169603050920130814013119326541
0000169613050920130823013107141584
0000169623050920130827012944436629
0000169633050920130829013477138898
0000169643050920131202012420505796
0000169653050920131606010323336598
0000169663050920131646013007692546
0000169673050920131724012333684056
0000169683050920131815013477138898
0000169693050920131830013331206627
0000169703050920131836012524402128
0000169713050920131836012887774583
0000169723050920131836012674640563
0000169733050920131840015230967270
0000169743050920131841013363882547
0000169753050920131845020155059615
0000169763050920131847012151029095
0000169773050920131852012041427045
0000169783050920131852012434591746
0000169793050920131853012827624607
0000169803050920131900012411400308
0000169813050920131901015677249274
0000169823050920131901012532680158
0000169833050920131903013119326541
0000169843050920131903013107141584
0000169853050920131903020942442053
0000169863050920131904019013677145
0000169873050920131912012851782241
0000169883050920131914012944436629
0000169893050920131916013369088567
0000169903050920131917011678310993
0000169913050920131917012807241567
0000169923050920131918012685193628
0000169933050920131935013296784011
0000169943050920132004013370098546
0000169953050920132021013725052890
0000169963060920130625015230967270
0000169973060920130634015453612278
0000169983060920130635010781784058
0000169993060920130644013355444544
0000170003060920130651012472772922
0000170013060920130655011678310993
0000170023060920130655011678310993
0000170033060920130656013281658589
0000170043060920130657013051374813
0000170053060920130658012434591746
0000170063060920130658013328123589
0000170073060920130658012903261603
0000170083060920130700020075732046
0000170093060920130700012041427045
0000170103060920130700012461872203
0000170113060920130700013153038561
0000170123060920130700012260374443
0000170133060920130701017044332178
0000170143060920130701019046327313
0000170153060920130701013093593580
0000170163060920130701001306993412
0000170173060920130702012524402128
0000170183060920130703014405876270
0000170193060920130703012151029095
0000170203060920130703012151029095
0000170213060920130705012777729621
0000170223060920130706020439795154
0000170233060920130706012184621465
0000170243060920130708012334945570
0000170253060920130708012462004515
0000170263060920130709012688341547
0000170273060920130709012205303491
0000170283060920130709012887774583
0000170293060920130710012674640563
0000170303060920130710012420456450
0000170313060920130711013725052890
0000170323060920130711016873046818
0000170333060920130711010329034658
0000170343060920130712013555034897
0000170353060920130712012880912581
0000170363060920130713012965982541
0000170373060920130713012695871602
0000170383060920130713013398653587
0000170393060920130713016056869459
0000170403060920130713013007692546
0000170413060920130713012449888529
0000170423060920130715016035695427
0000170433060920130722020417205249
0000170443060920130724013399807626
0000170453060920130725012623581624
0000170463060920130726012807241567
0000170473060920130726012807241567
0000170483060920130730012858675548
0000170493060920130730015697168601
0000170503060920130745012552868314
0000170513060920130745012552868314
0000170523060920130745012552868314
0000170533060920130747012740695626
0000170543060920130750013296784011
0000170553060920130754013100642545
0000170563060920130800020609833221
0000170573060920130811012851782241
0000170583060920130825012505603504
0000170593060920130826013320365621
0000170603060920130833013119326541
0000170613060920130839019010804235
0000170623060920130907002324542220
0000170633060920130907002324542220
0000170643060920130915010323336598
0000170653060920131712013320365621
0000170663060920131715013107141584
0000170673060920131716013119326541
0000170683060920131809012184621465
0000170693060920131843010814094594
0000170703060920131843012735817549
0000170713060920131847012677303622
0000170723060920131852013090076569
0000170733060920131853012831422541
0000170743060920131901012151029095
0000170753060920131905012301355251
0000170763060920131906012435272180
0000170773060920131906011678310993
0000170783060920131908016056869459
0000170793060920131909012449888529
0000170803060920131911012827624607
0000170813060920131914010781784058
0000170823060920131916012466389896
0000170833060920131940012205303491
0000170843060920131945012473075206
0000170853060920132010020309244646
0000170863060920132039013342736541
0000170873070920130627010706821669
0000170883070920130637013401046585
0000170893070920130637019004743637
0000170903070920130637013401850546
0000170913070920130638012411400308
0000170923070920130640013369088567
0000170933070920130644013070461629
0000170943070920130645012871852547
0000170953070920130645015557192275
0000170963070920130647012492327045
0000170973070920130648013331206627
0000170983070920130650013093593580
0000170993070920130651012319710177
0000171003070920130652012754949609
0000171013070920130652012466389896
0000171023070920130653013355444544
0000171033070920130654012037990253
0000171043070920130654012435272180
0000171053070920130655012875486545
0000171063070920130655013321600586
0000171073070920130657012903261603
0000171083070920130657012685193628
0000171093070920130700013051374813
0000171103070920130701020309244646
0000171113070920130701012831422541
0000171123070920130701012282881631
0000171133070920130701012874112587
0000171143070920130701013177673569
0000171153070920130702013213003602
0000171163070920130702015509633275
0000171173070920130702013020160625
0000171183070920130703012735817549
0000171193070920130705012532680158
0000171203070920130705001306993412
0000171213070920130706010814094594
0000171223070920130706019046327313
0000171233070920130706012818195626
0000171243070920130707013342736541
0000171253070920130707014084176520
0000171263070920130708010329034658
0000171273070920130710013363882547
0000171283070920130711012334945570
0000171293070920130712019033931071
0000171303070920130712010644130072
0000171313070920130713012473075206
0000171323070920130715015453612278
0000171333070920130717012260374443
0000171343070920130717016621902434
0000171353070920130720013281658589
0000171363070920130723012827624607
0000171373070920130723012827624607
0000171383070920130727015931944277
0000171393070920130747019020200863
0000171403070920130801012740695626
0000171413070920130847020942442053
0000171423070920130956010323336598
0000171433070920131836013725052890
0000171443070920131842012674640563
0000171453070920131847010658219518
0000171463070920131851012151029095
0000171473070920131851012041427045
0000171483070920131854012472772922
0000171493070920131854012472772922
0000171503070920131854012827624607
0000171513070920131902019020200863
0000171523070920131904012411400308
0000171533070920131904012434591746
0000171543070920131907010706821669
0000171553070920131907012677303622
0000171563070920131909012685193628
0000171573070920131911012037990253
0000171583070920131915013369088567
0000171593070920131925012887774583
0000171603070920131935012944436629
0000171613070920131943013363882547
0000171623070920132010012473075206
0000171633070920132032013007692546
0000171643070920132048013331206627
0000171653080920130630012811853547
0000171663080920130635012609742624
0000171673080920130635014084176520
0000171683080920130641012492116249
0000171693080920130648012490249322
0000171703080920130649012395949754
0000171713080920130649013255966565
0000171723080920130649012802421540
0000171733080920130649019033931071
0000171743080920130650012831422541
0000171753080920130651013217892584
0000171763080920130652012205303491
0000171773080920130652017026364330
0000171783080920130653012755763541
0000171793080920130654012887774583
0000171803080920130658019000064859
0000171813080920130659015509633275
0000171823080920130701013007692546
0000171833080920130701012674640563
0000171843080920130701010644130072
0000171853080920130701019017489882
0000171863080920130702010781784058
0000171873080920130702012449888529
0000171883080920130703017018803649
0000171893080920130704012871852547
0000171903080920130704012151029095
0000171913080920130704012995319581
0000171923080920130705012473075206
0000171933080920130706015557192275
0000171943080920130706010329034658
0000171953080920130707012944436629
0000171963080920130707010814094594
0000171973080920130708012532680158
0000171983080920130710013185946587
0000171993080920130713012282881631
0000172003080920130713012695871602
0000172013080920130713013213003602
0000172023080920130715012818195626
0000172033080920130715012818195626
0000172043080920130715013401046585
0000172053080920130716013020160625
0000172063080920130716012874112587
0000172073080920130719013177673569
0000172083080920130720013401850546
0000172093080920130720012492327045
0000172103080920130720019004743637
0000172113080920130720012399503378
0000172123080920130721012434591746
0000172133080920130721013725052890
0000172143080920130722013321600586
0000172153080920130722012472772922
0000172163080920130723013070461629
0000172173080920130725012559977569
0000172183080920130729013401049584
0000172193080920130730012875486545
0000172203080920130804012558608543
0000172213080920130829014779706277
0000172223080920131158012851782241
0000172233080920131700010323336598
0000172243080920131827012466389896
0000172253080920131837013090076569
0000172263080920131840012301355251
0000172273080920131842012435272180
0000172283080920131845010658219518
0000172293080920131851012755763541
0000172303080920131902012831422541
0000172313080920131903012831422541
0000172323080920131905012205303491
0000172333080920131905019045135046
0000172343080920131906012732466605
0000172353080920131906001306993412
0000172363080920131907014779706277
0000172373080920131908010781784058
0000172383080920131910012851782241
0000172393080920131911012910452621
0000172403080920131946012449888529
0000172413080920131948012449888529
0000172423080920132124010323336598
0000172433090920130542012910452621
0000172443090920130637012434591746
0000172453090920130641012967588565
0000172463090920130642010835146046
0000172473090920130644013369088567
0000172483090920130644012411400308
0000172493090920130646012774301582
0000172503090920130646020774970167
0000172513090920130647013137755548
0000172523090920130647012153973831
0000172533090920130648018194979736
0000172543090920130649013400722625
0000172553090920130650012037990253
0000172563090920130650012532680158
0000172573090920130650020466386863
0000172583090920130653012466389896
0000172593090920130655022005112746
0000172603090920130655016508246071
0000172613090920130655012063106373
0000172623090920130655016056869459
0000172633090920130655013401048588
0000172643090920130655013093593580
0000172653090920130656013331206627
0000172663090920130656012833538563
0000172673090920130657012447613379
0000172683090920130657013317268629
0000172693090920130700019000064859
0000172703090920130700013363882547
0000172713090920130700012435272180
0000172723090920130701012558608543
0000172733090920130701013090076569
0000172743090920130701012685193628
0000172753090920130702010814094594
0000172763090920130703000123456789
0000172773090920130703012995319581
0000172783090920130704010329034658
0000172793090920130706012732466605
0000172803090920130713017018803649
0000172813090920130714012941754603
0000172823090920130715012399503378
0000172833090920130715013185946587
0000172843090920130715013185946587
0000172853090920130717012449888529
0000172863090920130718012831422541
0000172873090920130722019017489882
0000172883090920130731012490249322
0000172893090920130732019037958373
0000172903090920130736013255966565
0000172913090920130737013217892584
0000172923090920130737012559977569
0000172933090920130743012609742624
0000172943090920130747012802421540
0000172953090920130748012811853547
0000172963090920130748018087972363
0000172973090920130752012851782241
0000172983090920130754013107141584
0000172993090920130755012333684056
0000173003090920130800017026364330
0000173013090920130807013119326541
0000173023090920130816013477138898
0000173033090920130820013320365621
0000173043090920130907012807241567
0000173053090920130924002324542220
0000173063090920130925012962783548
0000173073090920130957011995374975
0000173083090920131038010323336598
0000173093090920131530012807241567
0000173103090920131705013320365621
0000173113090920131738012333684056
0000173143090920131818013363882547
0000173153090920131821013477138898
0000173163090920131832012434591746
0000173173090920131835012524402128
0000173183090920131846012674640563
0000173193090920131851012151029095
0000173203090920131851013725052890
0000173213090920131852013391062583
0000173223090920131853013119326541
0000173233090920131857012962783548
0000173243090920131858011995374975
0000173253090920131900013107141584
0000173263090920131901012887774583
0000173273090920131901013007692546
0000173283090920131901012411400308
0000173293090920131901014299215784
0000173303090920131902012685193628
0000173313090920131907012777729621
0000173323090920131910012037990253
0000173333090920131911017017226737
0000173343090920131913011574311888
0000173353090920131914013331206627
0000173363090920131915020129742540
0000173373090920131917013369088567
0000173383090920131917012532680158
0000173393090920131921012041427045
0000173403090920131921013137755548
0000173413090920131923013284343341
0000173423090920131936018087972363
0000173433090920131948019042298025
0000173443100920130137019042298025
0000173453100920130254013284343341
0000173463100920130621017017226737
0000173473100920130633013244234274
0000173483100920130637012490398468
0000173493100920130641012951632543
0000173503100920130641013357916605
0000173513100920130643012947497602
0000173523100920130647012363432195
0000173533100920130648012313272259
0000173543100920130649016558839491
0000173553100920130650012205303491
0000173563100920130650012420439084
0000173573100920130652013184829587
0000173583100920130653012411137437
0000173593100920130655012466949662
0000173603100920130656012800428580
0000173613100920130700012920097565
0000173623100920130701020129742540
0000173633100920130701016508246071
0000173643100920130702020774970167
0000173653100920130702016621902434
0000173663100920130703020439795154
0000173673100920130703012695871602
0000173683100920130703012524402128
0000173693100920130704013400722625
0000173703100920130705012063106373
0000173713100920130706012151029095
0000173723100920130707013403376604
0000173733100920130707012434591746
0000173743100920130711019020200863
0000173753100920130711020155059615
0000173763100920130711012041427045
0000173773100920130711012755763541
0000173783100920130712012941754603
0000173793100920130713010835146046
0000173803100920130713010781784058
0000173813100920130716010644130072
0000173823100920130716012153973831
0000173833100920130718013401048588
0000173843100920130720012967588565
0000173853100920130721019037958373
0000173863100920130721019017505411
0000173873100920130721012777729621
0000173883100920130722013391062583
0000173893100920130723020466386863
0000173903100920130725012991638119
0000173913100920130725013317268629
0000173923100920130727012833538563
0000173933100920130729013007692546
0000173943100920130734016056869459
0000173953100920130735012449888529
0000173963100920130737013725052890
0000173973100920130741022005112746
0000173983100920130741012333684056
0000173993100920130754012447613379
0000174003100920130801018194979736
0000174013100920130803012887774583
0000174023100920130804013107141584
0000174033100920130813013320365621
0000174043100920130820013119326541
0000174053100920130830013477138898
0000174063100920130854013296784011
0000174073100920130858012827624607
0000174083100920130906012807241567
0000174093100920130949010098692434
0000174103100920131031012816670580
0000174113100920131037010323336598
0000176323100920131108012413662679
0000176333100920131407012807241567
0000176343100920131705013320365621
0000176353100920131705012333684056
0000176363100920131817013477138898
0000176373100920131823013107141584
0000176383100920131826013119326541
0000176393100920131843013090076569
0000176403100920131843012301355251
0000176413100920131851010098692434
0000176423100920131852012435272180
0000176433100920131852020439795154
0000176443100920131853010814094594
0000176453100920131853012827624607
0000176463100920131853012827624607
0000176473100920131854012831422541
0000176483100920131854012677303622
0000176493100920131900012413662679
0000176503100920131902012755763541
0000176513100920131906010781784058
0000176523100920131906012695871602
0000176533100920131911012735817549
0000176543100920131914012449888529
0000176553100920131914012466389896
0000176563100920131929011995374975
0000176573100920131933013296784011
0000176583100920131939014779706277
0000176593100920131954013392662606
0000176603100920132007012205303491
0000176613110920130633012811853547
0000176623110920130634013555034897
0000176633110920130635012411400308
0000176643110920130639012783438625
0000176653110920130640016558839491
0000176663110920130643013369088567
0000176673110920130644012461872203
0000176683110920130644012462004515
0000176693110920130644013317268629
0000176703110920130649012037990253
0000176713110920130649012827624607
0000176723110920130652012435272180
0000176733110920130652013399807626
0000176743110920130652013331206627
0000176753110920130653012555051696
0000176763110920130654010706821669
0000176773110920130654010706821669
0000176783110920130654017044332178
0000176793110920130656013369520620
0000176803110920130656012623581624
0000176813110920130657012505603504
0000176823110920130657012880912581
0000176833110920130657012466389896
0000176843110920130658020075732046
0000176853110920130700012490398468
0000176863110920130700013403376604
0000176873110920130700016035695427
0000176883110920130700010644130072
0000176893110920130702012552868314
0000176903110920130702012532680158
0000176913110920130703013363882547
0000176923110920130703012677303622
0000176933110920130703010814094594
0000176943110920130704016878978638
0000176953110920130704012685193628
0000176963110920130705013392662606
0000176973110920130705013090076569
0000176983110920130707012688341547
0000176993110920130707015697168601
0000177003110920130707013357916605
0000177013110920130710012947497602
0000177023110920130710012313272259
0000177033110920130710013153038561
0000177043110920130712000213656981
0000177053110920130712012411137437
0000177063110920130712012420439084
0000177073110920130712013184829587
0000177083110920130713012333383161
0000177093110920130715012831422541
0000177103110920130716012967588565
0000177113110920130717012735817549
0000177123110920130720013296784011
0000177133110920130721012951632543
0000177143110920130721013659261938
0000177153110920130722013244234274
0000177163110920130723019017505411
0000177173110920130724012301355251
0000177183110920130733012390433490
0000177193110920130734012800428580
0000177203110920130802013107141584
0000177213110920130806012333684056
0000177223110920130806013320365621
0000177233110920130822013477138898
0000177243110920130823013119326541
0000177253110920130925010323336598
0000177263110920131658012333684056
0000177273110920131725013320365621
0000177283110920131730013107141584
0000177293110920131731013119326541
0000177303110920131731013477138898
0000177313110920131808010323336598
0000177323110920131818013363882547
0000177333110920131841012524402128
0000177343110920131844012151029095
0000177353110920131847012887774583
0000177363110920131848012674640563
0000177373110920131850012411400308
0000177383110920131857012041427045
0000177393110920131858013725052890
0000177403110920131900013317268629
0000177413110920131900016056869459
0000177423110920131900012037990253
0000177433110920131904013369088567
0000177443110920131905012333383161
0000177453110920131906013255966565
0000177463110920131906012532680158
0000177473110920131910012967588565
0000177483110920131916019045135046
0000177493110920131917013007692546
0000177503110920131924013331206627
0000177513110920131927012685193628
0000177523110920131931000213656981
0000177533110920131937020609833221
0000177543110920132003019010804235
0000177553110920132004020942442053
0000177563110920132013015677249274
0000177573120920130641019046327313
0000177583120920130645020439795154
0000177593120920130649013093593580
0000177603120920130649013100642545
0000177613120920130649012260374443
0000177623120920130649010781784058
0000177633120920130651012205303491
0000177643120920130653012929600588
0000177653120920130655013355444544
0000177663120920130659014405876270
0000177673120920130659012754949609
0000177683120920130700012674640563
0000177693120920130700016878978638
0000177703120920130700013555034897
0000177713120920130700012524402128
0000177723120920130700012041427045
0000177733120920130701012903261603
0000177743120920130701020075732046
0000177753120920130701013051374813
0000177763120920130701012695871602
0000177773120920130702012965982541
0000177783120920130702012461872203
0000177793120920130702012184621465
0000177803120920130703013255966565
0000177813120920130703012449888529
0000177823120920130704013281658589
0000177833120920130704013007692546
0000177843120920130705012462004515
0000177853120920130705013725052890
0000177863120920130706012880912581
0000177873120920130707012880912581
0000177883120920130707016035695427
0000177893120920130707016621902434
0000177903120920130708012777729621
0000177913120920130708012334945570
0000177923120920130708016558839491
0000177933120920130709013328123589
0000177943120920130711012688341547
0000177953120920130713012677303622
0000177963120920130713013399807626
0000177973120920130716012505603504
0000177983120920130717012755763541
0000177993120920130717012623581624
0000178003120920130719012151029095
0000178013120920130720017044332178
0000178023120920130721012857629542
0000178033120920130721012811853547
0000178043120920130723016056869459
0000178053120920130725019013677145
0000178063120920130726015697168601
0000178073120920130731013112801082
0000178083120920130731020155059615
0000178093120920130738012333684056
0000178103120920130745012827624607
0000178113120920130748012887774583
0000178123120920130752013153038561
0000178133120920130757013107141584
0000178143120920130810012944436629
0000178153120920130816013477138898
0000178163120920130817012390433490
0000178173120920130818012555051696
0000178183120920130822013296784011
0000178193120920130823015557192275
0000178203120920130823015557192275
0000178213120920130830013119326541
0000178223120920130859010323336598
0000178853120920131054012865671609
0000181033120920131702012333684056
0000181043120920131729013107141584
0000181053120920131804013477138898
0000181063120920131831015230967270
0000181073120920131833012735817549
0000181083120920131842012466389896
0000181093120920131842012435272180
0000181103120920131844012831422541
0000181113120920131844013090076569
0000181123120920131845012301355251
0000181133120920131848020942442053
0000181143120920131855010814094594
0000181153120920131857015677249274
0000181163120920131859012851782241
0000181173120920131900001306993412
0000181183120920131901011678310993
0000181193120920131901016558839491
0000181203120920131903012205303491
0000181213120920131904020439795154
0000181223120920131908010781784058
0000181233120920131913013296784011
0000181243120920131915012695871602
0000181253120920131916012449888529
0000181263120920131919013399807626
0000181273120920131933012807241567
0000181283120920132009013370098546
0000181293130920130615012740695626
0000181303130920130615015453612278
0000181313130920130625015230967270
0000181323130920130629013401046585
0000181333130920130634013203162546
0000181343130920130636012037990253
0000181353130920130640012871852547
0000181363130920130641012411400308
0000181373130920130641013401850546
0000181383130920130648012472772922
0000181393130920130648012875486545
0000181403130920130650013070461629
0000181413130920130650013331206627
0000181423130920130651013369088567
0000181433130920130652019004743637
0000181443130920130654013213003602
0000181453130920130656012537935634
0000181463130920130656013363882547
0000181473130920130657012282881631
0000181483130920130657012260374443
0000181493130920130658012319710177
0000181503130920130659012435272180
0000181513130920130659012831422541
0000181523130920130700012777729621
0000181533130920130700001306993412
0000181543130920130700013399807626
0000181553130920130700012865671609
0000181563130920130700013093593580
0000181573130920130700012754949609
0000181583130920130701013328123589
0000181593130920130701019046327313
0000181603130920130701012685193628
0000181613130920130701012857629542
0000181623130920130702014405876270
0000181633130920130702016056869459
0000181643130920130702011678310993
0000181653130920130702011678310993
0000181663130920130702012965982541
0000181673130920130707012874112587
0000181683130920130709012420456450
0000181693130920130709012735817549
0000181703130920130710015557192275
0000181713130920130710013321600586
0000181723130920130712010814094594
0000181733130920130712013051374813
0000181743130920130712012334945570
0000181753130920130714013100642545
0000181763130920130714012903261603
0000181773130920130714012466389896
0000181783130920130718002324542220
0000181793130920130718010706821669
0000181803130920130719012929600588
0000181813130920130722013398653587
0000181823130920130722013281658589
0000181833130920130725012184621465
0000181843130920130729015557192275
0000181853130920130737012532680158
0000181863130920130739012333684056
0000181873130920130746013296784011
0000181883130920130751020609833221
0000181893130920130810013370098546
0000181903130920130823013320365621
0000181913130920130824013477138898
0000181923130920130828012851782241
0000181933130920130915010323336598
0000181943130920130926019010804235
0000181953130920131223012333684056
0000181963130920131410013119326541
0000181973130920131410013107141584
0000181983130920131519012807241567
0000181993130920131710013320365621
0000182003130920131748013477138898
0000182013130920131818012041427045
0000182023130920131834013007692546
0000182033130920131834012524402128
0000182043130920131835013725052890
0000182053130920131850013331206627
0000182063130920131850012674640563
0000182073130920131850012151029095
0000182083130920131858012827624607
0000182093130920131900012685193628
0000182103130920131900012887774583
0000182113130920131901012411400308
0000182123130920131902012818195626
0000182133130920131906012037990253
0000182143130920131907012434591746
0000182153130920131907012532680158
0000182163130920131908013398653587
0000182173130920131910013369088567
0000182183130920131913016056869459
0000182193130920131915010706821669
0000182243130920131937011996445582
0000182253130920131938011678310993
0000182263130920131954013107141584
0000182273130920131959010323336598
0000182283140920130629012609742624
0000182293140920130635012755763541
0000182303140920130636012490249322
0000182313140920130636019000064859
0000182323140920130643012492116249
0000182333140920130643012858675548
0000182343140920130644012802421540
0000182353140920130648017026364330
0000182363140920130649013725052890
0000182373140920130650020439795154
0000182383140920130653015557192275
0000182393140920130654013217892584
0000182403140920130656010781784058
0000182413140920130656012395949754
0000182423140920130657015453612278
0000182433140920130657015453612278
0000182443140920130700012205303491
0000182453140920130700012674640563
0000182463140920130700012151029095
0000182473140920130700012524402128
0000182483140920130701013020160625
0000182493140920130701012041427045
0000182503140920130702020417205249
0000182513140920130702012874112587
0000182523140920130705013007692546
0000182533140920130705016558839491
0000182543140920130707013213003602
0000182553140920130708013177673569
0000182563140920130708012420456450
0000182573140920130708019020200863
0000182583140920130708012887774583
0000182593140920130708012449888529
0000182603140920130709013185946587
0000182613140920130713013401049584
0000182623140920130713012399503378
0000182633140920130713019035051265
0000182643140920130713014084176520
0000182653140920130715012434591746
0000182663140920130716015931944277
0000182673140920130716020129742540
0000182683140920130716011996445582
0000182693140920130718012472772922
0000182703140920130719013070461629
0000182713140920130721012319710177
0000182723140920130722020155059615
0000182733140920130725012818195626
0000182743140920130725012282881631
0000182753140920130733012871852547
0000182763140920130734013401850546
0000182773140920130738019004743637
0000182783140920130738013203162546
0000182793140920130738012875486545
0000182803140920130738013401046585
0000182813140920130738013321600586
0000182823140920130741012333383161
0000182833140920130750019033931071
0000182843140920130905020942442053
0000182853140920131832012466389896
0000182863140920131832013090076569
0000182873140920131841016558839491
0000182883140920131843012831422541
0000182893140920131846012435272180
0000182903140920131850012735817549
0000182913140920131851013399807626
0000182923140920131852020439795154
0000182933140920131853020942442053
0000182943140920131858012685193628
0000182953140920131900020129742540
0000182963140920131903012449888529
0000182973140920131904010781784058
0000182983140920131904012333383161
0000182993140920131910001306993412
0000183003140920131915013255966565
0000183013140920131920012755763541
0000183023140920131920012858675548
0000183033140920131930020155059615
0000183043140920131931019020200863
0000183053140920131947012944436629
0000183063140920132002012473075206
0000183073140920132003012851782241
0000183083140920132232012205303491
0000183093150920130554012411400308
0000183103150920130632012301355251
0000183113150920130639013317268629
0000183123150920130640010835146046
0000183133150920130640022005112746
0000183143150920130643012063106373
0000183153150920130646020466386863
0000183163150920130648012532680158
0000183173150920130648013369088567
0000183183150920130649013331206627
0000183193150920130649012153973831
0000183203150920130651012473075206
0000183213150920130651019033931071
0000183223150920130653017018803649
0000183233150920130654019017489882
0000183243150920130654012967588565
0000183253150920130655012941754603
0000183263150920130656013137755548
0000183273150920130657013401048588
0000183283150920130657016056869459
0000183293150920130658012037990253
0000183303150920130659013090076569
0000183313150920130700010706821669
0000183323150920130700013363882547
0000183333150920130700012395949754
0000183343150920130701012466389896
0000183353150920130701012435272180
0000183363150920130701012609742624
0000183373150920130701015453612278
0000183383150920130703012944436629
0000183393150920130704012490249322
0000183403150920130705012537935634
0000183413150920130705019000064859
0000183423150920130706000123456789
0000183433150920130706012685193628
0000183443150920130706012492116249
0000183453150920130706010814094594
0000183463150920130706012399503378
0000183473150920130707020417205249
0000183483150920130709018194979736
0000183493150920130709001306993412
0000183503150920130710013020160625
0000183513150920130710012831422541
0000183523150920130711013399807626
0000183533150920130711012995319581
0000183543150920130715012735817549
0000183553150920130715015557192275
0000183563150920130719014084176520
0000183573150920130719013255966565
0000183583150920130719019035051265
0000183593150920130723019013677145
0000183603150920130724013177673569
0000183613150920130725012802421540
0000183623150920130726017026364330
0000183633150920130727013401049584
0000183643150920130727013401046585
0000183653150920130727012559977569
0000183663150920130727013217892584
0000183673150920130730013185946587
0000183683150920130744014779706277
0000183693150920130803013284343341
0000183703150920131136010323336598
0000183713150920131819013007692546
0000183723150920131829012524402128
0000183733150920131829012434591746
0000183743150920131839012777729621
0000183753150920131840013331206627
0000183763150920131841012674640563
0000183773150920131848012041427045
0000183783150920131848012411400308
0000183793150920131850013255966565
0000183803150920131853012151029095
0000183813150920131854012887774583
0000183823150920131856013137755548
0000183833150920131901013725052890
0000183843150920131902012037990253
0000183853150920131904019045135046
0000183863150920131906019013677145
0000183873150920131906012532680158
0000183883150920131906020129742540
0000183893150920131908013369088567
0000183903150920131918012910452621
0000183913150920131919012732466605
0000183923150920131919019038656575
0000183933150920131919013284343341
0000183943150920131920012967588565
0000183953150920131921013363882547
0000183963150920131935014779706277
0000183973150920131936013401046585
0000183983150920132041010323336598
0000183993160920130609013244234274
0000184003160920130635012490398468
0000184013160920130641010781784058
0000184023160920130644013400722625
0000184033160920130646020774970167
0000184043160920130647012205303491
0000184053160920130647013659261938
0000184063160920130648012951632543
0000184073160920130648013357916605
0000184083160920130651012411137437
0000184093160920130652020439795154
0000184103160920130652012313272259
0000184113160920130653012833538563
0000184123160920130653012466949662
0000184133160920130655012755763541
0000184143160920130655012363432195
0000184153160920130655012434591746
0000184163160920130656012420439084
0000184173160920130656016558839491
0000184183160920130658012413662679
0000184193160920130659013184829587
0000184203160920130700012151029095
0000184213160920130700012153973831
0000184223160920130700022005112746
0000184233160920130702012447613379
0000184243160920130703012063106373
0000184253160920130704013725052890
0000184263160920130704013255966565
0000184273160920130705012777729621
0000184283160920130706012695871602
0000184293160920130710012674640563
0000184303160920130714000123456789
0000184313160920130716013007692546
0000184323160920130717014299215784
0000184333160920130717016056869459
0000184343160920130718013401048588
0000184353160920130718012887774583
0000184363160920130718010644130072
0000184373160920130720012732466605
0000184383160920130722012449888529
0000184393160920130722019017505411
0000184403160920130722017018803649
0000184413160920130723012524402128
0000184423160920130724019037958373
0000184433160920130724012947497602
0000184443160920130724019017489882
0000184453160920130731010835146046
0000184463160920130732016508246071
0000184473160920130733020466386863
0000184483160920130740012941754603
0000184493160920130747013119326541
0000184503160920130751013317268629
0000184513160920130810012333684056
0000184523160920130810013320365621
0000184533160920130816011995374975
0000184543160920130829013107141584
0000184553160920130834013477138898
0000184563160920130841012851782241
0000184573160920130846012962783548
0000184583160920130908018087972363
0000184593160920130911010323336598
0000184603160920130916020129742540
0000184613160920130924012807241567
0000184623160920130935002324542220
0000184633160920131716013320365621
0000184643160920131732013107141584
0000184653160920131808013477138898
0000184663160920131809012333684056
0000184673160920131824012807241567
0000184683160920131829012466389896
0000184693160920131835017017226737
0000184703160920131840012831422541
0000184713160920131843012735817549
0000184723160920131843010814094594
0000184733160920131843013090076569
0000184743160920131850012435272180
0000184753160920131851013070461629
0000184763160920131853001306993412
0000184773160920131901012301355251
0000184783160920131902012301355251
0000184793160920131902012449888529
0000184803160920131904012755763541
0000184813160920131905016558839491
0000184823160920131905010781784058
0000184833160920131905012695871602
0000184843160920131910014299215784
0000184853160920131922012851782241
0000184863160920131924012962783548
0000184873160920131927013391062583
0000184883160920131928013284343341
0000184893160920131941011574311888
0000184903160920131945018087972363
0000184913160920132034012466949662
0000184923160920132109012205303491
0000184933160920132112019010804235
0000184943160920132112011574311888
0000184953170920130437013284343341
0000184963170920130619012920097565
0000184973170920130635013555034897
0000184983170920130635012411400308
0000184993170920130635012623581624
0000185003170920130642013317268629
0000185013170920130646012858675548
0000185023170920130647012685193628
0000185033170920130649012462004515
0000185043170920130649012461872203
0000185053170920130650012037990253
0000185063170920130651012816670580
0000185073170920130652013369088567
0000185083170920130653012552868314
0000185093170920130653017017226737
0000185103170920130653013331206627
0000185113170920130655020417205249
0000185123170920130657012800428580
0000185133170920130659012688341547
0000185143170920130659016035695427
0000185153170920130700013363882547
0000185163170920130700015697168601
0000185173170920130701010644130072
0000185183170920130701010644130072
0000185193170920130702012490398468
0000185203170920130702013153038561
0000185213170920130703013090076569
0000185223170920130703012466389896
0000185233170920130703013400722625
0000185243170920130704012880912581
0000185253170920130704012880912581
0000185263170920130704020075732046
0000185273170920130705012435272180
0000185283170920130708013296784011
0000185293170920130709019013677145
0000185303170920130710012420439084
0000185313170920130710012871852547
0000185323170920130710012411137437
0000185333170920130710020155059615
0000185343170920130711012313272259
0000185353170920130711019020200863
0000185363170920130711001306993412
0000185373170920130711013403376604
0000185383170920130715013399807626
0000185393170920130716019037958373
0000185403170920130716012532680158
0000185413170920130718019010804235
0000185423170920130722012831422541
0000185433170920130722012413662679
0000185443170920130724012735817549
0000185453170920130725012447613379
0000185463170920130725012363432195
0000185473170920130728012833538563
0000185483170920130734013070461629
0000185493170920130738013244234274
0000185503170920130738013184829587
0000185513170920130738019017505411
0000185523170920130739012947497602
0000185533170920130746012951632543
0000185543170920130752012333684056
0000185553170920130801013320365621
0000185563170920130826012827624607
0000185573170920130832013477138898
0000185583170920130926013107141584
0000185593170920130939010323336598
0000185603170920130948012807241567
0000185613170920130950010098692434
0000185623170920131209011995374975
0000185633170920131701013320365621
0000185643170920131702012333684056
0000185653170920131731013477138898
0000185663170920131732013107141584
0000185673170920131755012041427045
0000185683170920131755013363882547
0000185693170920131842012524402128
0000185703170920131845012887774583
0000185713170920131845012674640563
0000185723170920131845012674640563
0000185733170920131848012151029095
0000185743170920131856012827624607
0000185753170920131856012827624607
0000185763170920131857013725052890
0000185773170920131857010098692434
0000185783170920131858017044332178
0000185793170920131858012871852547
0000185803170920131901012037990253
0000185813170920131903013007692546
0000185823170920131903012411400308
0000185833170920131903012532680158
0000185843170920131903012685193628
0000185853170920131905019013677145
0000185863170920131909012434591746
0000185873170920131911013369088567
0000185883170920131911016056869459
0000185893170920131914013317268629
0000185903170920131917013296784011
0000185913170920131932014779706277
0000185923170920131933013331206627
0000185933170920131955019038656575
0000185943170920132004013392662606
0000185953180920130630010781784058
0000185963180920130636013392662606
0000185973180920130639019046327313
0000185983180920130639019046327313
0000185993180920130640019046327313
0000186003180920130640012755763541
0000186013180920130644012783438625
0000186023180920130647012865671609
0000186033180920130647013317268629
0000186043180920130648013355444544
0000186053180920130648020439795154
0000186063180920130650013093593580
0000186073180920130650012184621465
0000186083180920130651013281658589
0000186093180920130652013725052890
0000186103180920130653012887774583
0000186113180920130654012929600588
0000186123180920130655012555051696
0000186133180920130656013369520620
0000186143180920130658013051374813
0000186153180920130658012260374443
0000186163180920130658012623581624
0000186173180920130700012674640563
0000186183180920130700016558839491
0000186193180920130701020075732046
0000186203180920130701012151029095
0000186213180920130701013328123589
0000186223180920130702016878978638
0000186233180920130702012880912581
0000186243180920130703013403376604
0000186253180920130703012524402128
0000186263180920130704012857629542
0000186273180920130704012461872203
0000186283180920130706012965982541
0000186293180920130706012688341547
0000186303180920130707012434591746
0000186313180920130707017044332178
0000186323180920130707013296784011
0000186333180920130708016056869459
0000186343180920130709015697168601
0000186353180920130710012334945570
0000186363180920130710012695871602
0000186373180920130711012462004515
0000186383180920130712012903261603
0000186393180920130713016621902434
0000186403180920130713012777729621
0000186413180920130713000213656981
0000186423180920130718011995374975
0000186433180920130719012041427045
0000186443180920130721016035695427
0000186453180920130721012858675548
0000186463180920130730012552868314
0000186473180920130731012449888529
0000186483180920130737013398653587
0000186493180920130738013399807626
0000186503180920130739020417205249
0000186513180920130739013555034897
0000186523180920130739012390433490
0000186533180920130739012800428580
0000186543180920130752012920097565
0000186553180920130757013107141584
0000186563180920130757012333684056
0000186573180920130806013477138898
0000186583180920130807013320365621
0000186593180920130810013007692546
0000186603180920130848013119326541
0000186613180920131106010323336598
