0000156653290820131740013477138898
0000156663290820131812013119326541
0000156673290820131812013107141584
0000156683290820131838012735817549
0000156693290820131840001306993412
0000156703290820131847012466389896
0000156713290820131848012831422541
0000156723290820131850012435272180
0000156733290820131851013296784011
0000156743290820131851012411137437
0000156753290820131853011678310993
0000156763290820131854016558839491
0000156773290820131856020942442053
0000156783290820131856012755763541
0000156793290820131903010814094594
0000156803290820131903012827624607
0000156813290820131905019013677145
0000156823290820131910015677249274
0000156833290820131910012695871602
0000156843290820131913012944436629
0000156853290820131914013090076569
0000156863290820131914010781784058
0000156873290820131916012301355251
0000156883290820131920012449888529
0000156893290820131924012941754603
0000156923290820132032019038656575
0000156933290820132032012807241567
0000156943300820130621012740695626
0000156953300820130625010706821669
0000156963300820130628013555034897
0000156973300820130637015453612278
0000156983300820130644012461872203
0000156993300820130644012462004515
0000157003300820130646017044332178
0000157013300820130647013399807626
0000157023300820130650012552868314
0000157033300820130650012858675548
0000157043300820130651012411400308
0000157053300820130653013659261938
0000157063300820130654012037990253
0000157073300820130654020075732046
0000157083300820130654013369088567
0000157093300820130655013331206627
0000157103300820130658012623581624
0000157113300820130659020417205249
0000157123300820130659013363882547
0000157133300820130701014405876270
0000157143300820130701010329034658
0000157153300820130702012685193628
0000157163300820130702012880912581
0000157173300820130702012880912581
0000157183300820130702012688341547
0000157193300820130703012313272259
0000157203300820130703012466949662
0000157213300820130703015697168601
0000157223300820130704012435272180
0000157233300820130705012505603504
0000157243300820130705011678310993
0000157253300820130706011678310993
0000157263300820130706012411137437
0000157273300820130707012735817549
0000157283300820130708010814094594
0000157293300820130711012301355251
0000157303300820130712016035695427
0000157313300820130713013153038561
0000157323300820130713012807241567
0000157333300820130713012807241567
0000157343300820130717012532680158
0000157353300820130718013296784011
0000157363300820130718013137755548
0000157373300820130719013184829587
0000157383300820130719010644130072
0000157393300820130720012490398468
0000157403300820130721014999031279
0000157413300820130722012420456450
0000157423300820130723012951632543
0000157433300820130723019017505411
0000157443300820130723016873046818
0000157453300820130723013357916605
0000157463300820130726012420439084
0000157473300820130739020609833221
0000157483300820130740012947497602
0000157493300820130740013398653587
0000157503300820130743012851782241
0000157513300820130755013244234274
0000157523300820130802013100642545
0000157533300820130813013320365621
0000157543300820130824013477138898
0000157553300820130858002324542220
0000157563300820130927010323336598
0000157573300820131737013477138898
0000157583300820131803013320365621
0000157593300820131829012041427045
0000157603300820131838012827624607
0000157613300820131845012524402128
0000157623300820131848012674640563
0000157633300820131850012151029095
0000157643300820131858012558608543
0000157653300820131859012887774583
0000157663300820131900012532680158
0000157673300820131904012037990253
0000157683300820131906013369088567
0000157693300820131907013725052890
0000157703300820131910011678310993
0000157713300820131910014999031279
0000157723300820131910012685193628
0000157733300820131911010706821669
0000157743300820131913012411400308
0000157753300820131918013007692546
0000157763300820131920012434591746
0000157773300820131940013398653587
0000157783300820131941020609833221
0000157793300820131943013331206627
0000157803300820132001012473075206
0000157813300820132001020309244646
0000157843300820132025013342736541
0000157853300820132129013399807626
0000157863310820130636012755763541
0000157873310820130636012184621465
0000157883310820130645020439795154
0000157893310820130645010781784058
0000157903310820130648013093593580
0000157913310820130651013177673569
0000157923310820130651013281658589
0000157933310820130651013401048588
0000157943310820130651012555051696
0000157953310820130653012754949609
0000157963310820130653013328123589
0000157973310820130654013725052890
0000157983310820130655012205303491
0000157993310820130655019046327313
0000158003310820130656013051374813
0000158013310820130656020309244646
0000158023310820130656012887774583
0000158033310820130659012558608543
0000158043310820130659013020160625
0000158053310820130700012260374443
0000158063310820130700012151029095
0000158073310820130702012461872203
0000158083310820130702016558839491
0000158093310820130703016621902434
0000158103310820130703012334945570
0000158113310820130704012677303622
0000158123310820130705012333383161
0000158133310820130705015509633275
0000158143310820130706012524402128
0000158153310820130706015453612278
0000158163310820130708020075732046
0000158173310820130709017044332178
0000158183310820130709012434591746
0000158193310820130710013342736541
0000158203310820130710013153038561
0000158213310820130710015697168601
0000158223310820130711012473075206
0000158233310820130712012827624607
0000158243310820130712012827624607
0000158253310820130713012462004515
0000158263310820130713013007692546
0000158273310820130713014084176520
0000158283310820130715012449888529
0000158293310820130716012695871602
0000158303310820130717016035695427
0000158313310820130718020417205249
0000158323310820130718012965982541
0000158333310820130718012880912581
0000158343310820130718013555034897
0000158353310820130718012858675548
0000158363310820130721012623581624
0000158373310820130722010329034658
0000158383310820130726012688341547
0000158393310820130728012903261603
0000158403310820130734012552868314
0000158413310820130754020155059615
0000158423310820130754019020200863
0000158433310820130809020942442053
0000158443310820130816012740695626
0000158453310820130827012505603504
0000158463310820131226013217892584
0000158473310820131821010658219518
0000158483310820131822010658219518
0000158493310820131835012466389896
0000158503310820131838010814094594
0000158513310820131847016558839491
0000158523310820131849012831422541
0000158533310820131853012755763541
0000158543310820131900020155059615
0000158553310820131901019020200863
0000158563310820131902012735817549
0000158573310820131905012333383161
0000158583310820131906010781784058
0000158593310820131907012301355251
0000158603310820131908020439795154
0000158613310820131910012449888529
0000158623310820131911020942442053
0000158633310820131920019033931071
0000158643310820131920012695871602
0000158653310820131926001306993412
0000158663310820131946012944436629
0000158673310820131948012473075206
0000158683310820132214012205303491
0000158693310820132217012435272180
0000158703010920130624013203162546
0000158713010920130628012411400308
0000158723010920130634013331206627
0000158733010920130634013401850546
0000158743010920130634013213003602
0000158753010920130640013555034897
0000158763010920130644019004743637
0000158773010920130644013401046585
0000158783010920130647012492327045
0000158793010920130647012319710177
0000158803010920130648013369088567
0000158813010920130651012466949662
0000158823010920130651012532680158
0000158833010920130652013255966565
0000158843010920130653020439795154
0000158853010920130653014084176520
0000158863010920130653012944436629
0000158873010920130653012472772922
0000158883010920130654017018803649
0000158893010920130658012537935634
0000158903010920130658013217892584
0000158913010920130659013051374813
0000158923010920130659001306993412
0000158933010920130700012435272180
0000158943010920130700015509633275
0000158953010920130701010706821669
0000158963010920130701010706821669
0000158973010920130702012685193628
0000158983010920130702012473075206
0000158993010920130702013281658589
0000159003010920130703012818195626
0000159013010920130703012995319581
0000159023010920130703019046327313
0000159033010920130704019017489882
0000159043010920130704016621902434
0000159053010920130706019033931071
0000159063010920130710012260374443
0000159073010920130710012334945570
0000159083010920130710012282881631
0000159093010920130710013321600586
0000159103010920130711012735817549
0000159113010920130711012301355251
0000159123010920130712012677303622
0000159133010920130713012831422541
0000159143010920130714013020160625
0000159153010920130717013177673569
0000159163010920130717013401048588
0000159173010920130718012754949609
0000159183010920130718013328123589
0000159193010920130718012903261603
0000159203010920130718010814094594
0000159213010920130723019013677145
0000159223010920130726012965982541
0000159233010920130728012555051696
0000159243010920130731012875486545
0000159253010920130837012037990253
0000159263010920131107010323336598
0000159273010920131826013007692546
0000159283010920131831012524402128
0000159293010920131841013331206627
0000159303010920131844010658219518
0000159313010920131844010658219518
0000159323010920131844012434591746
0000159333010920131844012041427045
0000159343010920131846013725052890
0000159353010920131850012151029095
0000159363010920131852012411400308
0000159373010920131854012674640563
0000159383010920131854010706821669
0000159393010920131854012910452621
0000159403010920131855012732466605
0000159413010920131900012532680158
0000159423010920131901012685193628
0000159433010920131908012995319581
0000159443010920131910012887774583
0000159453010920131911012037990253
0000159463010920131912013369088567
0000159473010920131918020774970167
0000159483010920131936019045135046
0000159493010920131937012851782241
0000159503020920130538012732466605
0000159513020920130538012910452621
0000159523020920130628012609742624
0000159533020920130636012492116249
0000159543020920130636012490249322
0000159553020920130641010781784058
0000159563020920130645013400722625
0000159573020920130645012659606589
0000159583020920130645012811853547
0000159593020920130647012395949754
0000159603020920130650019000064859
0000159613020920130650017026364330
0000159623020920130655013217892584
0000159633020920130655012833538563
0000159643020920130657012205303491
0000159653020920130657016558839491
0000159663020920130659020439795154
0000159673020920130700012674640563
0000159683020920130700017018803649
0000159693020920130701012887774583
0000159703020920130702012558608543
0000159713020920130702012492327045
0000159723020920130703012447613379
0000159733020920130704012524402128
0000159743020920130704012399503378
0000159753020920130706013213003602
0000159763020920130706012434591746
0000159773020920130706013725052890
0000159783020920130707012041427045
0000159793020920130708012695871602
0000159803020920130709012755763541
0000159813020920130713012802421540
0000159823020920130715012151029095
0000159833020920130716013555034897
0000159843020920130718013401049584
0000159853020920130718012449888529
0000159863020920130719013185946587
0000159873020920130722012559977569
0000159883020920130722012466949662
0000159893020920130723012537935634
0000159903020920130728013321600586
0000159913020920130728019037958373
0000159923020920130729012282881631
0000159933020920130732012818195626
0000159943020920130733012319710177
0000159953020920130733013401046585
0000159963020920130734019004743637
0000159973020920130734012875486545
0000159983020920130736012472772922
0000159993020920130736013401850546
0000160003020920130736013255966565
0000160013020920130738019017489882
0000160023020920130740013203162546
0000160033020920130740011995374975
0000160043020920130805012333684056
0000160053020920130808013119326541
0000160063020920130810013107141584
0000160073020920130810013007692546
