0000219023300920131720012333684056
0000219033300920131826020774970167
0000219043300920131850012466389896
0000219053300920131850013090076569
0000219063300920131853001306993412
0000219073300920131854012831422541
0000219083300920131856012184621465
0000219093300920131856013317268629
0000219103300920131900012558608543
0000219113300920131900012041427045
0000219123300920131901012735817549
0000219133300920131901012695871602
0000219143300920131902010814094594
0000219153300920131904014299215784
0000219163300920131908012449888529
0000219173300920131908012435272180
0000219183300920131912017017226737
0000219193300920131914012755763541
0000219203300920131922018087972363
0000219213300920131925013391062583
0000219223300920131932012685193628
0000219233300920131933013284343341
0000219243300920131935013107141584
0000219253300920132050010323336598
0000219263300920132105019010804235
0000219273011020130507013284343341
0000219283011020130625013391062583
0000219293011020130643017017226737
0000219303011020130653013369088567
0000219313011020130655013051374813
0000219323011020130657013213003602
0000219333011020130657012558608543
0000219343011020130657013355444544
0000219353011020130657012800428580
0000219363011020130658012411400308
0000219373011020130658012659606589
0000219383011020130658013203162546
0000219393011020130658012334945570
0000219403011020130658012871852547
0000219413011020130658013331206627
0000219423011020130658012472772922
0000219433011020130659012282881631
0000219443011020130659013401850546
0000219453011020130659013363882547
0000219463011020130659012492327045
0000219473011020130659012037990253
0000219483011020130700012903261603
0000219493011020130700013321600586
0000219503011020130700013401046585
0000219513011020130701012319710177
0000219523011020130701013070461629
0000219533011020130701012875486545
0000219543011020130702012466389896
0000219553011020130702019004743637
0000219563011020130703012754949609
0000219573011020130703010814094594
0000219583011020130704012831422541
0000219593011020130704019037958373
0000219603011020130705012920097565
0000219613011020130705013093593580
0000219623011020130706013400722625
0000219633011020130707012865671609
0000219643011020130707012777729621
0000219653011020130707019020200863
0000219663011020130708020155059615
0000219673011020130708012532680158
0000219683011020130708012041427045
0000219693011020130709012816670580
0000219703011020130709012260374443
0000219713011020130709013290933562
0000219723011020130709012874112587
0000219733011020130709012735817549
0000219743011020130711012818195626
0000219753011020130711013090076569
0000219763011020130711012447613379
0000219773011020130711012929600588
0000219783011020130712010706821669
0000219793011020130712013403376604
0000219803011020130712019013677145
0000219813011020130712013281658589
0000219823011020130716019046327313
0000219833011020130716013317268629
0000219843011020130717013328123589
0000219853011020130719012991638119
0000219863011020130719012965982541
0000219873011020130725019010804235
0000219883011020130730013119326541
0000219893011020130746013320365621
0000219903011020130753012333684056
0000219913011020130820012833538563
0000219923011020130821010323336598
0000219933011020130822013107141584
0000219943011020130848012827624607
0000219953011020130950010098692434
0000219963011020131011012807241567
0000219973011020131615012807241567
0000219983011020131706012333684056
0000219993011020131709013320365621
0000220003011020131820013119326541
0000220013011020131828013107141584
0000220023011020131856019020200863
0000220033011020131856020155059615
0000220043011020131859010098692434
0000220053011020131900012524402128
0000220063011020131900012887774583
0000220073011020131901012151029095
0000220083011020131901012827624607
0000220093011020131901012827624607
0000220103011020131902012532680158
0000220113011020131903013363882547
0000220123011020131905013331206627
0000220133011020131905013007692546
0000220143011020131906019013677145
0000220153011020131908012037990253
0000220163011020131908013369088567
0000220173011020131913012434591746
0000220183011020131919010706821669
0000220193011020131920010706821669
0000220203011020131920012411400308
0000220213011020131920013290933562
0000220223011020131927013725052890
0000220233011020131934014779706277
0000220243011020131952010323336598
0000220253011020131954011995374975
0000220263011020132001013392662606
0000220273011020132020019038656575
0000220283021020130622012434591746
0000220293021020130642012783438625
0000220303021020130653019038656575
0000220313021020130653013369520620
0000220323021020130654012811853547
0000220333021020130654012609742624
0000220343021020130654012490249322
0000220353021020130654012395949754
0000220363021020130655012685193628
0000220373021020130655012802421540
0000220383021020130700012492327045
0000220393021020130700012858675548
0000220403021020130701012871852547
0000220413021020130701012755763541
0000220423021020130701012399503378
0000220433021020130701019004743637
0000220443021020130701013401850546
0000220453021020130701012472772922
0000220463021020130702012558608543
0000220473021020130702017026364330
0000220483021020130702012301355251
0000220493021020130702013392662606
0000220503021020130702013403376604
0000220513021020130702012991638119
0000220523021020130703016878978638
0000220533021020130703000213656981
0000220543021020130703012674640563
0000220553021020130703013255966565
0000220563021020130703012524402128
0000220573021020130703013725052890
0000220583021020130703013213003602
0000220593021020130704012492116249
0000220603021020130704013185946587
0000220613021020130704012435272180
0000220623021020130704013290933562
0000220633021020130704013217892584
0000220643021020130704012282881631
0000220653021020130705012559977569
0000220663021020130706012816670580
0000220673021020130707012695871602
0000220683021020130707012857629542
0000220693021020130707013070461629
0000220703021020130707012151029095
0000220713021020130707012319710177
0000220723021020130709012659606589
0000220733021020130710010329034658
0000220743021020130710012875486545
0000220753021020130711012390433490
0000220763021020130711012800428580
0000220773021020130711012874112587
0000220783021020130712013401046585
0000220793021020130712012887774583
0000220803021020130717013203162546
0000220813021020130721013401049584
0000220823021020130726013007692546
0000220833021020130726012449888529
0000220843021020130728019035051265
0000220853021020130740013398653587
0000220863021020130741012920097565
0000220873021020130741013321600586
0000220883021020130742012333684056
0000220893021020130743012333383161
0000220903021020130745013320365621
0000220913021020130752012818195626
0000220923021020130834013107141584
0000220933021020130844013119326541
0000220943021020130926010323336598
0000220973021020130935012807241567
0000220983021020130946020609833221
0000220993021020131002013320365621
0000221003021020131546012807241567
0000221013021020131546012807241567
0000221023021020131705013119326541
0000221033021020131706013107141584
0000221043021020131853012783438625
0000221053021020131857013090076569
0000221063021020131857012735817549
0000221073021020131857012041427045
0000221083021020131857012831422541
0000221093021020131900013290933562
0000221103021020131900012466389896
0000221113021020131900012685193628
0000221123021020131902010781784058
0000221133021020131905012333383161
0000221143021020131906012695871602
0000221153021020131908012449888529
0000221163021020131910012755763541
0000221173021020131914001306993412
0000221183021020131915012301355251
0000221193021020131927020609833221
0000221203021020131930019033931071
0000221213021020131936019045135046
0000221223021020131944013398653587
0000221233021020131948015677249274
0000221243021020132008000213656981
0000221253031020130655012411400308
0000221263031020130655018194979736
0000221273031020130655013369088567
0000221283031020130655010835146046
0000221293031020130655012532680158
0000221303031020130656013317268629
0000221313031020130656010706821669
0000221323031020130657013331206627
0000221333031020130657000123456789
0000221343031020130658022005112746
0000221353031020130658013100642545
0000221363031020130659016056869459
0000221373031020130659013401048588
0000221383031020130659012941754603
0000221393031020130700013090076569
0000221403031020130701012857629542
0000221413031020130701012037990253
0000221423031020130701012558608543
0000221433031020130701012492116249
0000221443031020130701013363882547
0000221453031020130701012735817549
0000221463031020130701016873046818
0000221473031020130702010329034658
0000221483031020130702012435272180
0000221493031020130702012041427045
0000221503031020130702013137755548
0000221513031020130702012811853547
0000221523031020130703001306993412
0000221533031020130703012420456450
0000221543031020130703020466386863
0000221553031020130703014405876270
0000221563031020130707016878978638
0000221573031020130708019013677145
0000221583031020130709012831422541
0000221593031020130709013399807626
0000221603031020130709012609742624
0000221613031020130709012858675548
0000221623031020130710013255966565
0000221633031020130710012466389896
0000221643031020130710013153038561
0000221653031020130711016508246071
0000221663031020130715012967588565
0000221673031020130717020129742540
0000221683031020130718013112801082
0000221693031020130718012399503378
0000221703031020130724013185946587
0000221713031020130724019035051265
0000221723031020130725017026364330
0000221733031020130726017026364330
0000221743031020130728013296784011
0000221753031020130728012802421540
0000221763031020130729012395949754
0000221773031020130729012390433490
0000221783031020130735013401049584
0000221793031020130738012490249322
0000221803031020130739020155059615
0000221813031020130739012333684056
0000221823031020130745012827624607
0000221833031020130746012944436629
0000221843031020130751013217892584
0000221853031020130751012559977569
0000221863031020130803013320365621
0000221873031020131007013107141584
0000221883031020131040010323336598
0000221893031020131656012333684056
0000221903031020131728013363882547
0000221913031020131835015230967270
0000221923031020131843020155059615
0000221933031020131857012063106373
0000221943031020131857013007692546
0000221953031020131857020942442053
0000221963031020131858012827624607
0000221973031020131858012887774583
0000221983031020131858015677249274
0000221993031020131900011678310993
0000222003031020131900012151029095
0000222013031020131900012674640563
0000222023031020131901013725052890
0000222033031020131902012434591746
0000222043031020131902012524402128
0000222053031020131903013112801082
0000222063031020131903013369088567
0000222073031020131903012037990253
0000222083031020131904012532680158
0000222093031020131904019013677145
0000222103031020131907012851782241
0000222113031020131908010706821669
0000222123031020131909012411400308
0000222133031020131913012944436629
0000222143031020131918013107141584
0000222153031020131928013331206627
0000222163041020130621015230967270
0000222173041020130659012466949662
0000222183041020130659013137755548
0000222193041020130659012951632543
0000222203041020130659012490398468
0000222213041020130659012755763541
0000222223041020130700013244234274
0000222233041020130700012301355251
0000222243041020130700013184829587
0000222253041020130700012754949609
0000222263041020130701012151029095
0000222273041020130701012555051696
0000222283041020130702012740695626
0000222293041020130702012435272180
0000222303041020130702012313272259
0000222313041020130702013317268629
0000222323041020130703012420439084
0000222333041020130703013357916605
0000222343041020130703013725052890
0000222353041020130704013399807626
0000222363041020130704013093593580
0000222373041020130704012674640563
0000222383041020130704012685193628
0000222393041020130704022005112746
0000222403041020130705014405876270
0000222413041020130705012524402128
0000222423041020130705012524402128
0000222433041020130705012063106373
0000222443041020130706011678310993
0000222453041020130706011678310993
0000222463041020130706012505603504
0000222473041020130707016508246071
0000222483041020130707013007692546
0000222493041020130708020129742540
0000222503041020130708012695871602
0000222513041020130710012363432195
0000222523041020130710012413662679
0000222533041020130710010835146046
0000222543041020130712012967588565
0000222553041020130715012887774583
0000222563041020130716000123456789
0000222573041020130716020466386863
0000222583041020130717012941754603
0000222593041020130717012449888529
0000222603041020130718010644130072
0000222613041020130719012434591746
0000222623041020130721013296784011
0000222633041020130723016873046818
0000222643041020130725012420456450
0000222653041020130728016056869459
0000222663041020130730013398653587
0000222673041020130731019017505411
0000222683041020130731013401048588
0000222693041020130736013368996605
0000222703041020130737012947497602
0000222713041020130738020609833221
0000222723041020130745013100642545
0000222733041020130758013320365621
0000222743041020130759019010804235
0000222753041020130804012333684056
0000222763041020130819015931944277
0000222773041020130824012851782241
0000222783041020130824012851782241
0000222793041020130825012851782241
0000222803041020130914012807241567
0000222813041020130939002324542220
0000222823041020130959010323336598
0000222833041020131643012333684056
0000222843041020131846012041427045
0000222853041020131851012831422541
0000222863041020131855001306993412
0000222873041020131857010814094594
0000222883041020131858013090076569
0000222893041020131858012735817549
0000222903041020131900011678310993
0000222913041020131902010781784058
0000222923041020131902012435272180
0000222933041020131902013368996605
0000222943041020131903012301355251
0000222953041020131910012695871602
0000222963041020131912012685193628
0000222973041020131913012755763541
0000222983041020131915020609833221
0000222993041020131916012466389896
0000223003041020131924012449888529
0000223013041020131955020309244646
0000223023041020132025010323336598
0000223033041020132132013342736541
0000223043051020130657012466389896
0000223053051020130657012685193628
0000223063051020130657015557192275
0000223073051020130657012659606589
0000223083051020130657013369088567
0000223093051020130659013331206627
0000223103051020130700012754949609
0000223113051020130700012466949662
0000223123051020130700012524402128
0000223133051020130701012411400308
0000223143051020130701012363432195
0000223153051020130701010706821669
0000223163051020130701010706821669
0000223173051020130702020075732046
0000223183051020130702013555034897
0000223193051020130702012555051696
0000223203051020130702013020160625
0000223213051020130702012462004515
0000223223051020130702013399807626
0000223233051020130702012552868314
0000223243051020130702016035695427
0000223253051020130703012461872203
0000223263051020130703012037990253
0000223273051020130703012623581624
0000223283051020130703012880912581
0000223293051020130703012041427045
0000223303051020130703017044332178
0000223313051020130703010814094594
0000223323051020130704015697168601
0000223333051020130704020309244646
0000223343051020130704013177673569
0000223353051020130705020129742540
0000223363051020130706015509633275
0000223373051020130706013184829587
0000223383051020130706013244234274
0000223393051020130708012313272259
0000223403051020130709013342736541
0000223413051020130710012490398468
0000223423051020130711013093593580
0000223433051020130716013090076569
0000223443051020130718014084176520
0000223453051020130719015931944277
0000223463051020130720012831422541
0000223473051020130721012688341547
0000223483051020130721013369520620
0000223493051020130723012505603504
0000223503051020130729010644130072
0000223513051020130730012420439084
0000223523051020130730012735817549
0000223533051020130731012947497602
0000223543051020130731012413662679
0000223553051020130732013357916605
0000223563051020130748012740695626
0000223573051020130845014605117276
0000223583051020130857020942442053
0000223593051020131853013007692546
0000223603051020131857012818195626
0000223613051020131858012151029095
0000223623051020131900014605117276
0000223633051020131900013725052890
0000223643051020131902013331206627
0000223653051020131902020942442053
0000223663051020131903012674640563
0000223673051020131904012037990253
0000223683051020131904013369088567
0000223693051020131905012818195626
0000223703051020131905010706821669
0000223713051020131905010706821669
0000223723051020131905012411400308
0000223733051020131910012434591746
0000223743051020131911012887774583
0000223753051020131925012685193628
0000223763051020131932012944436629
0000223773051020131959012473075206
0000223783061020130652014084176520
0000223793061020130653019046327313
0000223803061020130656012944436629
0000223813061020130656013051374813
0000223823061020130656012434591746
0000223833061020130657019017489882
0000223843061020130657016621902434
0000223853061020130700012301355251
0000223863061020130700012420439084
0000223873061020130700012524402128
0000223883061020130700012461872203
0000223893061020130700012260374443
0000223903061020130700012865671609
0000223913061020130701013328123589
0000223923061020130701012184621465
0000223933061020130701013281658589
0000223943061020130701012777729621
0000223953061020130701012674640563
0000223963061020130702012929600588
0000223973061020130702015509633275
0000223983061020130702019013677145
0000223993061020130703013355444544
0000224003061020130703012435272180
0000224013061020130703020075732046
0000224023061020130705012473075206
0000224033061020130705012659606589
0000224043061020130706013399807626
0000224053061020130706013555034897
0000224063061020130708012965982541
0000224073061020130708012755763541
0000224083061020130709012151029095
0000224093061020130710015557192275
0000224103061020130710012449888529
0000224113061020130710012334945570
0000224123061020130710012903261603
0000224133061020130710012688341547
0000224143061020130711012623581624
0000224153061020130711013007692546
0000224163061020130711020129742540
0000224173061020130712012995319581
0000224183061020130713013725052890
0000224193061020130713012695871602
0000224203061020130713013020160625
0000224213061020130715012462004515
0000224223061020130716017018803649
0000224233061020130716010781784058
0000224243061020130716010781784058
0000224253061020130716017044332178
0000224263061020130716015697168601
0000224273061020130719013177673569
0000224283061020130721016035695427
0000224293061020130722012887774583
0000224303061020130744012537935634
0000224313061020130809014779706277
0000224323061020131714010323336598
0000224333061020131855012685193628
0000224343061020131855012466389896
0000224353061020131857012831422541
0000224363061020131857013090076569
0000224373061020131859010814094594
0000224383061020131859012735817549
0000224393061020131904014779706277
0000224403061020131907012041427045
0000224413061020131911012695871602
0000224423061020131911019045135046
0000224433061020131913010781784058
0000224443061020131913019013677145
0000224453061020131914012449888529
0000224463061020131917012755763541
0000224473061020131920012732466605
0000224483061020131921012301355251
0000224493061020131945019038656575
0000224503061020132047010323336598
0000224513071020130656013369088567
0000224523071020130656012411400308
0000224533071020130657014299215784
0000224543071020130658010814094594
0000224553071020130658017018803649
0000224563071020130659013090076569
0000224573071020130700012041427045
0000224583071020130700013213003602
0000224593071020130700013401850546
0000224603071020130700012492327045
0000224613071020130701012037990253
0000224623071020130701013203162546
0000224633071020130701013400722625
0000224643071020130702012659606589
0000224653071020130702013051374813
0000224663071020130702013317268629
0000224673071020130702012435272180
0000224683071020130702020774970167
0000224693071020130703013401046585
0000224703071020130703012831422541
0000224713071020130704019046327313
0000224723071020130704012420439084
0000224733071020130704013328123589
0000224743071020130704012260374443
0000224753071020130704013137755548
0000224763071020130705019004743637
0000224773071020130705012472772922
0000224783071020130705012447613379
0000224793071020130705012532680158
0000224803071020130706013331206627
0000224813071020130706012466389896
0000224823071020130707013321600586
0000224833071020130708019017489882
0000224843071020130709012871852547
0000224853071020130710012874112587
0000224863071020130710012995319581
0000224873071020130711012920097565
0000224883071020130711012334945570
0000224893071020130711013281658589
0000224903071020130714012735817549
0000224913071020130715012818195626
0000224923071020130715012875486545
0000224933071020130715012903261603
0000224943071020130715012929600588
0000224953071020130717012777729621
0000224963071020130720012184621465
0000224973071020130721016621902434
0000224983071020130721013355444544
0000224993071020130722012732466605
0000225003071020130722019037958373
0000225013071020130723010706821669
0000225023071020130723010706821669
0000225033071020130728012865671609
0000225043071020130743012333684056
0000225053071020130749012537935634
0000225063071020130817013320365621
0000225073071020130824012851782241
0000225083071020130828010323336598
0000225093071020130856012807241567
0000225103071020130908002324542220
0000225113071020130925011995374975
0000225123071020131038013107141584
0000225133071020131223012319710177
0000225143071020131452012807241567
0000225153071020131700012333684056
0000225163071020131710013320365621
0000225173071020131853013007692546
0000225183071020131900012674640563
0000225193071020131900012887774583
0000225203071020131900013725052890
0000225213071020131900012434591746
0000225223071020131901012151029095
0000225233071020131902010706821669
0000225243071020131902010706821669
0000225253071020131903012411400308
0000225263071020131903013331206627
0000225273071020131904012524402128
0000225283071020131904012532680158
0000225293071020131904012037990253
0000225303071020131905013369088567
0000225313071020131907011995374975
0000225323071020131908017017226737
0000225333071020131908014299215784
0000225343071020131917018087972363
0000225353071020131928013284343341
0000225363071020132012013107141584
0000225373071020132031010323336598
0000225383081020130618012818195626
0000225393081020130643012802421540
0000225403081020130650017017226737
0000225413081020130654019000064859
0000225423081020130659012490249322
0000225433081020130659012755763541
0000225443081020130659012800428580
0000225453081020130700013213003602
0000225463081020130700012871852547
0000225473081020130700012659606589
0000225483081020130700012435272180
0000225493081020130701012685193628
0000225503081020130701012472772922
0000225513081020130701013137755548
0000225523081020130702012492327045
0000225533081020130703013321600586
0000225543081020130703012609742624
0000225553081020130703010781784058
0000225563081020130703012492116249
0000225573081020130703012559977569
0000225583081020130703013007692546
0000225593081020130704013217892584
0000225603081020130704012816670580
0000225613081020130705020774970167
0000225623081020130705013403376604
0000225633081020130705013400722625
0000225643081020130705012395949754
0000225653081020130705012524402128
0000225663081020130705012674640563
0000225673081020130705012558608543
0000225683081020130706012399503378
0000225693081020130706013725052890
0000225703081020130706012434591746
0000225713081020130706013290933562
0000225723081020130706012151029095
0000225733081020130706019037958373
0000225743081020130706012833538563
0000225753081020130707019013677145
0000225763081020130707013185946587
0000225773081020130707012887774583
0000225783081020130708012811853547
0000225793081020130710012875486545
0000225803081020130710012449888529
0000225813081020130710013401850546
0000225823081020130711013317268629
0000225833081020130711013203162546
0000225843081020130713012447613379
0000225853081020130713019020200863
0000225863081020130714013401049584
0000225873081020130715012319710177
0000225883081020130715012991638119
0000225893081020130715019004743637
0000225903081020130715013401046585
0000225913081020130715017026364330
0000225923081020130715012874112587
0000225933081020130716012695871602
0000225943081020130721019035051265
0000225953081020130722012301355251
0000225963081020130736012920097565
0000225973081020130740020155059615
0000225983081020130750012333684056
0000225993081020130812013107141584
0000226003081020130821011995374975
0000226013081020130831013320365621
0000226023081020130851012827624607
0000226033081020130958012807241567
0000226043081020131032010323336598
0000226063081020131420010323336598
0000226073081020131451012807241567
0000226083081020131658012333684056
0000226093081020131718013320365621
0000226103081020131851001306993412
0000226113081020131857020155059615
0000226123081020131857019020200863
0000226133081020131858013090076569
0000226143081020131859012041427045
0000226153081020131859012466389896
0000226163081020131900012674640563
0000226173081020131900012831422541
0000226183081020131900012685193628
0000226193081020131902013290933562
0000226203081020131903010781784058
0000226213081020131904019013677145
0000226223081020131905012435272180
0000226233081020131905012301355251
0000226243081020131906012695871602
0000226253081020131913012755763541
0000226263081020131914012827624607
0000226273081020131914012827624607
0000226283081020131919012449888529
0000226293081020131937013107141584
0000226303081020131938012532680158
0000226313081020132000014779706277
0000226323081020132013019038656575
0000226333081020132022013392662606
0000226343091020130651012783438625
0000226353091020130653012558608543
0000226363091020130653012411400308
0000226373091020130655012063106373
0000226383091020130655011995374975
0000226393091020130655012466389896
0000226403091020130657013369520620
0000226413091020130658012555051696
0000226423091020130659012153973831
0000226433091020130659010835146046
0000226443091020130659013369088567
0000226453091020130659013317268629
0000226463091020130700022005112746
0000226473091020130700018194979736
0000226483091020130700010706821669
0000226493091020130700010706821669
0000226503091020130701012941754603
0000226513091020130701012857629542
0000226523091020130702000123456789
0000226533091020130703013331206627
0000226543091020130703012041427045
0000226553091020130703012390433490
0000226563091020130703012037990253
0000226573091020130704019035051265
0000226583091020130704012395949754
0000226593091020130704012777729621
0000226603091020130704001306993412
0000226613091020130705012492116249
0000226623091020130705016056869459
0000226633091020130705013090076569
0000226643091020130705012532680158
0000226653091020130706000213656981
0000226663091020130706012532680158
0000226673091020130706020466386863
0000226683091020130706013401048588
0000226693091020130707013392662606
0000226703091020130707012399503378
0000226713091020130707012674640563
0000226723091020130708013185946587
0000226733091020130708016508246071
0000226743091020130708013217892584
0000226753091020130709019000064859
0000226763091020130710012811853547
0000226773091020130711012685193628
0000226783091020130714012800428580
0000226793091020130715012816670580
0000226803091020130715013403376604
0000226813091020130715012831422541
0000226823091020130717012490249322
0000226833091020130717012967588565
0000226843091020130721013401049584
0000226853091020130724012833538563
0000226863091020130727017026364330
0000226873091020130728016878978638
0000226883091020130731013290933562
0000226893091020130733012609742624
0000226903091020130742012802421540
0000226913091020130744012333684056
0000226923091020130744013051374813
0000226933091020130755020155059615
0000226943091020130807013320365621
0000226953091020130812020609833221
0000226963091020130921012559977569
0000226973091020130945010323336598
0000226983091020131113012807241567
0000226993091020131654012333684056
0000227003091020131702013320365621
0000227013091020131844012783438625
0000227023091020131844012807241567
0000227033091020131854020155059615
0000227043091020131901012524402128
0000227053091020131901012151029095
0000227063091020131901010706821669
0000227073091020131901010706821669
0000227083091020131901013290933562
0000227093091020131902012674640563
0000227103091020131903012037990253
0000227113091020131904012532680158
0000227123091020131904013369088567
0000227133091020131906000213656981
0000227143091020131906013725052890
0000227153091020131908012411400308
0000227163091020131908012411400308
0000227173091020131908013007692546
0000227183091020131910012887774583
0000227193091020131911019033931071
0000227203091020131948020609833221
0000227213091020132004019038656575
0000227223091020132011019045135046
0000227233091020132030015677249274
0000227243091020132035020942442053
0000227253101020130545019033931071
0000227263101020130658013100642545
0000227273101020130658012420439084
0000227283101020130658012685193628
0000227293101020130659016873046818
0000227303101020130659014405876270
0000227313101020130659012490398468
0000227323101020130659012313272259
0000227333101020130659013184829587
0000227343101020130659013244234274
0000227353101020130700012555051696
0000227363101020130700012435272180
0000227373101020130700012363432195
0000227383101020130700010781784058
0000227393101020130701022005112746
0000227403101020130702012674640563
0000227413101020130703016508246071
0000227423101020130703012505603504
0000227433101020130704018194979736
0000227443101020130704012857629542
0000227453101020130705013725052890
0000227463101020130705012411400308
0000227473101020130706012524402128
0000227483101020130706012153973831
0000227493101020130706012063106373
0000227503101020130708012411137437
0000227513101020130708012777729621
0000227523101020130708012755763541
0000227533101020130708012151029095
0000227543101020130712019013677145
0000227553101020130713012887774583
0000227563101020130714016878978638
0000227573101020130715010835146046
0000227583101020130716016056869459
0000227593101020130716013051374813
0000227603101020130717012967588565
0000227613101020130718012301355251
0000227623101020130718013007692546
0000227633101020130720012695871602
0000227643101020130721012947497602
0000227653101020130722020466386863
0000227663101020130723012449888529
0000227673101020130729000123456789
0000227683101020130729012390433490
0000227693101020130734013296784011
0000227703101020130734019038656575
0000227713101020130734013112801082
0000227723101020130740012827624607
0000227733101020130743013317268629
0000227743101020130743012941754603
0000227753101020130743013401048588
0000227763101020130758012944436629
0000227773101020130820013320365621
0000227783101020130826012333684056
0000227793101020130855013107141584
0000227803101020130934020155059615
0000227813101020130954010323336598
0000227823101020131004013357916605
0000227833101020131130012466949662
