0000219023300920131720012333684056
0000219033300920131826020774970167
0000219043300920131850012466389896
0000219053300920131850013090076569
0000219063300920131853001306993412
0000219073300920131854012831422541
0000219083300920131856012184621465
0000219093300920131856013317268629
0000219103300920131900012558608543
0000219113300920131900012041427045
0000219123300920131901012735817549
0000219133300920131901012695871602
0000219143300920131902010814094594
0000219153300920131904014299215784
0000219163300920131908012449888529
0000219173300920131908012435272180
0000219183300920131912017017226737
0000219193300920131914012755763541
0000219203300920131922018087972363
0000219213300920131925013391062583
0000219223300920131932012685193628
0000219233300920131933013284343341
0000219243300920131935013107141584
0000219253300920132050010323336598
0000219263300920132105019010804235
0000219273011020130507013284343341
0000219283011020130625013391062583
0000219293011020130643017017226737
0000219303011020130653013369088567
0000219313011020130655013051374813
0000219323011020130657013213003602
0000219333011020130657012558608543
0000219343011020130657013355444544
0000219353011020130657012800428580
0000219363011020130658012411400308
0000219373011020130658012659606589
0000219383011020130658013203162546
0000219393011020130658012334945570
0000219403011020130658012871852547
0000219413011020130658013331206627
0000219423011020130658012472772922
0000219433011020130659012282881631
0000219443011020130659013401850546
0000219453011020130659013363882547
0000219463011020130659012492327045
0000219473011020130659012037990253
0000219483011020130700012903261603
0000219493011020130700013321600586
0000219503011020130700013401046585
0000219513011020130701012319710177
0000219523011020130701013070461629
0000219533011020130701012875486545
0000219543011020130702012466389896
0000219553011020130702019004743637
0000219563011020130703012754949609
0000219573011020130703010814094594
0000219583011020130704012831422541
0000219593011020130704019037958373
0000219603011020130705012920097565
0000219613011020130705013093593580
0000219623011020130706013400722625
0000219633011020130707012865671609
0000219643011020130707012777729621
0000219653011020130707019020200863
0000219663011020130708020155059615
0000219673011020130708012532680158
0000219683011020130708012041427045
0000219693011020130709012816670580
0000219703011020130709012260374443
0000219713011020130709013290933562
0000219723011020130709012874112587
0000219733011020130709012735817549
0000219743011020130711012818195626
0000219753011020130711013090076569
0000219763011020130711012447613379
0000219773011020130711012929600588
0000219783011020130712010706821669
0000219793011020130712013403376604
0000219803011020130712019013677145
0000219813011020130712013281658589
0000219823011020130716019046327313
0000219833011020130716013317268629
0000219843011020130717013328123589
0000219853011020130719012991638119
0000219863011020130719012965982541
0000219873011020130725019010804235
0000219883011020130730013119326541
0000219893011020130746013320365621
0000219903011020130753012333684056
0000219913011020130820012833538563
0000219923011020130821010323336598
0000219933011020130822013107141584
0000219943011020130848012827624607
0000219953011020130950010098692434
0000219963011020131011012807241567
