0000172703250920131701015158393927
0000172713250920131703011673323736
0000172723250920131703013125167603
0000172733250920131706012307326385
0000172743250920131744012783125562
0000172753250920131836019045449563
0000172763250920131847012778632540
0000172773250920131854011746545393
0000172783250920131856012712971606
0000172793250920131856013377139620
0000172803250920131856012395847870
0000172813250920131900012773587628
0000172823250920131901012135489125
0000172833250920131903012514404144
0000172843250920131903012174039224
0000172853250920131908021049902353
0000172863250920131909013129824587
0000172873250920131909012627126581
0000172883250920131910013118993625
0000172893250920131929019041931174
0000172903250920131929010876043071
0000172913250920131932013371642584
0000172923250920131941013140229819
0000172933250920131952013184820628
0000172943260920130636013293086585
0000172953260920130637012055044194
0000172963260920130639012627126581
0000172973260920130647012044838127
0000172983260920130648012808698609
0000172993260920130649020766589913
0000173003260920130651019037540603
0000173013260920130651012712971606
0000173023260920130654013013631936
0000173033260920130655013401841547
0000173043260920130700012425265343
0000173053260920130700012484626136
0000173063260920130700020383665900
0000173073260920130701012741887561
0000173083260920130703020762906159
0000173093260920130704013160731625
0000173103260920130704013310789542
0000173113260920130705012395847870
0000173123260920130705012837226620
0000173133260920130707016880903348
0000173143260920130708011746545393
0000173153260920130708012859127013
0000173163260920130709012619969567
0000173173260920130710012859837606
0000173183260920130710012814459564
0000173193260920130711013140229819
0000173203260920130711013351993586
0000173213260920130711013361048566
0000173223260920130714012817518626
0000173233260920130715019045449563
0000173243260920130717012292138729
0000173253260920130718012595873565
0000173263260920130721012778632540
0000173273260920130722012430534373
0000173283260920130723011689022269
0000173293260920130723012204992242
0000173303260920130727013369914629
0000173313260920130727021276334550
0000173323260920130730010114743468
0000173333260920130733016526651713
0000173343260920130738012946754563
0000173353260920130754013076972609
0000173363260920130759013125167603
0000173373260920130813012307326385
0000173383260920130813012783125562
0000173393260920130930019001653793
0000173403260920131147019001653793
0000173413260920131147013125167603
0000173423260920131718012307326385
0000173433260920131730012783125562
0000173443260920131847012055044194
0000173453260920131847017018779330
0000173463260920131848020397422312
0000173473260920131902012734867585
0000173483260920131902013160731625
0000173493260920131905012477118082
0000173503260920131907013153124824
0000173513260920131907012357324394
0000173523260920131910012814459564
0000173533260920131912019013698061
0000173543260920131915010328718456
0000173553260920131925020766589913
0000173563270920130634012174039224
0000173573270920130642013288847565
0000173583270920130646013118993625
0000173593270920130647021049902353
0000173603270920130650013193663580
0000173613270920130652020951793491
0000173623270920130654012818230588
0000173633270920130654012556217601
0000173643270920130654012122672651
0000173653270920130654011678318226
0000173663270920130655012976732568
0000173673270920130656012592868544
0000173683270920130656012671658607
0000173693270920130656013293086585
0000173703270920130656013310789542
0000173713270920130658010711509686
0000173723270920130658010328718456
0000173733270920130659013160616621
0000173743270920130701012339089338
0000173753270920130702012477118082
0000173763270920130702012734867585
0000173773270920130703013308879564
0000173783270920130704012553018799
0000173793270920130704013013631936
0000173803270920130704012596634580
0000173813270920130705013401841547
0000173823270920130709019037540603
0000173833270920130709010876043071
0000173843270920130710012357324394
0000173853270920130713010079646031
0000173863270920130714012098244160
0000173873270920130714012044838127
0000173883270920130715013308041544
0000173893270920130717013184820628
0000173903270920130718012859837606
0000173913270920130723020397422312
0000173923270920130724012204992242
0000173933270920130725016880903348
0000173943270920130725012665679584
0000173953270920130725012817518626
0000173963270920130726016386064632
0000173973270920130730021276334550
0000173983270920130731021276334550
0000173993270920130731017018779330
0000174003270920130732012339227943
0000174013270920130807013125167603
0000174023270920130808013129824587
0000174033270920130814012783125562
0000174043270920130826012307326385
0000174053270920131700011673323736
0000174063270920131706012783125562
0000174073270920131718012307326385
0000174083270920131826017040273894
0000174093270920131850012514404144
0000174103270920131854012395847870
0000174113270920131904012665679584
0000174123270920131905012174039224
0000174133270920131906012778632540
0000174143270920131906013371642584
0000174153270920131907012339227943
0000174163270920131908013184820628
0000174173270920131908013351993586
0000174183270920131911010085451093
0000174193270920131911019041931174
0000174203270920131912013118993625
0000174213270920131917017067687843
0000174223270920131922010876043071
0000174233270920131922021049902353
0000174243270920131922010079646031
0000174253270920131923021276334550
0000174263270920131937013129824587
0000174273280920130631013308879564
0000174283280920130631012413081129
0000174293280920130647012505353990
0000174303280920130649013288847565
0000174313280920130650012976732568
0000174323280920130650013315726581
0000174333280920130652020766589913
0000174343280920130654012015174275
0000174353280920130655020351992337
0000174363280920130656011678318226
0000174373280920130656012818230588
0000174383280920130656013371642584
0000174393280920130657013208061608
0000174403280920130658020466442852
0000174413280920130700013355325561
0000174423280920130700012395847870
0000174433280920130700012514404144
0000174443280920130700012756864589
0000174453280920130701017040273894
0000174463280920130702012671658607
0000174473280920130702012885122546
0000174483280920130703013125167603
0000174493280920130703014478266987
0000174503280920130704011974562373
0000174513280920130705013193663580
0000174523280920130706013351993586
0000174533280920130708012592868544
0000174543280920130708020762906159
0000174553280920130709012596634580
0000174563280920130709012778632540
0000174573280920130710012814459564
0000174583280920130711020193169813
0000174593280920130712010711509686
0000174603280920130713012292907986
0000174613280920130714013160731625
0000174623280920130714012118635933
0000174633280920130715012098244160
0000174643280920130715012122672651
0000174653280920130715020951793491
0000174663280920130716010085451093
0000174673280920130717012553018799
0000174683280920130722013160616621
0000174693280920130724017067687843
0000174703280920130725019041931174
0000174713280920130725012691164626
0000174723280920130729013377139620
0000174733280920130729018194778021
0000174743280920130729013135738549
0000174753280920130758010867120212
0000174763280920130802016994085008
0000174773280920131823010762795937
0000174783280920131832010328718456
0000174793280920131852013153124824
0000174803280920131853013377139620
0000174813280920131853013377139620
0000174823280920131853020466442852
0000174833280920131856014478266987
0000174843280920131858012505353990
0000174853280920131858020397422312
0000174863280920131859017018779330
0000174873280920131900012814459564
0000174883280920131900012357324394
0000174893280920131901020762906159
0000174903280920131903013125167603
0000174913280920131905012514330493
0000174923280920131905020766589913
0000174933280920131905013135738549
0000174943280920131907013160731625
0000174953280920131907016386064632
0000174963280920131914013157400567
0000174973280920131925012413081129
0000174983290920130610015104579275
0000174993290920130619018194778021
0000175003290920130630012292907986
0000175013290920130633016994085008
0000175023290920130645021049902353
0000175033290920130648013118993625
0000175043290920130649012514330493
0000175053290920130649012174039224
0000175063290920130649013114130568
0000175073290920130651013184820628
0000175083290920130652013403372609
0000175093290920130654020397422312
0000175103290920130654019045449563
0000175113290920130655017018779330
0000175123290920130655012650140544
0000175133290920130656013153124824
0000175143290920130657012691164626
0000175153290920130657020649114978
0000175163290920130658012885122546
0000175173290920130658015475388273
0000175183290920130659012691007563
0000175193290920130700011974562373
0000175203290920130700012450019008
0000175213290920130701010112236089
0000175223290920130703012357324394
0000175233290920130706012514400858
0000175243290920130706010876043071
0000175253290920130707020484599350
0000175263290920130708013030039608
0000175273290920130712012627126581
0000175283290920130713012390487477
0000175293290920130716012756864589
0000175303290920130719013355325561
0000175313290920130720013208061608
0000175323290920130722017050316499
0000175333290920130723012878642580
0000175343290920130724010079646031
0000175353290920130726012118635933
0000175363290920130726010762795937
0000175373290920130727013157400567
0000175383290920130733012931655602
0000175393290920130736012015174275
0000175403290920130736016386064632
0000175413290920130739013315726581
0000175423290920130832011673323736
0000175433290920131059011673323736
0000175443290920131850012778632540
0000175453290920131852012514404144
0000175463290920131859013351993586
0000175473290920131906010876043071
0000175483290920131906012174039224
0000175493290920131907013371642584
0000175503290920131907010079646031
0000175513290920131912013118993625
0000175523290920131916021049902353
0000175533290920131918012395847870
0000175543290920131941013366964560
0000175553300920130626013339016541
0000175563300920130637012537482184
0000175573300920130642012627126581
0000175583300920130643013090879629
0000175593300920130644018221234953
0000175603300920130646013263878580
0000175613300920130647012703338602
0000175623300920130653013403370606
0000175633300920130653012135661173
0000175643300920130654013239337567
0000175653300920130657020466442852
0000175663300920130700015475388273
0000175673300920130703013403377600
0000175683300920130703012395847870
0000175693300920130703020766589913
0000175703300920130704013403372609
0000175713300920130704012514404144
0000175723300920130705012878642580
0000175733300920130706013014895600
0000175743300920130706012901014544
0000175753300920130706010777528158
0000175763300920130706010112236089
0000175773300920130707013371642584
0000175783300920130707012548955976
0000175793300920130707013160731625
0000175803300920130707012778632540
0000175813300920130708012514400858
0000175823300920130708012734867585
0000175833300920130708012514330493
0000175843300920130708012814459564
0000175853300920130708012390487477
0000175863300920130708012372950241
0000175873300920130709012372950241
0000175883300920130709013163919587
0000175893300920130711017050316499
0000175903300920130711013156565562
0000175913300920130711012450019008
0000175923300920130712012650140544
0000175933300920130713013114130568
0000175943300920130715020762906159
0000175953300920130716013125167603
0000175963300920130716019045449563
0000175973300920130718013351993586
0000175983300920130724013157400567
0000175993300920130729020649114978
0000176003300920130736013030039608
0000176013300920130748012307326385
0000176023300920130752011673323736
0000176033300920130754012691007563
0000176043300920130755012931655602
0000176053300920130803012783125562
0000176063300920131609019001653793
0000176073300920131656012055044194
0000176083300920131722011673323736
0000176093300920131728012307326385
0000176103300920131730019001653793
0000176113300920131843017018779330
0000176123300920131845010328718456
0000176133300920131855012901014544
0000176143300920131856020762906159
0000176153300920131900016386064632
0000176163300920131903012814459564
0000176173300920131903012357324394
0000176183300920131903020466442852
0000176193300920131906012734867585
0000176203300920131907020397422312
0000176213300920131909020766589913
0000176223300920131915013125167603
0000176233300920131917013160731625
0000176243300920131917013156565562
0000176253300920131919010777528158
0000176263300920131933013339016541
0000176273300920132037012783125562
0000176283011020130626012712971606
0000176293011020130635013090879629
0000176303011020130641013184820628
0000176313011020130644012703338602
0000176323011020130646016612845237
0000176333011020130646013369914629
0000176343011020130646013339016541
0000176353011020130649013129824587
0000176363011020130649013208061608
0000176373011020130651013198509547
0000176383011020130652010711509686
0000176393011020130653021260832386
0000176403011020130654011222657923
0000176413011020130654012174039224
0000176423011020130654011325820606
0000176433011020130654012773587628
0000176443011020130654013341608566
0000176453011020130655019013249720
0000176463011020130655013118993625
0000176473011020130656012207990283
0000176483011020130656012380963721
0000176493011020130658013239337567
0000176503011020130700012357324394
0000176513011020130700018221234953
0000176523011020130702013157400567
0000176533011020130702021049902353
0000176543011020130703020397422312
0000176553011020130703010876043071
0000176563011020130704012055044194
0000176573011020130705012808698609
0000176583011020130707013403377600
0000176593011020130709013014895600
0000176603011020130709013403370606
0000176613011020130710013153124824
0000176623011020130714012135661173
0000176633011020130714017018779330
0000176643011020130715013154043542
0000176653011020130716013135738549
0000176663011020130716010777528158
0000176673011020130718016526651713
0000176683011020130722012454145210
0000176693011020130722012837226620
0000176703011020130724011689022269
0000176713011020130725012292138729
0000176723011020130805011673323736
0000176733011020130816012307326385
0000176743011020130836013263878580
0000176753011020130842012783125562
0000176763011020131704011673323736
0000176773011020131713012307326385
0000176783011020131819012783125562
0000176793011020131820017040273894
0000176803011020131845012778632540
0000176813011020131846013351993586
0000176823011020131857012395847870
0000176833011020131859021049902353
0000176843011020131902013341608566
0000176853011020131903012477118082
0000176863011020131904010777528158
0000176873011020131904012174039224
0000176883011020131908010876043071
0000176893011020131908012627126581
0000176903011020131913013118993625
0000176913011020131913010085451093
0000176923011020131914012773587628
0000176933011020131921013371642584
0000176943011020131933013135738549
0000176953011020131934013154043542
0000176963011020131938013129824587
0000176973011020132009012514404144
0000176983011020132014013339016541
0000176993011020132015013184820628
0000177003021020130603019013249720
0000177013021020130635016612845237
0000177023021020130637012425265343
0000177033021020130639012484626136
0000177043021020130640012712971606
0000177053021020130646013250292566
0000177063021020130647017018838361
0000177073021020130648013160616621
0000177083021020130653012044838127
0000177093021020130654013310789542
0000177103021020130654012741887561
0000177113021020130657013125167603
0000177123021020130659012859837606
0000177133021020130700013208061608
0000177143021020130700012395847870
0000177153021020130700012477118082
0000177163021020130700012619969567
0000177173021020130701020383665900
0000177183021020130701012207990283
0000177193021020130702011325820606
0000177203021020130703013293086585
0000177213021020130704020766589913
0000177223021020130704012946754563
0000177233021020130704020466442852
0000177243021020130704012627126581
0000177253021020130705013369914629
0000177263021020130707012514404144
0000177273021020130707013371642584
0000177283021020130708012380963721
0000177293021020130709016880903348
0000177303021020130709020762906159
0000177313021020130709010851838984
0000177323021020130710012430534373
0000177333021020130710010711509686
0000177343021020130711012135489125
0000177353021020130711013198509547
0000177363021020130712012814459564
0000177373021020130712012837226620
0000177383021020130715012454145210
0000177393021020130716013351993586
0000177403021020130716012778632540
0000177413021020130719010085451093
0000177423021020130719010085451093
0000177433021020130719011222657923
0000177443021020130726013160731625
0000177453021020130726012808698609
0000177463021020130726021260832386
0000177473021020130726016526651713
0000177483021020130729017040273894
0000177493021020130729012204992242
0000177503021020130730012225438198
0000177513021020130732012188202637
0000177523021020130733013356370609
0000177533021020130739011497465189
0000177543021020130739012292138729
0000177553021020130748012817518626
0000177563021020130802011673323736
0000177573021020130811012307326385
0000177583021020130824012783125562
0000177593021020130840019041931174
0000177603021020131717011673323736
0000177613021020131718012307326385
0000177623021020131817012783125562
0000177633021020131842011497465189
0000177643021020131851020397422312
0000177653021020131854017018779330
0000177663021020131856011746545393
0000177673021020131856013341608566
0000177683021020131903012357324394
0000177693021020131904020762906159
0000177703021020131904012814459564
0000177713021020131905010328718456
0000177723021020131906013160731625
0000177733021020131907020466442852
0000177743021020131908020766589913
0000177753021020131911013377139620
0000177763021020131917013160616621
0000177773021020131918013153124824
0000177783021020131922012135489125
0000177793021020131924017018838361
0000177803021020131924013125167603
0000177813021020131936013366964560
0000177823031020130645020951793491
0000177833031020130649013160616621
0000177843031020130649012650140544
0000177853031020130649012596634580
0000177863031020130650013118993625
0000177873031020130650012174039224
0000177883031020130650012818230588
0000177893031020130651012671658607
0000177903031020130651012537308788
0000177913031020130651011678318226
0000177923031020130654012859837606
0000177933031020130654013288847565
0000177943031020130654013013631936
0000177953031020130655013013631936
0000177963031020130655013401841547
0000177973031020130657021049902353
0000177983031020130658012055044194
0000177993031020130659013308879564
0000178003031020130700012425265343
0000178013031020130701019037540603
0000178023031020130701012592868544
0000178033031020130701012484626136
0000178043031020130702020383665900
0000178053031020130702012741887561
0000178063031020130702010328718456
0000178073031020130703012357324394
0000178083031020130703010876043071
0000178093031020130704011746545393
0000178103031020130704013341608566
0000178113031020130705012817518626
0000178123031020130707013076972609
0000178133031020130708016880903348
0000178143031020130708020397422312
0000178153031020130708013153124824
0000178163031020130709013377139620
0000178173031020130712012619969567
0000178183031020130713013184820628
0000178193031020130717013250292566
0000178203031020130718013366964560
0000178213031020130721013308041544
0000178223031020130722012225438198
0000178233031020130722012553018799
0000178243031020130724010851838984
0000178253031020130724012188202637
0000178263031020130727012339089338
0000178273031020130727011689022269
0000178283031020130739021276334550
0000178293031020130751017018779330
0000178303031020130757012204992242
0000178313031020130813012307326385
0000178323031020130829012783125562
0000178333031020130859011673323736
0000178343031020131702012307326385
0000178353031020131702011673323736
0000178363031020131823012783125562
0000178373031020131826012055044194
0000178383031020131843012778632540
0000178393031020131847012514404144
0000178403031020131852013351993586
0000178413031020131854012395847870
0000178423031020131857021276334550
0000178433031020131900012174039224
0000178443031020131905012477118082
0000178453031020131908012734867585
0000178463031020131908019045449563
0000178473031020131909021049902353
0000178483031020131909013118993625
0000178493031020131912019013698061
0000178503031020131913013288847565
0000178513031020131922013371642584
0000178523031020131924013160616621
0000178533041020130640010762795937
0000178543041020130641020762906159
0000178553041020130648010711509686
0000178563041020130651012976732568
0000178573041020130651012756864589
0000178583041020130654015104579275
0000178593041020130657020466442852
0000178603041020130658012702788620
0000178613041020130700020951793491
0000178623041020130700012477118082
0000178633041020130700012537308788
0000178643041020130700012778632540
0000178653041020130701012395847870
0000178663041020130701011678318226
0000178673041020130702012556217601
0000178683041020130703013401841547
0000178693041020130704020766589913
0000178703041020130704012514404144
0000178713041020130706012413081129
0000178723041020130706012413081129
0000178733041020130707013013631936
0000178743041020130707013013631936
0000178753041020130707012292907986
0000178763041020130708019045449563
0000178773041020130709019037540603
0000178783041020130709013308879564
0000178793041020130710012339089338
0000178803041020130710012553018799
0000178813041020130710012505353990
0000178823041020130710012818230588
0000178833041020130711013351993586
0000178843041020130712013308041544
0000178853041020130712013371642584
0000178863041020130712012118635933
0000178873041020130714010867120212
0000178883041020130714013125167603
0000178893041020130715012814459564
0000178903041020130715012665679584
0000178913041020130720021276334550
0000178923041020130721019013698061
0000178933041020130725020193169813
0000178943041020130727012339227943
0000178953041020130727012691164626
0000178963041020130727011673323736
0000178973041020130728012592868544
0000178983041020130735010079646031
0000178993041020130736013160731625
0000179003041020130748012885122546
0000179013041020130750016994085008
0000179023041020130757013076972609
0000179033041020130820012783125562
0000179043041020130825012307326385
0000179053041020130832012650140544
0000179063041020130833013193663580
0000179073041020131714012307326385
0000179083041020131714011673323736
0000179093041020131733012783125562
0000179103041020131825017040273894
0000179113041020131836010328718456
0000179123041020131855012514330493
0000179133041020131857017018779330
0000179143041020131901017067687843
0000179153041020131903012357324394
0000179163041020131904020466442852
0000179173041020131908012339227943
0000179183041020131908012505353990
0000179193041020131909020766589913
0000179203041020131909012859837606
0000179213041020131911012814459564
0000179223041020131912012665679584
0000179233041020131914020397422312
0000179243041020131914013153124824
0000179253041020131916013125167603
0000179263041020131917016386064632
0000179273041020131917019041931174
0000179283041020131917020762906159
0000179293041020131919013160731625
0000179303041020131920020193169813
0000179313041020131928010085451093
0000179323041020131929021276334550
0000179333041020131932010079646031
0000179343051020130622012118635933
0000179353051020130624012413081129
0000179363051020130635013114130568
0000179373051020130635013369914629
0000179383051020130641012292907986
0000179393051020130645012778632540
0000179403051020130648019045449563
0000179413051020130648012976732568
0000179423051020130651021049902353
0000179433051020130653013118993625
0000179443051020130654015475388273
0000179453051020130654017050316499
0000179463051020130654013184820628
0000179473051020130654012514400858
0000179483051020130700020397422312
0000179493051020130700012550829176
0000179503051020130701017040273894
0000179513051020130701017067687843
0000179523051020130701013193663580
0000179533051020130702013030039608
0000179543051020130702020484599350
0000179553051020130702012450019008
0000179563051020130703012357324394
0000179573051020130703013129824587
0000179583051020130704020649114978
0000179593051020130704010876043071
0000179603051020130705012859837606
0000179613051020130705013153124824
0000179623051020130706010328718456
0000179633051020130706013135738549
0000179643051020130706012372950241
0000179653051020130708012691007563
0000179663051020130708012814459564
0000179673051020130709010711509686
0000179683051020130709013315726581
0000179693051020130711012390487477
0000179703051020130711014478266987
0000179713051020130713010762795937
0000179723051020130713013290412546
0000179733051020130716010085451093
0000179743051020130716010085451093
0000179753051020130718012514330493
0000179763051020130720019041931174
0000179773051020130721010867120212
0000179783051020130724012691164626
0000179793051020130726017018779330
0000179803051020130728011974562373
0000179813051020130754016386064632
0000179823051020131848013288847565
0000179833051020131849012395847870
0000179843051020131850012505353990
0000179853051020131855012514404144
0000179863051020131900010876043071
0000179873051020131900013118993625
0000179883051020131901013184820628
0000179893051020131903013157400567
0000179903051020131903014478266987
0000179913051020131904013030039608
0000179923051020131905021049902353
0000179933051020131906013351993586
0000179943051020131907013135738549
0000179953051020131911019045449563
0000179963051020131915013371642584
0000179973051020131916013129824587
0000179983051020131916012814459564
0000179993051020131918012773587628
0000180003061020130553017050316499
0000180013061020130623013369914629
0000180023061020130640012596634580
0000180033061020130640012537482184
0000180043061020130640012174039224
0000180053061020130641012703338602
0000180063061020130642020766589913
0000180073061020130645013403372609
0000180083061020130649013403370606
0000180093061020130649012135661173
0000180103061020130651012548955976
0000180113061020130652013355325561
0000180123061020130654013239337567
0000180133061020130654013263878580
0000180143061020130655012901014544
0000180153061020130657013014895600
0000180163061020130657020484599350
0000180173061020130658012741887561
0000180183061020130659020466442852
0000180193061020130659012514330493
0000180203061020130700012395847870
0000180213061020130700013114130568
0000180223061020130701011974562373
0000180233061020130701012514404144
0000180243061020130702010777528158
0000180253061020130702010777528158
0000180263061020130706013371642584
0000180273061020130706012691007563
0000180283061020130708012514400858
0000180293061020130708015475388273
0000180303061020130708012505353990
0000180313061020130710012931655602
0000180323061020130712012550829176
0000180333061020130713013163919587
0000180343061020130713012595873565
0000180353061020130714012372950241
0000180363061020130715013090879629
0000180373061020130716013288847565
0000180383061020130716013315726581
0000180393061020130716013125167603
0000180403061020130717012390487477
0000180413061020130719012135489125
0000180423061020130721020649114978
0000180433061020130722010079646031
0000180443061020130723013157400567
0000180453061020130723013157400567
0000180463061020130724012450019008
0000180473061020130727013351993586
0000180483061020130729012778632540
0000180493061020130739013160731625
0000180503061020131846020397422312
0000180513061020131858012174039224
0000180523061020131858012135489125
0000180533061020131859020466442852
0000180543061020131904012357324394
0000180553061020131904016386064632
0000180563061020131905010777528158
0000180573061020131906013125167603
0000180583061020131911017018779330
0000180593061020131912013160731625
0000180603061020131912013157400567
0000180613061020131912010079646031
0000180623061020131928020766589913
0000180633061020131934013366964560
0000180643061020132009020766589913
0000180653071020130629012712971606
0000180663071020130631013339016541
0000180673071020130632013163919587
0000180683071020130638013369914629
0000180693071020130640012174039224
0000180703071020130645013198509547
0000180713071020130645018221234953
0000180723071020130649013184820628
0000180733071020130653016612845237
0000180743071020130653012548955976
0000180753071020130654012207990283
0000180763071020130656012380963721
0000180773071020130657020766589913
0000180783071020130658013239337567
0000180793071020130658012122672651
0000180803071020130658011222657923
0000180813071020130659013118993625
0000180823071020130700012741887561
0000180833071020130702013263878580
0000180843071020130705010876043071
0000180853071020130705013403377600
0000180863071020130705013361048566
0000180873071020130706012537482184
0000180883071020130706012357324394
0000180893071020130707013403372609
0000180903071020130707012734867585
0000180913071020130708021049902353
0000180923071020130710016386064632
0000180933071020130711020397422312
0000180943071020130712013030039608
0000180953071020130712013153124824
0000180963071020130715013156565562
0000180973071020130715012808698609
0000180983071020130716012901014544
0000180993071020130716013355325561
0000181003071020130719012292138729
0000181013071020130719012931655602
0000181023071020130719013403370606
0000181033071020130719012135661173
0000181043071020130726012514330493
0000181053071020130728016526651713
0000181063071020130732010777528158
0000181073071020130736013157400567
0000181083071020130738013366964560
0000181093071020130832012773587628
0000181103071020130841013014895600
0000181113071020130853011673323736
0000181123071020131312012307326385
0000181133071020131706012055044194
0000181143071020131720011673323736
0000181153071020131735012307326385
0000181163071020131840013377139620
0000181173071020131853012778632540
0000181183071020131856012514404144
0000181193071020131902012734867585
0000181203071020131902010777528158
0000181213071020131903013371642584
0000181223071020131906013351993586
0000181233071020131906012174039224
0000181243071020131910013118993625
0000181253071020131911012395847870
0000181263071020131914013184820628
0000181273071020131915010876043071
0000181283071020131917013339016541
0000181293071020131918021049902353
0000181303071020131921013366964560
0000181313071020131928013156565562
0000181323081020130624013339016541
0000181333081020130643011325820606
0000181343081020130646019013249720
0000181353081020130651013310789542
0000181363081020130651012703109603
0000181373081020130651012425265343
0000181383081020130652013208061608
0000181393081020130653013250292566
0000181403081020130655013371642584
0000181413081020130655020766589913
0000181423081020130656013125167603
0000181433081020130657013377139620
0000181443081020130658012859837606
0000181453081020130659012946754563
0000181463081020130700018221234953
0000181473081020130700016612845237
0000181483081020130700012207990283
0000181493081020130700012395847870
0000181503081020130701020466442852
0000181513081020130701012814459564
0000181523081020130701013293086585
0000181533081020130702013341608566
0000181543081020130702013369914629
0000181553081020130702012380963721
0000181563081020130703020762906159
0000181573081020130703012778632540
0000181583081020130704013030039608
0000181593081020130704012055044194
0000181603081020130705010777528158
0000181613081020130705012773587628
0000181623081020130706013351993586
0000181633081020130706012188202637
0000181643081020130706012619969567
0000181653081020130707012859127013
0000181663081020130710013157400567
0000181673081020130711013135738549
0000181683081020130714010851838984
0000181693081020130715013198509547
0000181703081020130718012204992242
0000181713081020130718012808698609
0000181723081020130718012817518626
0000181733081020130718013403377600
0000181743081020130722011222657923
0000181753081020130723013160731625
0000181763081020130724012430534373
0000181773081020130726013154043542
0000181783081020130726012044838127
0000181793081020130728016526651713
0000181803081020130728011689022269
0000181813081020130736012292138729
0000181823081020130738013366964560
0000181833081020130744012225438198
0000181843081020130805012783125562
0000181853081020130833012307326385
0000181863081020131723012307326385
0000181873081020131757012783125562
0000181883081020131807013153124824
0000181893081020131812020397422312
0000181903081020131820017040273894
0000181913081020131858012357324394
0000181923081020131858011689022269
0000181933081020131900020466442852
0000181943081020131903010777528158
0000181953081020131903013341608566
0000181963081020131903013339016541
0000181973081020131904013154043542
0000181983081020131904020762906159
0000181993081020131908012814459564
0000182003081020131909016386064632
0000182013081020131911010085451093
0000182023081020131912010085451093
0000182033081020131913012477118082
0000182043081020131919013135738549
0000182053081020131920013160731625
0000182063081020131921010328718456
0000182073081020131922020766589913
0000182083091020130543019013249720
0000182093091020130643013308879564
0000182103091020130643013288847565
0000182113091020130644012174039224
0000182123091020130644013356370609
0000182133091020130647012741887561
0000182143091020130652012484626136
0000182153091020130652013160616621
0000182163091020130653012596634580
0000182173091020130655021049902353
0000182183091020130656013118993625
0000182193091020130656012703109603
0000182203091020130657012818230588
0000182213091020130658013308041544
0000182223091020130658012556217601
0000182233091020130658012592868544
0000182243091020130659020951793491
0000182253091020130659010328718456
0000182263091020130659012122672651
0000182273091020130659011678318226
0000182283091020130659012425265343
0000182293091020130700013184820628
0000182303091020130700012357324394
0000182313091020130700012477118082
0000182323091020130700013310789542
0000182333091020130700011325820606
0000182343091020130701020383665900
0000182353091020130701013208061608
0000182363091020130701012946754563
0000182373091020130701012044838127
0000182383091020130702012430534373
0000182393091020130702012188202637
0000182403091020130703013129824587
0000182413091020130703012553018799
0000182423091020130703010876043071
0000182433091020130703017018838361
0000182443091020130706019041931174
0000182453091020130706020397422312
0000182463091020130709013153124824
0000182473091020130712012537308788
0000182483091020130714012135489125
0000182493091020130715012098244160
0000182503091020130717012859837606
0000182513091020130718010085451093
0000182523091020130718010851838984
0000182533091020130719012225438198
0000182543091020130721012204992242
0000182553091020130723013250292566
0000182563091020130723012619969567
0000182573091020130738013076972609
0000182583091020130740012783125562
0000182593091020130744012339089338
0000182603091020130746017040273894
0000182613091020130801011673323736
0000182623091020130822012307326385
0000182633091020131708012307326385
0000182643091020131710011673323736
0000182653091020131715012783125562
0000182663091020131835013366964560
0000182673091020131843012395847870
0000182683091020131844013351993586
0000182693091020131846013377139620
0000182703091020131846013341608566
0000182713091020131850011746545393
0000182723091020131856012514404144
0000182733091020131900012778632540
0000182743091020131901017018838361
0000182753091020131909010079646031
0000182763091020131912012135489125
0000182773091020131912013371642584
0000182783091020131915012174039224
0000182793091020131918019041931174
0000182803091020131919021049902353
0000182813091020131925013118993625
0000182823091020131931010876043071
0000182833091020131939013129824587
0000182843101020130636012413081129
0000182853101020130636020351992337
0000182863101020130640012814459564
0000182873101020130643012055044194
0000182883101020130647013308879564
0000182893101020130647012505353990
0000182903101020130648015475388273
0000182913101020130652010711509686
0000182923101020130653018194778021
0000182933101020130654013193663580
0000182943101020130657019037540603
0000182953101020130657013125167603
0000182963101020130657012118635933
0000182973101020130659020466442852
0000182983101020130700012741887561
0000182993101020130700013341608566
0000183003101020130700012556217601
0000183013101020130700012395847870
0000183023101020130700012514404144
0000183033101020130700012514330493
0000183043101020130701020762906159
0000183053101020130701012537308788
0000183063101020130701012702788620
0000183073101020130701012778632540
0000183083101020130702012691164626
0000183093101020130703013371642584
0000183103101020130703020766589913
0000183113101020130706010867120212
0000183123101020130707013308041544
0000183133101020130708012484626136
0000183143101020130708012592868544
0000183153101020130708013288847565
0000183163101020130708013351993586
0000183173101020130709012122672651
0000183183101020130709016880903348
0000183193101020130709012818230588
0000183203101020130710012339089338
0000183213101020130711013160731625
0000183223101020130712012553018799
0000183233101020130712020951793491
0000183243101020130714011746545393
0000183253101020130714020383665900
0000183263101020130715010114743468
0000183273101020130715012098244160
0000183283101020130715012098244160
0000183293101020130717012885122546
0000183303101020130718016994085008
0000183313101020130719012292907986
0000183323101020130724013160616621
0000183333101020130725011689022269
0000183343101020130725010079646031
0000183353101020130726015104579275
0000183363101020130726020193169813
0000183373101020130726011678318226
0000183383101020130730012596634580
0000183393101020130745021276334550
0000183403101020130749012783125562
0000183413101020130751013076972609
0000183423101020130814012307326385
0000183433101020131707012783125562
0000183443101020131708012307326385
0000183453101020131818013153124824
0000183463101020131827010762795937
0000183473101020131828012055044194
0000183483101020131840012859837606
0000183493101020131840013361048566
0000183503101020131857012756864589
0000183513101020131858017018779330
0000183523101020131858012357324394
0000183533101020131900020466442852
0000183543101020131900020762906159
0000183553101020131900012118635933
0000183563101020131906012477118082
0000183573101020131908012514330493
0000183583101020131909013341535607
0000183593101020131909016386064632
0000183603101020131913012734867585
0000183613101020131914010114743468
0000183623101020131914021276334550
0000183633101020131917020397422312
0000183643101020131921012814459564
0000183653101020131921013160731625
0000183663101020131927020766589913
0000183673101020131941010328718456
0000183683101020132048013125167603
0000183693111020130603020193169813
0000183703111020130629018194778021
0000183713111020130630012174039224
0000183723111020130646013114130568
0000183733111020130648012976732568
0000183743111020130649012627126581
0000183753111020130650020649114978
0000183763111020130651012550829176
0000183773111020130652012650140544
0000183783111020130653012450019008
0000183793111020130654021049902353
0000183803111020130655013013631936
0000183813111020130656012372950241
0000183823111020130656012390487477
0000183833111020130657013361048566
0000183843111020130658020351992337
0000183853111020130659013118993625
0000183863111020130700012357324394
0000183873111020130700013153124824
0000183883111020130701020397422312
0000183893111020130702012885122546
0000183903111020130702012015174275
0000183913111020130703013030039608
0000183923111020130703012477118082
0000183933111020130705019045449563
0000183943111020130706013193663580
0000183953111020130707010711509686
0000183963111020130707012756864589
0000183973111020130708019037540603
0000183983111020130710012505353990
0000183993111020130710012859837606
0000184003111020130710012413081129
0000184013111020130711010876043071
0000184023111020130711013129824587
0000184033111020130711010328718456
0000184043111020130712010762795937
0000184053111020130712020484599350
0000184063111020130713012734867585
0000184073111020130715016880903348
0000184083111020130716012665679584
0000184093111020130717012691007563
0000184103111020130719010867120212
0000184113111020130724013290412546
0000184123111020130726017050316499
0000184133111020130727013341535607
0000184143111020130731015475388273
0000184153111020130735012878642580
0000184163111020130736013184820628
0000184173111020130740017018779330
0000184183111020130813012307326385
0000184193111020130835011673323736
0000184203111020131027012783125562
0000184213111020131715011673323736
0000184223111020131739012307326385
0000184233111020131818012596634580
0000184243111020131848012514404144
0000184253111020131854012395847870
0000184263111020131855012778632540
0000184273111020131856017067687843
0000184283111020131903012207990283
0000184293111020131904013030039608
0000184303111020131907010085451093
0000184313111020131907010085451093
0000184323111020131907010876043071
0000184333111020131907010876043071
0000184343111020131909012174039224
0000184353111020131909012665679584
0000184363111020131911013118993625
0000184373111020131912017040273894
0000184383111020131912013184820628
0000184393111020131914021049902353
0000184403111020131916013129824587
0000184413111020131918019041931174
0000184423111020131925013371642584
0000184433111020132006012783125562
0000184443121020130627012537482184
0000184453121020130643020766589913
0000184463121020130643021049902353
0000184473121020130647013403370606
0000184483121020130647012135661173
0000184493121020130652013371642584
0000184503121020130653012548955976
0000184513121020130655013239337567
0000184523121020130658012976732568
0000184533121020130700012395847870
0000184543121020130700020484599350
0000184553121020130701012901014544
0000184563121020130701017040273894
0000184573121020130701017067687843
0000184583121020130702013263878580
0000184593121020130703012514404144
0000184603121020130703013013631936
0000184613121020130703013013631936
0000184623121020130703012814459564
0000184633121020130703012390487477
0000184643121020130704012514330493
0000184653121020130705011974562373
0000184663121020130706012207990283
0000184673121020130706013090879629
0000184683121020130708012015174275
0000184693121020130709013014895600
0000184703121020130712013163919587
0000184713121020130712010876043071
0000184723121020130713010085451093
0000184733121020130714020466442852
0000184743121020130716012691007563
0000184753121020130718019045449563
0000184763121020130720012595873565
0000184773121020130720014478266987
0000184783121020130721012514400858
0000184793121020130721012650140544
0000184803121020130722017050316499
0000184813121020130723012627126581
0000184823121020130724013315726581
0000184833121020130726012778632540
0000184843121020130728012450019008
0000184853121020130729012550829176
0000184863121020130730019041931174
0000184873121020130730012372950241
0000184883121020130731012878642580
0000184893121020130734012596634580
0000184903121020130752013135738549
0000184913121020131807013153124824
0000184923121020131808017050316499
0000184933121020131834013114130568
0000184943121020131844016386064632
0000184953121020131845017018779330
0000184963121020131853020397422312
0000184973121020131854020766589913
0000184983121020131855012357324394
0000184993121020131859010328718456
0000185003121020131900013135738549
0000185013121020131901020466442852
0000185023121020131901021049902353
0000185033121020131903014478266987
0000185043121020131903013090879629
0000185053121020131907012814459564
0000185063121020131908012135489125
0000185073121020131930013157400567
0000185083131020130635012174039224
0000185093131020130636013184820628
0000185103131020130637013361048566
0000185113131020130639013198509547
0000185123131020130640013369914629
0000185133131020130640021049902353
0000185143131020130642013403372609
0000185153131020130645012837226620
0000185163131020130646012595873565
0000185173131020130649013355325561
0000185183131020130651012712971606
0000185193131020130651012808698609
0000185203131020130654013129824587
0000185213131020130655016526651713
0000185223131020130657012207990283
0000185233131020130657021260832386
0000185243131020130658011222657923
0000185253131020130659020397422312
0000185263131020130701016612845237
0000185273131020130702013263878580
0000185283131020130702011974562373
0000185293131020130704013114130568
0000185303131020130706012135489125
0000185313131020130707010328718456
0000185323131020130707013153124824
0000185333131020130708013014895600
0000185343131020130708012901014544
0000185353131020130709012514400858
0000185363131020130710013118993625
0000185373131020130711012357324394
0000185383131020130711010876043071
0000185393131020130712013239337567
0000185403131020130712012454145210
0000185413131020130713013030039608
0000185423131020130713017018779330
0000185433131020130714017050316499
0000185443131020130717012627126581
0000185453131020130717010112236089
0000185463131020130717013403370606
0000185473131020130717012135661173
0000185483131020130719010079646031
0000185493131020130719012548955976
0000185503131020130721012537482184
0000185513131020130724012514330493
0000185523131020130729013163919587
0000185533131020130730013315726581
0000185543131020130731012931655602
0000185553131020130750013157400567
0000185563131020131839013351993586
0000185573131020131844012395847870
0000185583131020131854012514404144
0000185593131020131857012773587628
0000185603131020131900012778632540
0000185613131020131901012207990283
0000185623131020131901013030039608
0000185633131020131901013030039608
0000185643131020131901013114130568
0000185653131020131902012514400858
0000185663131020131902010876043071
0000185673131020131904012627126581
0000185683131020131904013184820628
0000185693131020131904012174039224
0000185703131020131905010079646031
0000185713131020131906013371642584
0000185723131020131908013118993625
0000185733131020131908021049902353
0000185743131020131915013129824587
0000185753131020131956013366964560
0000185763141020130626013339016541
0000185773141020130640018221234953
0000185783141020130642013293086585
0000185793141020130642012454145210
0000185803141020130646013250292566
0000185813141020130647020466442852
0000185823141020130648013125167603
0000185833141020130649012859127013
0000185843141020130649012044838127
0000185853141020130649012225438198
0000185863141020130650012425265343
0000185873141020130650020766589913
0000185883141020130653012837226620
0000185893141020130654012946754563
0000185903141020130654012817518626
0000185913141020130655013156565562
0000185923141020130659010777528158
0000185933141020130700012395847870
0000185943141020130700010851838984
0000185953141020130700013310789542
0000185963141020130701013030039608
0000185973141020130701012514404144
0000185983141020130701013403377600
0000185993141020130702012814459564
0000186003141020130703021260832386
0000186013141020130704016612845237
0000186023141020130704013361048566
0000186033141020130705012773587628
0000186043141020130705013114130568
0000186053141020130705012734867585
0000186063141020130707013369914629
0000186073141020130707012712971606
0000186083141020130707013371642584
0000186093141020130708012292138729
0000186103141020130708012430534373
0000186113141020130708012204992242
0000186123141020130709020762906159
0000186133141020130710013157400567
0000186143141020130710012619969567
0000186153141020130715012859837606
0000186163141020130717012808698609
0000186173141020130719016526651713
0000186183141020130720013160731625
0000186193141020130721011222657923
0000186203141020130725012778632540
0000186213141020130731013351993586
0000186223141020130736012931655602
0000186233141020130738013403372609
0000186243141020130740013366964560
0000186253141020130745010112236089
0000186263141020130803011673323736
0000186273141020130811012783125562
0000186283141020130824012307326385
0000186293141020131719012055044194
0000186303141020131730012783125562
0000186313141020131745011673323736
0000186323141020131812012307326385
0000186333141020131814010328718456
0000186343141020131847017018779330
0000186353141020131902019041931174
0000186363141020131902020762906159
0000186373141020131905012734867585
0000186383141020131905010777528158
0000186393141020131910016386064632
0000186403141020131910012357324394
0000186413141020131919020766589913
0000186423141020131919012814459564
0000186433141020131925013156565562
0000186443141020131936013125167603
0000186453141020132026013339016541
0000186463151020130518012859127013
0000186473151020130626013339016541
0000186483151020130636012174039224
0000186493151020130636011325820606
0000186503151020130640013160616621
0000186513151020130643012818230588
0000186523151020130644013308879564
0000186533151020130644013208061608
0000186543151020130645013118993625
0000186553151020130646013288847565
0000186563151020130646012122672651
0000186573151020130647021049902353
0000186583151020130648012703109603
0000186593151020130650020951793491
0000186603151020130651012556217601
0000186613151020130651011678318226
0000186623151020130654012044838127
0000186633151020130654012946754563
0000186643151020130655013310789542
0000186653151020130655013293086585
0000186663151020130655012596634580
0000186673151020130656013341608566
0000186683151020130659013129824587
0000186693151020130659012098244160
0000186703151020130700018221234953
0000186713151020130700012357324394
0000186723151020130700012817518626
0000186733151020130702010876043071
0000186743151020130702012553018799
0000186753151020130702010328718456
0000186763151020130703013135738549
0000186773151020130703010777528158
0000186783151020130703010777528158
0000186793151020130704012592868544
0000186803151020130706012430534373
0000186813151020130707013184820628
0000186823151020130707012671658607
0000186833151020130709019041931174
0000186843151020130710016880903348
0000186853151020130710012619969567
0000186863151020130711012619969567
0000186873151020130713013308041544
0000186883151020130715012859837606
0000186893151020130715013250292566
0000186903151020130716012425265343
0000186913151020130716012225438198
0000186923151020130720013157400567
0000186933151020130720017018779330
0000186943151020130723012537308788
0000186953151020130724012204992242
0000186963151020130726013154043542
0000186973151020130726016386064632
0000186983151020130727011689022269
0000186993151020130731013403377600
0000187003151020130736010851838984
0000187013151020130737012339089338
0000187023151020130806012783125562
0000187033151020130811011673323736
0000187043151020131701012783125562
0000187053151020131703011673323736
0000187063151020131830012778632540
0000187073151020131836017040273894
0000187083151020131848013351993586
0000187093151020131850012514404144
0000187103151020131851012395847870
0000187113151020131900012174039224
0000187123151020131901021049902353
0000187133151020131902013135738549
0000187143151020131905010876043071
0000187153151020131908013371642584
0000187163151020131909013118993625
0000187173151020131910013184820628
0000187183151020131911013341535607
0000187193151020131914012477118082
0000187203151020131916013154043542
0000187213151020131919013129824587
0000187223151020131921013341608566
0000187233151020131921010777528158
0000187243151020132019013339016541
0000187253161020130639010762795937
0000187263161020130640012413081129
0000187273161020130644012484626136
0000187283161020130653012741887561
0000187293161020130654012703109603
0000187303161020130654019041931174
0000187313161020130655020351992337
0000187323161020130656012859837606
0000187333161020130658013308879564
0000187343161020130658019013249720
0000187353161020130658012537308788
0000187363161020130659012814459564
0000187373161020130700011325820606
0000187383161020130700012477118082
0000187393161020130701012118635933
0000187403161020130702012395847870
0000187413161020130702012505353990
0000187423161020130702012756864589
0000187433161020130704020766589913
0000187443161020130704020383665900
0000187453161020130705012691164626
0000187463161020130706013125167603
0000187473161020130707012135489125
0000187483161020130707016880903348
0000187493161020130708012556217601
0000187503161020130712016994085008
0000187513161020130712013160731625
0000187523161020130713012553018799
0000187533161020130713013208061608
0000187543161020130713020466442852
0000187553161020130714012778632540
0000187563161020130715013351993586
0000187573161020130716017018838361
0000187583161020130716012339089338
0000187593161020130716012671658607
0000187603161020130717012122672651
0000187613161020130719020193169813
0000187623161020130720012592868544
0000187633161020130722018194778021
0000187643161020130722012098244160
0000187653161020130723013288847565
0000187663161020130723012818230588
0000187673161020130724020951793491
0000187683161020130724013356370609
0000187693161020130727012885122546
0000187703161020130729012292907986
0000187713161020130729012015174275
0000187723161020130730011678318226
0000187733161020130733013160616621
0000187743161020130735017040273894
0000187753161020130750020762906159
0000187763161020130751011673323736
0000187773161020130755013341535607
0000187783161020130903012783125562
0000187793161020130920012307326385
0000187803161020131705011673323736
0000187813161020131706012307326385
0000187823161020131706012783125562
0000187833161020131806010328718456
0000187843161020131806013153124824
0000187853161020131836012837226620
0000187863161020131846020397422312
0000187873161020131849016386064632
0000187883161020131857013160731625
0000187893161020131857012357324394
0000187903161020131901011746545393
0000187913161020131901013341608566
0000187923161020131901020762906159
0000187933161020131904020466442852
0000187943161020131910012135489125
0000187953161020131910017018779330
0000187963161020131910020766589913
0000187973161020131912017018838361
0000187983161020131912012814459564
0000187993161020131918012118635933
0000188003161020131926019041931174
0000188013161020131940013125167603
0000188023161020131953013366964560
0000188033171020130606020193169813
0000188043171020130631018194778021
0000188053171020130633012174039224
0000188063171020130637012055044194
0000188073171020130639012691007563
0000188083171020130644012627126581
0000188093171020130644012413081129
0000188103171020130645016994085008
0000188113171020130647012514400858
0000188123171020130647013114130568
0000188133171020130649020649114978
0000188143171020130649012390487477
0000188153171020130649013118993625
0000188163171020130652012550829176
0000188173171020130653015475388273
0000188183171020130653012450019008
0000188193171020130653012292907986
0000188203171020130653019045449563
0000188213171020130655013356370609
0000188223171020130657013193663580
0000188233171020130658013129824587
0000188243171020130658013013631936
0000188253171020130658013013631936
0000188263171020130659013153124824
0000188273171020130659013184820628
0000188283171020130700012357324394
0000188293171020130700012885122546
0000188303171020130700013076972609
0000188313171020130701021049902353
0000188323171020130702020383665900
0000188333171020130702010762795937
0000188343171020130703010876043071
0000188353171020130703013341608566
0000188363171020130704011746545393
0000188373171020130705012741887561
0000188383171020130705012484626136
0000188393171020130706010328718456
0000188403171020130708012878642580
0000188413171020130708013290412546
0000188423171020130709013030039608
0000188433171020130711021276334550
0000188443171020130711019013249720
0000188453171020130713012756864589
0000188463171020130714020397422312
0000188473171020130716016386064632
0000188483171020130717012837226620
0000188493171020130719012691164626
0000188503171020130721012859837606
0000188513171020130722012537308788
0000188523171020130723010114743468
0000188533171020130726011689022269
0000188543171020130727013366964560
0000188553171020130732017018779330
0000188563171020130737012505353990
0000188573171020130810011673323736
0000188583171020130844019037540603
0000188593171020130859012307326385
0000188603171020131213020484599350
0000188613171020131700011673323736
0000188623171020131700012307326385
0000188633171020131822012055044194
0000188643171020131847012514404144
0000188653171020131853012395847870
0000188663171020131858013351993586
0000188673171020131901013371642584
0000188683171020131901012778632540
0000188693171020131901013341535607
0000188703171020131903017050316499
0000188713171020131903012537308788
0000188723171020131905012477118082
0000188733171020131906013184820628
0000188743171020131911013129824587
0000188753171020131913013118993625
0000188763171020131915012734867585
0000188773171020131915012174039224
0000188783171020131916010876043071
0000188793171020131929013030039608
0000188803171020131938021049902353
0000188813181020130606012537482184
0000188823181020130629013239337567
0000188833181020130631013263878580
0000188843181020130634013090879629
0000188853181020130640012703338602
0000188863181020130640013014895600
0000188873181020130646012976732568
0000188883181020130649013403370606
0000188893181020130649012135661173
0000188903181020130649010711509686
0000188913181020130651012548955976
0000188923181020130652020762906159
0000188933181020130652012650140544
0000188943181020130653013160731625
0000188953181020130658012901014544
0000188963181020130658020766589913
0000188973181020130659012595873565
0000188983181020130700013290412546
0000188993181020130700012514404144
0000189003181020130700012395847870
0000189013181020130701013125167603
0000189023181020130701013193663580
0000189033181020130702012778632540
0000189043181020130702012477118082
0000189053181020130703015475388273
0000189063181020130705020649114978
0000189073181020130705012878642580
0000189083181020130706012734867585
0000189093181020130706012514400858
0000189103181020130708012814459564
0000189113181020130708012514330493
0000189123181020130709019045449563
0000189133181020130709013076972609
0000189143181020130711012691007563
0000189153181020130712020484599350
0000189163181020130714012390487477
0000189173181020130716019037540603
0000189183181020130717013013631936
0000189193181020130718012550829176
0000189203181020130718013114130568
0000189213181020130719012627126581
0000189223181020130719012450019008
0000189233181020130720013351993586
0000189243181020130721013163919587
0000189253181020130722010079646031
0000189263181020130724012665679584
0000189273181020130724021276334550
0000189283181020130724021276334550
0000189293181020130726011673323736
0000189303181020130727012339227943
0000189313181020130743013341535607
0000189323181020130807012783125562
0000189333181020130827012307326385
0000189343181020130902013371642584
0000189353181020130921020466442852
0000189363181020131717012783125562
0000189373181020131724011673323736
0000189383181020131725012307326385
0000189393181020131758013153124824
0000189403181020131825017040273894
0000189413181020131840015475388273
0000189423181020131856017067687843
0000189433181020131859017018779330
0000189443181020131902012814459564
0000189453181020131903020397422312
0000189463181020131903020466442852
0000189473181020131903019041931174
0000189483181020131904020762906159
0000189493181020131905021276334550
0000189503181020131906010079646031
0000189513181020131908012339227943
0000189523181020131909020766589913
0000189533181020131913012665679584
0000189543181020131913013125167603
0000189553181020131915013160731625
0000189563181020131915010085451093
0000189573181020131920012357324394
0000189583181020131926013160731625
0000189593181020131930010328718456
0000189603191020130633016612845237
0000189613191020130636013198509547
0000189623191020130638013369914629
0000189633191020130642011222657923
0000189643191020130642012380963721
0000189653191020130643013403372609
0000189663191020130646013315726581
0000189673191020130649013288847565
0000189683191020130649012712971606
0000189693191020130650012292138729
0000189703191020130651013239337567
0000189713191020130651012976732568
0000189723191020130651012837226620
0000189733191020130652012778632540
0000189743191020130653013184820628
0000189753191020130653012454145210
0000189763191020130654012703338602
0000189773191020130657021049902353
0000189783191020130658012098244160
0000189793191020130658013118993625
0000189803191020130658014478266987
0000189813191020130659013263878580
0000189823191020130700012357324394
0000189833191020130700013403370606
0000189843191020130700017067687843
0000189853191020130700012595873565
0000189863191020130700012548955976
0000189873191020130702010085451093
0000189883191020130703016526651713
0000189893191020130703012537482184
0000189903191020130703013153124824
0000189913191020130705010711509686
0000189923191020130706021260832386
0000189933191020130706012808698609
0000189943191020130706017040273894
0000189953191020130707016880903348
0000189963191020130707012814459564
0000189973191020130707013135738549
0000189983191020130708012773587628
0000189993191020130708013014895600
0000190003191020130709013090879629
0000190013191020130712012135661173
0000190023191020130712012135661173
0000190033191020130712012901014544
0000190043191020130714012650140544
0000190053191020130717020397422312
0000190063191020130721013163919587
0000190073191020130722010328718456
0000190083191020130723019041931174
0000190093191020130726013129824587
0000190103191020130732015475388273
0000190113191020130803012514330493
0000190123191020131820012514404144
0000190133191020131821013114130568
0000190143191020131824010762795937
0000190153191020131844016612845237
0000190163191020131849013351993586
0000190173191020131857012395847870
0000190183191020131900010876043071
0000190193191020131900014478266987
0000190203191020131900012814459564
0000190213191020131905016880903348
0000190223191020131906013371642584
0000190233191020131907012778632540
0000190243191020131910013118993625
0000190253191020131932013129824587
0000190263191020131947013135738549
0000190283201020130639012596634580
0000190293201020130643013355325561
0000190303201020130651013125167603
0000190313201020130651020766589913
0000190323201020130653012859837606
0000190333201020130654021049902353
0000190343201020130658012650140544
0000190353201020130659013250292566
0000190363201020130659010112236089
0000190373201020130700012712971606
0000190383201020130700012514404144
0000190393201020130701013160731625
0000190403201020130701011974562373
0000190413201020130702010851838984
0000190423201020130702013310789542
0000190433201020130705010876043071
0000190443201020130706021260832386
0000190453201020130706012859127013
0000190463201020130707012430534373
0000190473201020130708012395847870
0000190483201020130710013351993586
0000190493201020130711012773587628
0000190503201020130711013371642584
0000190513201020130712012814459564
0000190523201020130712012619969567
0000190533201020130715013198509547
0000190543201020130715010762795937
0000190553201020130715013369914629
0000190563201020130715012808698609
0000190573201020130715012425265343
0000190583201020130716012292138729
0000190593201020130716012454145210
0000190603201020130719013288847565
0000190613201020130720010079646031
0000190623201020130721012817518626
0000190633201020130726012931655602
0000190643201020130726013315726581
0000190653201020130726012837226620
0000190663201020130726016526651713
0000190673201020130734013403372609
0000190683201020130736012044838127
0000190693201020130754011222657923
0000190703201020130757012204992242
0000190713201020130803013366964560
0000190723201020131239013293086585
0000190733201020131833010328718456
0000190743201020131854016386064632
0000190753201020131857013369914629
0000190763201020131900012814459564
0000190773201020131901013160731625
0000190783201020131903012596634580
0000190793201020131904013366964560
0000190803201020131904010079646031
0000190813201020131904013366964560
0000190823201020131907012859127013
0000190833201020131908017018779330
0000190843201020131911020397422312
0000190853201020131911012357324394
0000190863201020131933020766589913
0000190873201020131942013125167603
0000190883211020130636012174039224
0000190893211020130639012818230588
0000190903211020130639018221234953
0000190913211020130640013308879564
0000190923211020130647012122672651
0000190933211020130647013114130568
0000190943211020130648013288847565
0000190953211020130649013184820628
0000190963211020130650013339016541
0000190973211020130653021049902353
0000190983211020130654012592868544
0000190993211020130654013118993625
0000191003211020130654012044838127
0000191013211020130655013293086585
0000191023211020130655013310789542
0000191033211020130656010851838984
0000191043211020130656013160616621
0000191053211020130658012430534373
0000191063211020130658011678318226
0000191073211020130659012596634580
0000191083211020130659012671658607
0000191093211020130659020951793491
0000191103211020130659010876043071
0000191113211020130700012859837606
0000191123211020130700013366964560
0000191133211020130700013153124824
0000191143211020130701013403377600
0000191153211020130703010328718456
0000191163211020130706013156565562
0000191173211020130709016386064632
0000191183211020130709020397422312
0000191193211020130710012425265343
0000191203211020130711012734867585
0000191213211020130712012650140544
0000191223211020130713011974562373
0000191233211020130713012357324394
0000191243211020130713010112236089
0000191253211020130713012556217601
0000191263211020130714013308041544
0000191273211020130715012339089338
0000191283211020130718012817518626
0000191293211020130718012619969567
0000191303211020130725013129824587
0000191313211020130727013355325561
0000191323211020130727013250292566
0000191333211020130729012098244160
0000191343211020130729012537308788
0000191353211020130732010777528158
0000191363211020130736017018779330
0000191373211020130736013369914629
0000191383211020130742012204992242
0000191393211020130748012931655602
0000191403211020130757012783125562
0000191413211020130805012307326385
0000191423211020130830011673323736
0000191433211020131718012783125562
0000191443211020131727011673323736
0000191453211020131733012307326385
0000191463211020131822012055044194
0000191473211020131841012395847870
0000191483211020131845013351993586
0000191493211020131848012778632540
0000191503211020131851012514404144
0000191513211020131856013184820628
0000191523211020131857019041931174
0000191533211020131859013371642584
0000191543211020131900012174039224
0000191553211020131905010876043071
0000191563211020131906013118993625
0000191573211020131911012734867585
0000191583211020131915013156565562
0000191593211020131915013129824587
0000191603211020131919021049902353
0000191613211020131919010777528158
0000191623211020131919010777528158
0000191633211020131939013339016541
0000191643221020130628012885122546
0000191653221020130632012413081129
0000191663221020130641013339016541
0000191673221020130643020762906159
0000191683221020130643011325820606
0000191693221020130645020351992337
0000191703221020130653012505353990
0000191713221020130654013208061608
0000191723221020130654012671658607
0000191733221020130655010867120212
0000191743221020130657012756864589
0000191753221020130657010762795937
0000191763221020130659013125167603
0000191773221020130659020466442852
0000191783221020130659013341608566
0000191793221020130700012556217601
0000191803221020130700012537308788
0000191813221020130700012592868544
0000191823221020130700012339089338
0000191833221020130700018221234953
0000191843221020130701012395847870
0000191853221020130701012118635933
0000191863221020130702012778632540
0000191873221020130702013371642584
0000191883221020130702020766589913
0000191893221020130702012015174275
0000191903221020130706019041931174
0000191913221020130707012814459564
0000191923221020130707012691164626
0000191933221020130707012514404144
0000191943221020130709012703109603
0000191953221020130709013351993586
0000191963221020130709013351993586
0000191973221020130710013308879564
0000191983221020130717013288847565
0000191993221020130718016880903348
0000192003221020130718020951793491
0000192013221020130719012055044194
0000192023221020130719012596634580
0000192033221020130719013135738549
0000192043221020130721012292907986
0000192053221020130721010777528158
0000192063221020130721020193169813
0000192073221020130722012818230588
0000192083221020130724011678318226
0000192093221020130725013154043542
0000192103221020130725013160616621
0000192113221020130733012098244160
0000192123221020130747016994085008
0000192133221020130801011673323736
0000192143221020130810012783125562
0000192153221020130811012307326385
0000192163221020131708012307326385
0000192173221020131802011673323736
0000192183221020131815013153124824
0000192193221020131822017040273894
0000192203221020131849012357324394
0000192213221020131900012783125562
0000192223221020131901016386064632
0000192233221020131904020466442852
0000192243221020131908020762906159
0000192253221020131909012477118082
0000192263221020131912010085451093
0000192273221020131913013135738549
0000192283221020131915013341608566
0000192293221020131916017018779330
0000192303221020131916013154043542
0000192313221020131917012814459564
0000192323221020131922010777528158
0000192333221020131923013341535607
0000192343221020131925020397422312
0000192353221020131934013125167603
0000192363221020131936013339016541
0000192373221020131942012118635933
0000192383221020131953010328718456
0000192393221020132007020766589913
0000192403231020130632012627126581
0000192413231020130636012741887561
0000192423231020130639019045449563
0000192433231020130640012174039224
0000192443231020130641019041931174
0000192453231020130641012372950241
0000192463231020130643012514400858
0000192473231020130645012413081129
0000192483231020130647015475388273
0000192493231020130652020649114978
0000192503231020130654017018838361
0000192513231020130656020484599350
0000192523231020130656012450019008
0000192533231020130656012484626136
0000192543231020130656012292907986
0000192553231020130656021049902353
0000192563231020130657019013249720
0000192573231020130657012425265343
0000192583231020130658012703109603
0000192593231020130658010876043071
0000192603231020130659012691007563
0000192613231020130659016994085008
0000192623231020130700012357324394
0000192633231020130700011325820606
0000192643231020130701012477118082
0000192653231020130701013129824587
0000192663231020130702017040273894
0000192673231020130702012390487477
0000192683231020130702020397422312
0000192693231020130703012505353990
0000192703231020130703013208061608
0000192713231020130704016880903348
0000192723231020130705013153124824
0000192733231020130708010328718456
0000192743231020130709010762795937
0000192753231020130711017050316499
0000192763231020130711010867120212
0000192773231020130712013030039608
0000192783231020130713020383665900
0000192793231020130715012135489125
0000192803231020130715013114130568
0000192813231020130715013184820628
0000192823231020130718012756864589
0000192833231020130718017018779330
0000192843231020130719020351992337
0000192853231020130720013341535607
0000192863231020130721013290412546
0000192873231020130722013118993625
0000192883231020130723012691164626
0000192893231020130723012015174275
0000192903231020130728010085451093
0000192913231020130737012878642580
0000192923231020130740013356370609
0000192933231020130808012307326385
0000192943231020130812012783125562
0000192953231020130838011673323736
0000192963231020131707012783125562
0000192973231020131710012307326385
0000192983231020131710011673323736
0000192993231020131832012514404144
0000193003231020131851012395847870
0000193013231020131853013288847565
0000193023231020131855013341608566
0000193033231020131900012135489125
0000193043231020131901012174039224
0000193053231020131903012454145210
0000193063231020131903012778632540
0000193073231020131905011746545393
0000193083231020131905013129824587
0000193093231020131907013118993625
0000193103231020131908017018838361
0000193113231020131909019041931174
0000193123231020131914010876043071
0000193133231020131918013030039608
0000193143231020131930013371642584
0000193153231020131934012425265343
0000193163231020131936013366964560
0000193173231020131940013184820628
0000193183231020131941021049902353
0000193193231020131941021049902353
0000193203241020130610019013249720
0000193213241020130621013090879629
0000193223241020130636013263878580
0000193233241020130639012055044194
0000193243241020130642013163919587
0000193253241020130642013239337567
0000193263241020130643012703338602
0000193273241020130646019037540603
0000193283241020130651012537482184
0000193293241020130652012901014544
0000193303241020130653013076972609
0000193313241020130654013371642584
0000193323241020130654020762906159
0000193333241020130654012548955976
0000193343241020130656013014895600
0000193353241020130656013013631936
0000193363241020130656013013631936
0000193373241020130657012514330493
0000193383241020130657020766589913
0000193393241020130658013288847565
0000193403241020130700013356370609
0000193413241020130700020383665900
0000193423241020130700012454145210
0000193433241020130700012778632540
0000193443241020130701012395847870
0000193453241020130701020484599350
0000193463241020130702019045449563
0000193473241020130702012514404144
0000193483241020130702012741887561
0000193493241020130702013193663580
0000193503241020130702013341608566
0000193513241020130703013125167603
0000193523241020130703012814459564
0000193533241020130703011746545393
0000193543241020130705012484626136
0000193553241020130705012627126581
0000193563241020130705015475388273
0000193573241020130706013403370606
0000193583241020130706012135661173
0000193593241020130706021049902353
0000193603241020130706012390487477
0000193613241020130708012372950241
0000193623241020130709010114743468
0000193633241020130709012450019008
0000193643241020130710020649114978
0000193653241020130710013290412546
0000193663241020130710013114130568
0000193673241020130719012514400858
0000193683241020130721017050316499
0000193693241020130723020466442852
0000193703241020130726012878642580
0000193713241020130727021276334550
0000193723241020130733012595873565
0000193733241020130738012691007563
0000193743241020130744013160731625
0000193753241020130814012307326385
0000193763241020130816012783125562
