0000052813200620131125019001653793
0000058273200620131706013125167603
0000058283200620131709012783125562
0000058293200620131711011673323736
0000058303200620131721019001653793
0000058313200620131722012923382589
0000058323200620131722012307326385
0000058333200620131850013160731625
0000058343200620131900020466442852
0000058353200620131900012814459564
0000058363200620131900013371642584
0000058373200620131901020762906159
0000058383200620131904010114743468
0000058393200620131905013230068601
0000058403200620131912020397422312
0000058413200620131912020397422312
0000058423200620131912013302082818
0000058433200620131926020466442127
0000058443210620130620016612845237
0000058453210620130625012712971606
0000058463210620130648013198509547
0000058473210620130648013361048566
0000058483210620130649013369914629
0000058493210620130651011222657923
0000058503210620130651010711509686
0000058513210620130652013118993625
0000058523210620130656013403370606
0000058533210620130657021049902353
0000058543210620130659013173469606
0000058553210620130700019034141252
0000058563210620130701012883559564
0000058573210620130702012174039224
0000058583210620130702010876043071
0000058593210620130703012773587628
0000058603210620130703012207990283
0000058613210620130704012514330493
0000058623210620130704013163919587
0000058633210620130705021260832386
0000058643210620130706013129824587
0000058653210620130707013013631936
0000058663210620130707013013631936
0000058673210620130707012837226620
0000058683210620130707012837226620
0000058693210620130709012225438198
0000058703210620130714012456731192
0000058713210620130715012454145210
0000058723210620130715012135661173
0000058733210620130717016526651713
0000058743210620130727012808698609
0000058753210620130731010079646031
0000058763210620130731013014895600
0000058773210620130733012292138729
0000058783210620130745013184820628
0000058793210620130752020397422312
0000058803210620130809012783125562
0000058813210620130825013125167603
0000058823210620130836012307326385
0000058833210620130900012923382589
0000058843210620130917011673323736
0000058963210620130927015158393927
0000058973210620130956019001653793
0000058983210620131505019001653793
0000058993210620131532011673323736
0000059003210620131532012307326385
0000059013210620131700012783125562
0000059023210620131855013140229819
0000059033210620131900012514404144
0000059043210620131901010876043071
0000059053210620131905013118993625
0000059063210620131912013184820628
0000059073210620131915013129824587
0000059083210620131927010079646031
0000059093210620131928012456731192
0000059103210620131929019041931174
0000059113220620130638012188202637
0000059123220620130638013293086585
0000059133220620130642016612845237
0000059143220620130643012627126581
0000059153220620130647013310789542
0000059163220620130651013198509547
0000059173220620130654013230068601
0000059183220620130657013208061608
0000059193220620130658010851838984
0000059203220620130658012859837606
0000059213220620130659012712971606
0000059223220620130700013140229819
0000059233220620130700013250292566
0000059243220620130702012817518626
0000059253220620130705012380963721
0000059263220620130706020466442852
0000059273220620130706012044838127
0000059283220620130707012814459564
0000059293220620130709013135738549
0000059303220620130711012454145210
0000059313220620130711010711509686
0000059323220620130717012430534373
0000059333220620130717019041931174
0000059343220620130723013369914629
0000059353220620130726013361048566
0000059363220620130726021260832386
0000059373220620130727012204992242
0000059383220620130727012808698609
0000059393220620130727012837226620
0000059403220620130727012292138729
0000059413220620130741013160731625
0000059423220620130743011222657923
0000059433220620130744012514330493
0000059443220620130749016526651713
0000059453220620130818012514404144
0000059463220620131114013371642584
0000059473220620131820020466442127
0000059483220620131900013371642584
0000059493220620131901020466442852
0000059503220620131906013230068601
0000059513220620131907013160731625
0000059523220620131913013135738549
0000059533230620130643013403372609
0000059543230620130643013403372609
0000059553230620130643013403372609
0000059563230620130649012514404144
0000059573230620130650013160616621
0000059583230620130652012122672651
0000059593230620130652012556217601
0000059603230620130653012818230588
0000059613230620130653013308879564
0000059623230620130655011678318226
0000059633230620130655012596634580
0000059643230620130656012671658607
0000059653230620130656012098244160
0000059663230620130657012098244160
0000059673230620130658021049902353
0000059683230620130659013173469606
0000059693230620130701010876043071
0000059703230620130701020951793491
0000059713230620130701012650140544
0000059723230620130702012174039224
0000059733230620130703012859837606
0000059743230620130703012430534373
0000059753230620130704012931655602
0000059763230620130706013308041544
0000059773230620130706012380963721
0000059783230620130706012380963721
0000059793230620130707012044838127
0000059803230620130708012592868544
0000059813230620130710015475388273
0000059823230620130711012339089338
0000059833230620130713012456731192
0000059843230620130715010851838984
0000059853230620130715010851838984
0000059863230620130715013184820628
0000059873230620130721012817518626
0000059883230620130723013208061608
0000059893230620130727013118993625
0000059903230620130729012425265343
0000059913230620130730010079646031
0000059923230620130754012204992242
0000059933230620130755020466442127
0000059943230620130755020397422312
0000059973230620130801016243916732
0000059983230620130801016243916732
0000060013230620130804016386064632
0000060023230620130804016386064632
0000060043230620131921013173469606
0000060063230620131901017007905801
0000060073230620131907013118993625
0000060083230620131908021049902353
0000060093230620131910010876043071
0000060103230620131919013140229819
0000060113230620131919012174039224
0000060123230620131921013184820628
0000060133230620131931015475388273
0000060143230620131936010079646031
0000060153240620130633018221234953
0000060163240620130640010762795937
0000060173240620130647012885122546
0000060183240620130649020351992337
0000060193240620130650013230068601
0000060203240620130651013403377600
0000060213240620130652020762906159
0000060223240620130652012413081129
0000060233240620130657013308879564
0000060243240620130657012931655602
0000060253240620130700011678318226
0000060263240620130701012122672651
0000060273240620130701012122672651
0000060283240620130702015104579275
0000060293240620130704012650140544
0000060303240620130706013308041544
0000060313240620130706012339089338
0000060323240620130707012756864589
0000060333240620130708017007905801
0000060343240620130708013156565562
0000060353240620130708013156565562
0000060363240620130708012818230588
0000060373240620130712020951793491
0000060383240620130713013074938608
0000060393240620130714013160731625
0000060403240620130715013160616621
0000060413240620130719020466442852
0000060423240620130720012592868544
0000060433240620130721013371642584
0000060443240620130722016994085008
0000060453240620130722013140229819
0000060463240620130724012098244160
0000060473240620130725012702788620
0000060483240620130729012015174275
0000060493240620130730012814459564
0000060503240620130730012691164626
0000060513240620130730011673323736
0000060523240620130732012118635933
0000060533240620130736013403372609
0000060543240620130736013403372609
0000060553240620130742013302082818
0000060563240620130756012783125562
0000060573240620130757010867120212
0000060583240620130812013125167603
0000060593240620130812012307326385
0000060603240620130827012923382589
0000060613240620131704012783125562
0000060623240620131709013125167603
0000060633240620131718011673323736
0000060643240620131729012307326385
0000060653240620131729012923382589
0000060663240620131848020466442127
0000060673240620131848020397422312
0000060683240620131848013160731625
0000060693240620131856020762906159
0000060703240620131900013074938608
0000060713240620131900020466442852
0000060723240620131901016386064632
0000060733240620131901013371642584
0000060743240620131902013230068601
0000060753240620131904012814459564
0000060763240620131908017018779330
0000060773240620131927016243916732
0000060783250620130600015104579275
0000060793250620130601019013249720
0000060803250620130639012413081129
0000060813250620130642012372950241
0000060823250620130647012550829176
0000060833250620130647012550829176
0000060843250620130648021049902353
0000060853250620130649013118993625
0000060863250620130649012514404144
0000060873250620130654012174039224
0000060883250620130656011325820606
0000060893250620130657015475388273
0000060903250620130700018221234953
0000060913250620130700012702788620
0000060923250620130700012878642580
0000060933250620130700012878642580
0000060943250620130700012878642580
0000060953250620130702010876043071
0000060963250620130702013114130568
0000060973250620130702010762795937
0000060983250620130703020484599350
0000060993250620130703020649114978
0000061003250620130704012756864589
0000061013250620130706013129824587
0000061023250620130707013030039608
0000061033250620130708012627126581
0000061043250620130709010867120212
0000061053250620130711012450019008
0000061063250620130712013184820628
0000061073250620130724013135738549
0000061083250620130731020397422312
0000061093250620130732013154043542
0000061103250620130734012691164626
0000061113250620130750013156565562
0000061123250620130750013156565562
0000061133250620130753020466442127
0000061143250620130755013125167603
0000061153250620130815012783125562
0000061163250620130820012307326385
0000061173250620130820011673323736
0000061183250620130825012923382589
0000061193250620130850012118635933
0000061203250620130906019001653793
0000061213250620131012012390487477
0000062993250620131030012135489125
0000063003250620131034012514400858
0000064803250620130701013173469606
0000064823250620131230011673323736
0000064833250620131542019001653793
0000066633250620131619013356370609
0000066673250620131632012390487477
0000066683250620131700012783125562
0000066693250620131700013125167603
0000066703250620131715012307326385
0000066713250620131717012923382589
0000066733250620131949013118993625
0000066753250620131830012055044194
0000066763250620131852013154043542
0000066773250620131857019045449563
0000066783250620131900012514404144
0000066793250620131903013356370609
0000066803250620131904013135738549
0000066813250620131905012135489125
0000066823250620131906012174039224
0000066833250620131906013140229819
0000066843250620131909013184820628
0000066853250620131910013173469606
0000066863250620131911021049902353
0000066873250620131917013129824587
0000066883250620131921010876043071
0000066893260620130601019013249720
0000066903260620130640012878642580
0000066913260620130640012878642580
0000066923260620130640012741887561
0000066933260620130645013014895600
0000066943260620130645013014895600
0000066953260620130647019034141252
0000066963260620130647013403370606
0000066973260620130648012135661173
0000066983260620130648012225438198
0000066993260620130650012174039224
0000067003260620130650012484626136
0000067013260620130650020383665900
0000067023260620130652020762906159
0000067033260620130655012901014544
0000067043260620130655020484599350
0000067053260620130655012627126581
0000067063260620130657013074938608
0000067073260620130658017018838361
0000067083260620130700013290412546
0000067093260620130700013114130568
0000067103260620130700012537482184
0000067113260620130701012550829176
0000067123260620130702012691007563
0000067133260620130704011325820606
0000067143260620130705020466442852
0000067153260620130705012548955976
0000067163260620130708013140229819
0000067173260620130708013163919587
0000067183260620130708012372950241
0000067193260620130708020649114978
0000067203260620130709019045449563
0000067213260620130711012055044194
0000067223260620130713015475388273
0000067233260620130714013356370609
0000067243260620130714013030039608
0000067253260620130717013230068601
0000067263260620130718013160731625
0000067273260620130718013263878580
0000067283260620130719012514400858
0000067293260620130730013371642584
0000067303260620130731012135489125
0000067313260620130738012450019008
0000067323260620130741013302082818
0000067333260620130802019041931174
0000067343260620130804011673323736
0000067353260620130806013125167603
0000067363260620130807015158393927
0000067373260620130812012923382589
0000067383260620130827012783125562
0000067393260620130831012307326385
0000067403260620130937019001653793
0000067413260620131648019001653793
0000067423260620131700013125167603
0000067433260620131700015158393927
0000067443260620131710012307326385
0000067453260620131710011673323736
0000067463260620131710012923382589
0000067473260620131825012783125562
0000067483260620131900020466442852
0000067493260620131900013371642584
0000067503260620131901017018779330
0000067513260620131901020762906159
0000067523260620131902020466442127
0000067533260620131903013074938608
0000067543260620131903012135489125
0000067553260620131905013230068601
0000067563260620131906012174039224
0000067573260620131908017018838361
0000067583260620131917016386064632
0000067593260620131917016243916732
0000067603260620131919020397422312
0000067613260620131919013160731625
0000067623270620130635012712971606
0000067633270620130642013118993625
0000067643270620130643017018779330
0000067653270620130643016612845237
0000067663270620130647013014895600
0000067673270620130651012174039224
0000067683270620130651013361048566
0000067693270620130653012225438198
0000067703270620130654012837226620
0000067713270620130654012055044194
0000067723270620130656012454145210
0000067733270620130657013173469606
0000067743270620130657021049902353
0000067753270620130657015475388273
0000067763270620130658012883559564
0000067773270620130659021260832386
0000067783270620130700012901014544
0000067793270620130700012741887561
0000067803270620130700013076972609
0000067813270620130700013013631936
0000067823270620130700013013631936
0000067833270620130703012514404144
0000067843270620130705012808698609
0000067853270620130705016386064632
0000067863270620130705012207990283
0000067873270620130706013129824587
0000067883270620130706013403370606
0000067893270620130707012773587628
0000067903270620130707020383665900
0000067913270620130708019034141252
0000067923270620130708012548955976
0000067933270620130709012135661173
0000067943270620130710010876043071
0000067953270620130711012484626136
0000067963270620130713012537482184
0000067973270620130713013184820628
0000067983270620130717010114743468
0000067993270620130721020397422312
0000068003270620130721020466442127
0000068013270620130729012292138729
0000068023270620130737016243916732
0000068033270620130752012307326385
0000068043270620130752013163919587
0000068053270620130808011673323736
0000068063270620130808013125167603
0000068073270620130823015158393927
0000069843270620130925019001653793
0000069853270620130935012923382589
0000069893270620131656011673323736
0000069903270620131656015158393927
0000069913270620131656013125167603
0000069923270620131703019001653793
0000069933270620131703012307326385
0000069943270620131851010114743468
0000069953270620131852013140229819
0000069963270620131900012514404144
0000069973270620131901021049902353
0000069983270620131901013173469606
0000069993270620131902013184820628
0000070003270620131902012174039224
0000070013270620131904010876043071
0000070023270620131908013118993625
0000070033270620131918013129824587
0000070043270620131923011222657923
0000070053280620130627016612845237
0000070063280620130640013074938608
0000070073280620130651012712971606
0000070083280620130652012976732568
0000070093280620130653012207990283
0000070103280620130656013293086585
0000070113280620130657012837226620
0000070123280620130658013310789542
0000070133280620130658013401841547
0000070143280620130700013250292566
0000070153280620130700012859837606
0000070163280620130701010711509686
0000070173280620130704013371642584
0000070183280620130705012380963721
0000070193280620130705012044838127
0000070203280620130705010851838984
0000070213280620130709012883559564
0000070223280620130709013230068601
0000070233280620130710012808698609
0000070243280620130711012619969567
0000070253280620130712013361048566
0000070263280620130715012292138729
0000070273280620130717012814459564
0000070283280620130719020762906159
0000070293280620130722012425265343
0000070303280620130722012204992242
0000070313280620130722013140229819
0000070323280620130723012430534373
0000070333280620130726020466442852
0000070343280620130727010079646031
0000070353280620130728012773587628
0000070363280620130728012595873565
0000070373280620130733012817518626
0000070383280620130751013160731625
0000070393280620130751011222657923
0000070403280620130754012454145210
0000070413280620130810013125167603
0000070423280620130811013302082818
0000070433280620130825012783125562
0000070443280620130826015158393927
0000070453280620131018019001653793
0000070463280620131023019001653793
0000070473280620131023019001653793
0000070513280620131118012859127013
0000072343280620131628019001653793
0000072353280620131658013125167603
0000072363280620131659015158393927
0000072373280620131838013371642584
0000072383280620131851020466442852
0000072393280620131855021276334550
0000072403280620131856012783125562
0000072413280620131858020466442127
0000072423280620131904020397422312
0000072433280620131908012814459564
0000072443280620131909016386064632
0000072453280620131909017018779330
0000072463280620131911013230068601
0000072473280620131917016243916732
0000072483280620131917013160731625
0000072493280620131919019041931174
0000072503280620131920010079646031
0000072513290620130616012817518626
0000072523290620130639013118993625
0000072533290620130645012976732568
0000072543290620130651011678318226
0000072553290620130652012818230588
0000072563290620130652012122672651
0000072573290620130654012671658607
0000072583290620130654013160616621
0000072593290620130654021049902353
0000072603290620130655012514404144
0000072613290620130657013288847565
0000072623290620130657020951793491
0000072633290620130657013208061608
0000072643290620130659013308879564
0000072653290620130659013308879564
0000072663290620130659013308879564
0000072673290620130702010711509686
0000072683290620130704012946754563
0000072693290620130704012592868544
0000072703290620130705012044838127
0000072713290620130706013135738549
0000072723290620130707013250292566
0000072733290620130709012556217601
0000072743290620130709010876043071
0000072753290620130709012430534373
0000072763290620130709013310789542
0000072773290620130713010851838984
0000072783290620130713012859837606
0000072793290620130716013184820628
0000072803290620130717013308041544
0000072813290620130717017018779330
0000072823290620130723012339089338
0000072833290620130725012859127013
0000072843290620130732013129824587
0000072853290620130734012204992242
0000072863290620130734012204992242
0000072873290620130741012553018799
0000072883290620130811016243916732
0000072893290620130932020466442127
0000072913290620131905021049902353
0000072933290620131836020397422312
0000072943290620131900013118993625
0000072953290620131900013129824587
0000072963290620131901013184820628
0000072973290620131904013140229819
0000072983290620131908013135738549
0000072993300620130638012885122546
0000073003300620130645012413081129
0000073013300620130645012413081129
0000073023300620130646013403372609
0000073033300620130646013403372609
0000073043300620130648012756864589
0000073053300620130652012650140544
0000073063300620130654010762795937
0000073073300620130655013308879564
0000073083300620130700011678318226
0000073093300620130700012818230588
0000073103300620130700013160616621
0000073113300620130701020193169813
0000073123300620130702015104579275
0000073133300620130704020762906159
0000073143300620130705012122672651
0000073153300620130705012702788620
0000073163300620130705012691164626
0000073173300620130705012339089338
0000073183300620130705012339089338
0000073193300620130708012592868544
0000073203300620130708012671658607
0000073213300620130709020951793491
0000073223300620130711013074938608
0000073233300620130712020466442852
0000073243300620130716020351992337
0000073253300620130719010079646031
0000073263300620130719013184820628
0000073273300620130719013208061608
0000073283300620130721017050316499
0000073293300620130723013160731625
0000073303300620130726012931655602
0000073313300620130726013288847565
0000073323300620130726012814459564
0000073333300620130735013371642584
0000073343300620130743012553018799
0000073353300620130743012118635933
0000073363300620130800010867120212
0000073373300620130800012292907986
0000073383300620131824017018779330
0000073393300620131850012814459564
0000073403300620131853016386064632
0000073413300620131855020397422312
0000073423300620131855013160731625
0000073433300620131857010079646031
0000073443300620131857020466442852
0000073453300620131857013371642584
0000073463300620131858016243916732
0000073473300620131901013230068601
0000073483300620131901013184820628
0000073493300620131907010867120212
0000073503010720130548015104579275
0000073513010720130627012390487477
0000073523010720130628020484599350
0000073533010720130639018221234953
0000073543010720130641012372950241
0000073553010720130648012174039224
0000073563010720130655013403377600
0000073573010720130657012514404144
0000073583010720130700012650140544
0000073593010720130700021049902353
0000073603010720130700013173469606
0000073613010720130700013403372609
0000073623010720130701012931655602
0000073633010720130703020649114978
0000073643010720130704019045449563
0000073653010720130705013184820628
0000073663010720130706012878642580
0000073673010720130707013114130568
0000073683010720130707012450019008
0000073693010720130708010762795937
0000073703010720130708013156565562
0000073713010720130708013156565562
0000073723010720130711012514400858
0000073733010720130711015475388273
0000073743010720130711015475388273
0000073753010720130714012691007563
0000073763010720130715013030039608
0000073773010720130721012118635933
0000073783010720130722012627126581
0000073793010720130723012292907986
0000073803010720130726010777528158
0000073813010720130726020397422312
0000073823010720130728012756864589
0000073833010720130729017018779330
0000073843010720130730016243916732
0000073853010720130732013129824587
0000073863010720130735012691164626
0000073873010720130801013125167603
0000073883010720130802013118993625
0000073893010720130808016386064632
0000073903010720130811012307326385
0000073913010720130816015158393927
0000073923010720130817010876043071
0000073933010720130835011673323736
0000073943010720130848012923382589
0000073953010720130900017050316499
0000077953010720131704012783125562
0000077963010720131704011673323736
0000077973010720131714013125167603
0000077983010720131715013125167603
0000078053010720131852012734867585
0000078063010720131900012514404144
0000078073010720131900012174039224
0000078083010720131901013156565562
0000078093010720131902012307326385
0000078103010720131903012552868357
0000078113010720131912012734867585
0000078123010720131914013118993625
0000078133010720131920013129824587
0000078143010720131924010876043071
0000078173010720131929013365106587
0000078183010720131937013140229819
0000078193010720131938013184820628
0000078203010720131950013339016541
0000078213010720132015021049902353
0000078223010720132033013173469606
0000078233010720132100010777528158
0000078243010720132101010777528158
0000078253010720132101010777528158
0000078263020720130640012878642580
0000078273020720130643013014895600
0000078283020720130646012627126581
0000078293020720130647012514400858
0000078303020720130650020484599350
0000078313020720130652013114130568
0000078323020720130652013114130568
0000078333020720130653019045449563
0000078343020720130654013263878580
0000078353020720130656019013249720
0000078363020720130656019034141252
0000078373020720130657012135661173
0000078383020720130657012537482184
0000078393020720130700020649114978
0000078403020720130700018221234953
0000078413020720130700012691007563
0000078423020720130700013403370606
0000078433020720130700012901014544
0000078443020720130702013371642584
0000078453020720130702012390487477
0000078463020720130703013157400567
0000078473020720130704013135738549
0000078483020720130707020466442852
0000078493020720130709013163919587
0000078503020720130709013403377600
0000078513020720130712012548955976
0000078523020720130713013339016541
0000078533020720130721012814459564
0000078543020720130721015475388273
0000078553020720130725013154043542
0000078563020720130728013030039608
0000078573020720130729010777528158
0000078583020720130730012372950241
0000078593020720130733012550829176
0000078603020720130737013356370609
0000078613020720130738012450019008
0000078623020720130756013365106587
0000078633020720130800013230068601
0000078643020720130815011673323736
0000078653020720130821012307326385
0000078663020720130822013302082818
0000078673020720130830015158393927
0000078683020720130848012783125562
0000078693020720130900012923382589
0000078703020720130944019001653793
0000078713020720131720019001653793
0000078723020720131743012307326385
0000078733020720131745011673323736
0000078743020720131814012923382589
0000078753020720131825020397422312
0000078763020720131826012055044194
0000078803020720131829017040273894
0000078813020720131857013356370609
0000078823020720131858020466442852
0000078833020720131858013371642584
0000078903020720131902015158393927
0000078913020720131903012814459564
0000078943020720131904012357324394
0000078953020720131905010777528158
0000078963020720131905013135738549
0000078973020720131906013154043542
0000078983020720131907016386064632
0000078993020720131907020466442127
0000079003020720131909012783125562
0000079013020720131910017018779330
0000079023020720131912013230068601
0000079033020720131915016243916732
0000079043020720131922013125167603
0000079053020720131939013339016541
0000079063030720130556019013249720
0000079073030720130628012712971606
0000079083030720130630013163919587
0000079093030720130635012537482184
0000079103030720130640013090879629
0000079113030720130641012135661173
0000079123030720130641012484626136
0000079133030720130641013118993625
0000079143030720130644016612845237
0000079153030720130647012174039224
0000079163030720130648012357324394
0000079173030720130648011222657923
0000079183030720130649013369914629
0000079193030720130649021260832386
0000079203030720130650013361048566
0000079213030720130651013239337567
0000079223030720130654021049902353
0000079233030720130655013198509547
0000079243030720130657013263878580
0000079253030720130657020383665900
0000079263030720130658012514404144
0000079273030720130700012837226620
0000079283030720130702012207990283
0000079293030720130702012773587628
0000079303030720130702013403370606
0000079313030720130703012055044194
0000079323030720130703019041931174
0000079333030720130704013014895600
0000079343030720130706012808698609
0000079353030720130708017018838361
0000079363030720130709012548955976
0000079373030720130709013184820628
0000079383030720130710012901014544
0000079393030720130713019034141252
0000079403030720130714012135489125
0000079413030720130715016386064632
0000079423030720130718012292138729
0000079433030720130718013356370609
0000079443030720130720013129824587
0000079453030720130720017018779330
0000079463030720130721016526651713
0000079473030720130727020397422312
0000079483030720130738017040273894
0000079493030720130743020466442127
0000079503030720130753016243916732
0000079513030720130800013125167603
0000079523030720130802015158393927
0000079533030720130812012783125562
0000079543030720130827012307326385
0000079553030720130832012923382589
0000079563030720130842011673323736
0000079573030720131700012783125562
0000079583030720131702012923382589
0000079593030720131703015158393927
0000079603030720131717019001653793
0000079613030720131717012307326385
0000079623030720131719011673323736
0000079633030720131900019041931174
0000079643030720131903012514404144
0000079653030720131904013140229819
0000079663030720131905012174039224
0000079673030720131906021049902353
0000079683030720131907013184820628
0000079693030720131910013173469606
0000079703030720131911013118993625
0000079713030720131914017018838361
0000079723030720131915012135489125
0000079733030720131922013129824587
0000079743030720131924013125167603
0000079753040720130624016612845237
0000079763040720130644012044838127
0000079773040720130644012380963721
0000079783040720130645012207990283
0000079793040720130648012712971606
0000079803040720130651013310789542
0000079813040720130651013401841547
0000079823040720130654012595873565
0000079833040720130655012859837606
0000079843040720130655013250292566
0000079853040720130656012859127013
0000079863040720130658012188202637
0000079873040720130659013013631936
0000079883040720130705013230068601
0000079893040720130707012484626136
0000079903040720130708013371642584
0000079913040720130708012817518626
0000079923040720130708010114743468
0000079933040720130708012808698609
0000079943040720130708012814459564
0000079953040720130709013293086585
0000079963040720130710020383665900
0000079973040720130710012055044194
0000079983040720130711012454145210
0000079993040720130712013160731625
0000080003040720130713020466442852
0000080013040720130713012292138729
0000080023040720130715012425265343
0000080033040720130715013198509547
0000080043040720130717020762906159
0000080053040720130717013140229819
0000080063040720130717013160731625
0000080073040720130717013173469606
0000080083040720130719021260832386
0000080093040720130719013361048566
0000080103040720130721016526651713
0000080113040720130724011222657923
0000080123040720130725012430534373
0000080133040720130725013369914629
0000080143040720130726013076972609
0000080153040720130735012837226620
0000080163040720130735012837226620
0000080173040720130737012619969567
0000080183040720130754012204992242
0000080193040720130805015158393927
0000080203040720130826013302082818
0000080213040720130827011673323736
0000080223040720130831012783125562
0000080253040720130842019037540603
0000080263040720131701011673323736
0000080273040720131709015158393927
0000080283040720131709013125167603
0000080293040720131823020397422312
0000080303040720131834020466442127
0000080313040720131839012783125562
0000080323040720131845013160731625
0000080333040720131900012814459564
0000080343040720131901013371642584
0000080353040720131902020466442852
0000080363040720131905020762906159
0000080373040720131909012357324394
0000080383040720131916013302082818
0000080393040720131916016386064632
0000080403040720131917013230068601
0000080413040720131938016243916732
0000080423040720132001017018779330
0000080433040720132001017018779330
0000080443050720130641013118993625
0000080453050720130644012596634580
0000080463050720130645020951793491
0000080473050720130645013288847565
0000080483050720130646010711509686
0000080493050720130646013160616621
0000080503050720130649012456731192
0000080513050720130650012357324394
0000080523050720130653012556217601
0000080533050720130653012818230588
0000080543050720130654012671658607
0000080553050720130654011678318226
0000080563050720130654013308879564
0000080573050720130654021049902353
0000080583050720130655012650140544
0000080593050720130656012976732568
0000080603050720130658012174039224
0000080613050720130659013401841547
0000080623050720130702010876043071
0000080633050720130702013013631936
0000080643050720130702013013631936
0000080653050720130703012592868544
0000080663050720130705012204992242
0000080673050720130707020397422312
0000080683050720130707013310789542
0000080693050720130708012859837606
0000080703050720130708020466442127
0000080713050720130709012098244160
0000080723050720130709013184820628
0000080733050720130709012122672651
0000080743050720130709013308041544
0000080753050720130710012380963721
0000080763050720130711017018779330
0000080773050720130713012044838127
0000080783050720130714019037540603
0000080793050720130714013250292566
0000080803050720130714012817518626
0000080813050720130717012430534373
0000080823050720130717012188202637
0000080833050720130719016243916732
0000080843050720130722010079646031
0000080853050720130722012595873565
0000080863050720130723012553018799
0000080873050720130729016386064632
0000080883050720130750012339089338
0000080893050720130812013125167603
0000080903050720130819012307326385
0000080913050720130823012552868357
0000080923050720130827015158393927
0000080963050720130840012783125562
0000081003050720130914012923382589
0000081013050720130918019001653793
0000081023050720130918011673323736
0000081083050720131422019001653793
0000081093050720131700012783125562
0000081103050720131702011673323736
0000081113050720131702012923382589
0000081123050720131702015158393927
0000081133050720131702012307326385
0000081143050720131709013125167603
0000081153050720131836017040273894
0000081163050720131842012552868357
0000081173050720131857013371642584
0000081183050720131857013140229819
0000081193050720131900012339227943
0000081203050720131900012174039224
0000081213050720131900011497465189
0000081223050720131901012514404144
0000081233050720131911013118993625
0000081243050720131911010079646031
0000081253050720131917010876043071
0000081263050720131918012456731192
0000081273050720131919019041931174
0000081283050720131922021049902353
0000081303050720131900013173469606
0000081323060720130642012885122546
0000081333060720130652020351992337
0000081343060720130652012756864589
0000081353060720130653013208061608
0000081363060720130655013288847565
0000081373060720130656012556217601
0000081383060720130657013371642584
0000081393060720130657012592868544
0000081403060720130657012702788620
0000081413060720130658012413081129
0000081423060720130658012818230588
0000081433060720130658013308879564
0000081443060720130659013230068601
0000081453060720130659015104579275
0000081463060720130659010762795937
0000081473060720130700013135738549
0000081483060720130701012553018799
0000081493060720130703013160616621
0000081503060720130704013160731625
0000081513060720130704012122672651
0000081523060720130705012537308788
0000081533060720130705013184820628
0000081543060720130707020762906159
0000081553060720130707013308041544
0000081563060720130708012650140544
0000081573060720130708012817518626
0000081583060720130710013173469606
0000081593060720130711012514330493
0000081603060720130711012691164626
0000081613060720130712011678318226
0000081623060720130715017040273894
0000081633060720130716020466442852
0000081643060720130720012671658607
0000081653060720130720020951793491
0000081663060720130723012814459564
0000081673060720130723012596634580
0000081683060720130723012098244160
0000081693060720130727012015174275
0000081703060720130729012339089338
0000081713060720130739019041931174
0000081723060720130741013315726581
0000081733060720130747010867120212
0000081743060720130749012118635933
0000081753060720131734013230068601
0000081763060720131849017018779330
0000081773060720131852013184820628
0000081783060720131854012357324394
0000081793060720131900020466442127
0000081803060720131901013135738549
0000081813060720131905016243916732
0000081823060720131905020466442852
0000081833060720131905012292907986
0000081843060720131905020762906159
0000081853060720131906012814459564
0000081863060720131909020397422312
0000081873060720131911016386064632
0000081883060720131919013160731625
0000081893070720130613017018779330
0000081903070720130614012878642580
0000081913070720130642013114130568
0000081923070720130643012456731192
0000081933070720130645021049902353
0000081943070720130648020649114978
0000081953070720130650012514404144
0000081963070720130650012550829176
0000081973070720130651012174039224
0000081983070720130651013403372609
0000081993070720130652020484599350
0000082003070720130655012357324394
0000082013070720130659015475388273
0000082023070720130659015475388273
0000082033070720130659019045449563
0000082043070720130659010762795937
0000082053070720130702012015174275
0000082063070720130702013030039608
0000082073070720130704012627126581
0000082083070720130704013193663580
0000082093070720130704010876043071
0000082103070720130704012514400858
0000082113070720130705012756864589
0000082123070720130706010867120212
0000082133070720130707013290412546
0000082143070720130710012514330493
0000082153070720130712013208061608
0000082163070720130713012390487477
0000082173070720130716012292907986
0000082183070720130717012118635933
0000082193070720130721010079646031
0000082203070720130721013184820628
0000082213070720130722020397422312
0000082223070720130723012691007563
0000082233070720130724020466442127
0000082243070720130725013157400567
0000082253070720130728017050316499
0000082263070720130728012931655602
0000082273070720130734013118993625
0000082283070720130823016386064632
0000082293070720130824016243916732
0000082313070720131903015475388273
0000082333070720131858013118993625
0000082343080720130653015158393927
0000082353080720130653019034141252
0000082363080720130653012135661173
0000082373080720130653018221234953
0000082383080720130653013239337567
0000082393080720130656012225438198
0000082403080720130658013193663580
0000082413080720130659013339016541
0000082443080720130703013377032583
0000082453080720130703012390487477
0000082463080720130703019045449563
0000082473080720130704013290412546
0000082483080720130704020649114978
0000082493080720130704013163919587
0000082523080720130705012778632540
0000082533080720130706013403370606
0000082543080720130706020466442852
0000082573080720130709013030039608
0000082583080720130711017050316499
0000082593080720130711020762906159
0000082603080720130714013090879629
0000082613080720130714013403377600
0000082623080720130714012814459564
0000082633080720130714012627126581
0000082663080720130716013351993586
0000082673080720130720012514400858
0000082683080720130723010777528158
0000082693080720130723010777528158
0000082703080720130724013157400567
0000082713080720130724013156565562
0000082723080720130725012550829176
0000082733080720130732013403372609
0000082743080720130736013140229819
0000082753080720130736013114130568
0000084833080720130741013173469606
0000084843080720130746012931655602
0000084853080720130754012901014544
0000084863080720130758011673323736
0000084873080720130805012307326385
0000084903080720130810013366964560
0000084913080720130811013074938608
0000084923080720130819013160731625
0000084933080720130826012552868357
0000084943080720130850012923382589
0000084953080720130851012783125562
0000084963080720131656012923382589
0000084973080720131707011673323736
0000084983080720131708015158393927
0000084993080720131709013125167603
0000085003080720131724012307326385
0000085013080720131728012783125562
0000085023080720131844012552868357
0000085033080720131844012055044194
0000085043080720131854012357324394
0000085053080720131858020466442852
0000085063080720131914020466442127
0000085073080720131916013074938608
0000085083080720131916020762906159
0000085093080720131917012814459564
0000085103080720131917016386064632
0000085113080720131926010777528158
0000085123080720131931013160731625
0000085133080720131935017018779330
0000085143080720131935016243916732
0000085153080720132004013339016541
0000085163090720130634012712971606
0000085173090720130636012454145210
0000085183090720130636012174039224
0000085193090720130638013339016541
0000085203090720130641013090879629
0000085213090720130644019034141252
0000085223090720130645013403370606
0000085233090720130645012135661173
0000085243090720130646012357324394
0000085253090720130647011222657923
0000085263090720130647013198509547
0000085273090720130650016612845237
0000085283090720130650011325820606
0000085293090720130652021260832386
0000085303090720130654013239337567
0000085313090720130657013369914629
0000085323090720130659012514404144
0000085333090720130701013315726581
0000085343090720130702021049902353
0000085353090720130702018221234953
0000085363090720130703012808698609
0000085373090720130704019013249720
0000085383090720130704013118993625
0000085393090720130705012207990283
0000085403090720130706013163919587
0000085413090720130706013135738549
0000085423090720130708012548955976
0000085433090720130709012514330493
0000085443090720130710013403377600
0000085453090720130711012773587628
0000085463090720130712012055044194
0000085473090720130714013184820628
0000085483090720130715012901014544
0000085493090720130715012225438198
0000085503090720130716013356370609
0000085513090720130717010876043071
0000085523090720130722016386064632
0000085533090720130730012537482184
0000085543090720130733020397422312
0000085553090720130733012837226620
0000085563090720130734012292138729
0000085573090720130738017018779330
0000085583090720130751010777528158
0000085593090720130752020466442127
0000085603090720130802016243916732
0000085613090720130821015158393927
0000085623090720130831012783125562
0000085633090720130832012923382589
0000085643090720130847012307326385
0000085653090720130849011673323736
0000085663090720130922019001653793
0000085703090720131658012923382589
0000085713090720131705011673323736
0000085723090720131712012783125562
0000085733090720131714019001653793
0000085743090720131714012307326385
0000085753090720131714013125167603
0000085793090720131717015158393927
0000085803090720131838017040273894
0000085813090720131844013356370609
0000085823090720131847012395847870
0000085833090720131857013140229819
0000085843090720131857012778632540
0000085853090720131858013351993586
0000085863090720131858013371642584
0000085873090720131859013173469606
0000085883090720131900012514404144
0000085893090720131903013341608566
0000085903090720131903010777528158
0000085913090720131904013118993625
0000085923090720131904012174039224
0000085933090720131909013135738549
0000085943090720131909012514330493
0000085973090720131912012477118082
0000085983090720131912012477118082
0000086013090720131914010085451093
0000086023090720131915013184820628
0000086033090720131915010876043071
0000086043090720131921021049902353
0000086073090720131933013341535607
0000086083090720132016013339016541
0000086093100720130550019013249720
0000086103100720130637016612845237
0000086113100720130643012712971606
0000086123100720130646012044838127
0000086133100720130646012380963721
0000086143100720130649012741887561
0000086153100720130650013230068601
0000086163100720130650012484626136
0000086173100720130651020466442852
0000086183100720130655012859127013
0000086193100720130655012207990283
0000086203100720130656013310789542
0000086213100720130656012537482184
0000086223100720130659012595873565
0000086233100720130659013250292566
0000086243100720130700013351993586
0000086253100720130704013173469606
0000086263100720130705012477118082
0000086273100720130705012477118082
0000086283100720130707013371642584
0000086293100720130709012808698609
0000086303100720130709011325820606
0000086313100720130709010851838984
0000086323100720130709013173469606
0000086333100720130710017040273894
0000086343100720130710012425265343
0000086353100720130710012454145210
0000086363100720130711013160731625
0000086373100720130712010085451093
0000086383100720130712013074938608
0000086393100720130712020762906159
0000086403100720130712013140229819
0000086413100720130715013198509547
0000086423100720130717012837226620
0000086433100720130717012292138729
0000086443100720130718012430534373
0000086453100720130719012817518626
0000086463100720130719013302082818
0000086473100720130720012135489125
0000086483100720130722013356370609
0000086493100720130722012814459564
0000086503100720130724013369914629
0000086513100720130725012773587628
0000086523100720130729011497465189
0000086533100720130737012204992242
0000086543100720130738011222657923
0000086553100720130743016526651713
0000086563100720130743016526651713
0000086573100720130747012188202637
0000086583100720130759013341535607
0000086593100720130800013341535607
0000086603100720130800012619969567
0000086613100720130803015158393927
0000086623100720130807012859837606
0000086633100720130809011673323736
0000086643100720130822012923382589
0000086653100720130830019041931174
0000086663100720130835012307326385
0000086683100720130927015158393927
0000094473100720131528012923382589
0000094493100720131539015158393927
0000096553100720131701013125167603
0000096563100720131708015158393927
0000096573100720131710011673323736
0000096583100720131710012307326385
0000096593100720131715012783125562
0000096603100720131853019037540603
0000096613100720131857012357324394
0000096623100720131857020466442127
0000096633100720131900012814459564
0000096643100720131903020466442852
0000096653100720131904011497465189
0000096663100720131905012135489125
0000096673100720131909013341535607
0000096683100720131919016386064632
0000096693100720131919013230068601
0000096703100720131929013160731625
0000096713100720131929020397422312
0000096723100720131936016243916732
0000096733100720131942013366964560
0000096743110720130621012514404144
0000096753110720130648013288847565
0000096763110720130648013160616621
0000096773110720130651020951793491
0000096783110720130652021049902353
0000096793110720130652020397422312
0000096803110720130653012357324394
0000096813110720130653012174039224
0000096823110720130654013308879564
0000096833110720130654013401841547
0000096843110720130656012818230588
0000096853110720130656012883559564
0000096863110720130657012537308788
0000096873110720130657011678318226
0000096883110720130700012741887561
0000096893110720130700013250292566
0000096903110720130702012055044194
0000096913110720130702013356370609
0000096923110720130703012671658607
0000096933110720130703012484626136
0000096943110720130706013013631936
0000096953110720130707012044838127
0000096963110720130708013118993625
0000096973110720130709012380963721
0000096983110720130710012188202637
0000096993110720130710010114743468
0000097003110720130710010114743468
0000097013110720130711021276334550
0000097023110720130711016243916732
0000097033110720130711016386064632
0000097043110720130712013308041544
0000097053110720130712010876043071
0000097063110720130712012098244160
0000097073110720130713012425265343
0000097083110720130714013129824587
0000097093110720130717010851838984
0000097103110720130718012946754563
0000097113110720130719012592868544
0000097123110720130725012859837606
0000097133110720130725012595873565
0000097143110720130726020466442127
0000097153110720130731013366964560
0000097163110720130740012553018799
0000097173110720130741012204992242
0000097183110720130742012619969567
0000097193110720130748012339089338
0000097203110720130748012339089338
0000097213110720130816013125167603
0000097223110720130822012783125562
0000097233110720130824012923382589
0000097243110720130833012307326385
0000097253110720130910011673323736
0000097263110720130927015158393927
0000097273110720130934019001653793
0000097283110720131407019001653793
0000097293110720131703013125167603
0000097303110720131707011673323736
0000097313110720131707015158393927
0000097323110720131710012307326385
0000097333110720131803012783125562
0000097343110720131813012395847870
0000097353110720131830012923382589
0000097363110720131850012778632540
0000097373110720131852012055044194
0000097383110720131852010114743468
0000097393110720131857013341608566
0000097403110720131858013351993586
0000097413110720131858013140229819
0000097423110720131859021276334550
0000097433110720131901013371642584
0000097443110720131901012514404144
0000097453110720131903012174039224
0000097463110720131904013118993625
0000097473110720131905010876043071
0000097483110720131909013173469606
0000097493110720131917013341535607
0000097503110720131918019037540603
0000097513110720131931013129824587
0000097543110720131941019013698061
0000097553120720130636013230068601
0000097563120720130644012413081129
0000097573120720130644010762795937
0000097583120720130655012756864589
0000097593120720130657010711509686
0000097603120720130658012702788620
0000097613120720130701012456731192
0000097623120720130701012778632540
0000097633120720130701012395847870
0000097643120720130701013288847565
0000097653120720130702012818230588
0000097663120720130702013401841547
0000097673120720130702013341608566
0000097683120720130702012671658607
0000097693120720130702012098244160
0000097703120720130703013308879564
0000097713120720130703012537308788
0000097723120720130703013371642584
0000097733120720130704011678318226
0000097743120720130704013351993586
0000097753120720130704012592868544
0000097763120720130705013193663580
0000097773120720130706012976732568
0000097783120720130707013302082818
0000097793120720130709013173469606
0000097803120720130709015104579275
0000097813120720130709020193169813
0000097823120720130710012885122546
0000097833120720130712012339227943
0000097843120720130712012339227943
0000097853120720130712013140229819
0000097863120720130715013308041544
0000097873120720130716021276334550
0000097883120720130717012553018799
0000097893120720130718012339089338
0000097903120720130719013160616621
0000097913120720130719020951793491
0000097923120720130720020466442852
0000097933120720130721013013631936
0000097943120720130721013013631936
0000097953120720130723012814459564
0000097963120720130725012691164626
0000097973120720130725012883559564
0000097983120720130726012015174275
0000097993120720130727010079646031
0000098003120720130728013074938608
0000098013120720130732012118635933
0000098023120720130736010867120212
0000098033120720130736012292907986
0000098043120720130748013160731625
0000098053120720130749019013698061
0000098063120720130749019013698061
0000098073120720130757012307326385
0000098083120720130812012552868357
0000098093120720130812013341535607
0000098103120720130843012923382589
0000098113120720130843015158393927
0000098123120720130920012783125562
0000098133120720131502012702788620
0000098143120720131511012923382589
0000098153120720131601012307326385
0000098163120720131701015158393927
0000098173120720131703013125167603
0000098183120720131837012783125562
0000098193120720131842012552868357
0000098203120720131900012814459564
0000098213120720131901021276334550
0000098223120720131901019013698061
0000098233120720131901017040273894
0000098243120720131903013302082818
0000098253120720131904013074938608
0000098263120720131904013160731625
0000098273120720131905020397422312
0000098283120720131906013230068601
0000098293120720131906016386064632
0000098303120720131907010085451093
0000098313120720131910010079646031
0000098323120720131912020466442127
0000098333120720131912017018779330
0000098343120720131912017018779330
0000098353120720131914019041931174
0000098363120720131916012339227943
0000098373120720132007016243916732
0000098383120720132015012357324394
0000098393130720130603015104579275
0000098403130720130638013114130568
0000098413130720130644012174039224
0000098423130720130647012976732568
0000098433130720130652013118993625
0000098443130720130653021049902353
0000098453130720130653020397422312
0000098463130720130654012550829176
0000098473130720130655012450019008
0000098483130720130656012514404144
0000098493130720130657013290412546
0000098503130720130658013208061608
0000098513130720130700019045449563
0000098523130720130700010762795937
0000098533130720130700012357324394
0000098543130720130700010876043071
0000098553130720130700013193663580
0000098563130720130702015475388273
0000098573130720130704020484599350
0000098583130720130704012514330493
0000098593130720130710012413081129
0000098603130720130711010711509686
0000098613130720130712017040273894
0000098623130720130715012691007563
0000098633130720130715019041931174
0000098643130720130716020351992337
0000098653130720130717010085451093
0000098663130720130717010085451093
0000098673130720130717012514400858
0000098683130720130717012015174275
0000098693130720130719012885122546
0000098703130720130719012691164626
0000098713130720130720012292907986
0000098723130720130721010867120212
0000098733130720130721013135738549
0000098743130720130722012756864589
0000098753130720130722012390487477
0000098763130720130722013129824587
0000098773130720130723017050316499
0000098783130720130723016243916732
0000098793130720130724013140229819
0000098803130720130725013315726581
0000098813130720130736013076972609
0000098823130720130740016386064632
0000098833130720130747020466442127
0000098843130720130759012878642580
0000098853130720130759012878642580
0000098863130720130818017018779330
0000098873130720130818017018779330
0000098883130720131820012395847870
0000098893130720131842020397422312
0000098903130720131844012778632540
0000098913130720131849013351993586
0000098923130720131859013157400567
0000098933130720131900012514404144
0000098943130720131900013290412546
0000098953130720131903010876043071
0000098963130720131904013135738549
0000098973130720131911013118993625
0000098983130720131911013129824587
0000098993130720132215013371642584
0000099003140720130628012537482184
0000099013140720130640012225438198
0000099023140720130640012135661173
0000099033140720130640013403370606
0000099043140720130641012878642580
0000099053140720130643013403372609
0000099063140720130643013403372609
0000099073140720130644012703338602
0000099083140720130646020484599350
0000099093140720130648012514330493
0000099103140720130648012901014544
0000099113140720130653013239337567
0000099123140720130656013074938608
0000099133140720130656013371642584
0000099143140720130657020466442852
0000099153140720130657012548955976
0000099163140720130657012650140544
0000099173140720130658012691007563
0000099183140720130658013014895600
0000099193140720130700019045449563
0000099203140720130703012931655602
0000099213140720130704013157400567
0000099223140720130705013090879629
0000099233140720130705012514400858
0000099243140720130707013208061608
0000099253140720130709010079646031
0000099263140720130710015475388273
0000099273140720130711013351993586
0000099283140720130712013355325561
0000099293140720130712013302082818
0000099303140720130712013263878580
0000099313140720130718013140229819
0000099323140720130720012814459564
0000099333140720130721013114130568
0000099343140720130721017050316499
0000099353140720130722012550829176
0000099363140720130723013163919587
0000099373140720130725013315726581
0000099383140720130732013076972609
0000099393140720130737013230068601
0000099403140720130738012778632540
0000099413140720131848020397422312
0000099423140720131857010777528158
0000099433140720131857010777528158
0000099443140720131900013302082818
0000099453140720131900012357324394
0000099463140720131901012814459564
0000099473140720131903013074938608
0000099483140720131904020466442852
0000099493140720131908010079646031
0000099503140720131914013377032583
0000099513140720131921020466442127
0000099523140720131922017018779330
0000099533140720131922016386064632
0000099543140720131922013230068601
0000099553140720131925013366964560
0000099563140720131935016243916732
0000099573140720132050016243916732
0000099583150720130623012225438198
0000099593150720130624012703338602
0000099603150720130632012712971606
0000099613150720130633013339016541
0000099623150720130635013118993625
0000099633150720130641018221234953
0000099643150720130652012537482184
0000099653150720130653021049902353
0000099663150720130654013198509547
0000099673150720130655011222657923
0000099683150720130656016612845237
0000099693150720130658012174039224
0000099703150720130658012122672651
0000099713150720130659021260832386
0000099723150720130701012357324394
0000099733150720130702010777528158
0000099743150720130703012901014544
0000099753150720130703012207990283
0000099763150720130704013403377600
0000099773150720130706012650140544
0000099783150720130707010876043071
0000099793150720130708012292138729
0000099803150720130708012514330493
0000099813150720130710020397422312
0000099823150720130712013163919587
0000099833150720130712013403370606
0000099843150720130713013156565562
0000099853150720130713013239337567
0000099863150720130713013014895600
0000099873150720130714017018779330
0000099883150720130714012548955976
0000099893150720130715013129824587
0000099903150720130717012808698609
0000099913150720130718012135661173
0000099923150720130718013157400567
0000099933150720130722016386064632
0000099943150720130723013355325561
0000099953150720130729013403372609
0000099963150720130731012931655602
0000099973150720130753013366964560
0000099983150720130804012307326385
0000099993150720130804013125167603
0000100003150720130804015158393927
0000100013150720130813012923382589
0000100023150720130828012783125562
0000100033150720130856012552868357
0000100043150720130856012552868357
0000100053150720130857011673323736
0000100063150720130937020466442127
0000100093150720131251012773587628
0000100103150720131629015158393927
0000100113150720131704011673323736
0000100123150720131704013125167603
0000100133150720131711012923382589
0000100143150720131720012307326385
0000100153150720131741012055044194
0000100163150720131848013351993586
0000100173150720131849012552868357
0000100183150720131849013369914629
0000100193150720131851013140229819
0000100203150720131858013173469606
0000100213150720131900012514404144
0000100223150720131901012174039224
0000100233150720131905013118993625
0000100243150720131905013129824587
0000100253150720131907012778632540
0000100263150720131909010777528158
0000100273150720131912013156565562
0000100283150720131919010876043071
0000100293150720131938021049902353
0000100303150720131939012783125562
0000100313150720132013013339016541
0000100323160720130641012514330493
0000100333160720130643016612845237
0000100343160720130645011325820606
0000100353160720130646012044838127
0000100363160720130647012946754563
0000100373160720130648012712971606
0000100383160720130649020466442852
0000100393160720130650013339016541
0000100403160720130651012380963721
0000100413160720130653013310789542
0000100423160720130654012595873565
0000100433160720130657013341608566
0000100443160720130658013341608566
0000100453160720130700018221234953
0000100463160720130701012207990283
0000100473160720130701010851838984
0000100483160720130702012395847870
0000100493160720130703013403377600
0000100503160720130706013230068601
0000100513160720130707012859837606
0000100523160720130709012778632540
0000100533160720130709019013249720
0000100543160720130710012292138729
0000100553160720130712012814459564
0000100563160720130713012188202637
0000100573160720130717013157400567
0000100583160720130717013302082818
0000100593160720130718012430534373
0000100603160720130718021260832386
0000100623160720130736013173469606
0000100643160720130720013369914629
0000100653160720130721020762906159
0000100663160720130721013154043542
0000100673160720130722011222657923
0000100683160720130723012808698609
0000100693160720130724016526651713
0000100703160720130728013135738549
0000100713160720130729012055044194
0000100723160720130733013140229819
0000100733160720130735012817518626
0000100743160720130736010777528158
0000100753160720130738012204992242
0000100763160720130751013160731625
0000100773160720130758011673323736
0000100783160720130804012783125562
0000100793160720130810015158393927
0000100803160720130816013356370609
0000100813160720130826012307326385
0000100823160720130840012923382589
0000100833160720130852019001653793
0000100843160720131705011673323736
0000100853160720131706015158393927
0000100863160720131719012307326385
0000100873160720131751012783125562
0000100883160720131819012923382589
0000100893160720131827017040273894
0000100903160720131827020397422312
0000100913160720131847012357324394
0000100923160720131900012814459564
0000100933160720131900013154043542
0000100943160720131900020466442852
0000100953160720131902020762906159
0000100963160720131907013135738549
0000100973160720131907013302082818
0000100983160720131908010085451093
0000100993160720131908016386064632
0000101003160720131909013160731625
0000101013160720131910013341608566
0000101023160720131910010777528158
0000101033160720131910013230068601
0000101043160720131910012477118082
0000101053160720131922017018779330
0000101063160720131922020466442127
0000101073160720131940016243916732
0000101083160720132008013339016541
0000101093170720130549019013249720
0000101103170720130630013118993625
0000101113170720130636012818230588
0000101123170720130639012741887561
0000101133170720130640012484626136
0000101143170720130642019041931174
0000101153170720130644013250292566
0000101163170720130648012514404144
0000101173170720130648012596634580
0000101183170720130648013288847565
0000101193170720130649013308879564
0000101203170720130650020951793491
0000101213170720130651012174039224
0000101223170720130652012357324394
0000101233170720130654020383665900
0000101243170720130657021049902353
0000101253170720130658020397422312
0000101263170720130658013184820628
0000101273170720130658012592868544
0000101283170720130659016243916732
0000101293170720130700013160616621
0000101303170720130700011325820606
0000101313170720130700012430534373
0000101323170720130701012122672651
0000101333170720130702012477118082
0000101343170720130703012671658607
0000101353170720130705010851838984
0000101363170720130705012188202637
0000101373170720130706012859837606
0000101383170720130706013310789542
0000101393170720130707010085451093
0000101403170720130709013129824587
0000101413170720130710017040273894
0000101423170720130711012946754563
0000101433170720130711012556217601
0000101443170720130714012098244160
0000101453170720130715017018779330
0000101463170720130717011497465189
0000101473170720130717012537308788
0000101483170720130718012380963721
0000101493170720130719013308041544
0000101503170720130720010876043071
0000101513170720130725012204992242
0000101523170720130726012339089338
0000101533170720130737012553018799
0000101543170720130738013356370609
0000101553170720130741020466442127
0000101563170720130806015158393927
0000101573170720130808012595873565
0000101583170720130809012923382589
0000101593170720130831012307326385
0000101603170720130832011673323736
0000101613170720130843012783125562
0000101623170720130924019001653793
0000101653170720131654012923382589
0000101663170720131654019001653793
0000101673170720131700015158393927
0000101683170720131705011673323736
0000101693170720131708012307326385
0000101703170720131713012783125562
0000101713170720131835013341608566
0000101723170720131835013341608566
0000101733170720131835013341608566
0000101743170720131848012395847870
0000101753170720131848012395847870
0000101763170720131850012778632540
0000101773170720131850013351993586
0000101783170720131850013351993586
0000101793170720131856013173469606
0000101803170720131858013140229819
0000101813170720131900012514404144
0000101823170720131906010876043071
0000101833170720131908012174039224
0000101843170720131916019041931174
0000101853170720131918013184820628
0000101863170720131922013129824587
0000101873170720131924013366964560
0000101883170720131927021049902353
0000101893180720130643019037540603
0000101903180720130649012055044194
0000101913180720130651013118993625
0000101923180720130652016994085008
0000101933180720130653012756864589
0000101943180720130655013288847565
0000101953180720130655020351992337
0000101963180720130658012976732568
0000101973180720130659012883559564
0000101983180720130700012122672651
0000101993180720130700012556217601
0000102003180720130700012741887561
0000102013180720130701013160616621
0000102023180720130701013356370609
0000102033180720130702013013631936
0000102043180720130703012339089338
0000102053180720130704012778632540
0000102063180720130704013250292566
0000102073180720130704012484626136
0000102083180720130705020762906159
0000102093180720130705012671658607
0000102103180720130706013074938608
0000102113180720130706013230068601
0000102123180720130706015104579275
0000102133180720130706013341608566
0000102143180720130706013351993586
0000102153180720130707012818230588
0000102163180720130708012818230588
0000102173180720130708012118635933
0000102183180720130708012015174275
0000102193180720130709020193169813
0000102203180720130710013308041544
0000102213180720130710013308879564
0000102223180720130712012553018799
0000102233180720130712012537308788
0000102243180720130713012098244160
0000102253180720130714013076972609
0000102263180720130715012885122546
0000102273180720130717012814459564
0000102283180720130718012592868544
0000102293180720130719021276334550
0000102303180720130722013173469606
0000102313180720130722013140229819
0000102323180720130726020466442852
0000102333180720130726020383665900
0000102343180720130727010114743468
0000102353180720130729012691164626
0000102363180720130729011673323736
0000102373180720130738013160731625
0000102383180720130742013366964560
0000102393180720130743012596634580
0000102403180720130747013302082818
0000102413180720130801010867120212
0000102423180720130801012292907986
0000102433180720130821012923382589
0000102443180720130827012307326385
0000102453180720130828015158393927
0000102483180720131030019001653793
0000102493180720131653019001653793
0000102503180720131654012923382589
0000102513180720131701015158393927
0000102523180720131712011673323736
0000102533180720131712012307326385
0000102543180720131837020466442127
0000102553180720131847010114743468
0000102563180720131852013341535607
0000102573180720131853021276334550
0000102583180720131854012357324394
0000102593180720131901020762906159
0000102603180720131904013302082818
0000102613180720131905016386064632
0000102623180720131905012814459564
0000102633180720131906012477118082
0000102643180720131912013160731625
0000102653180720131913020397422312
0000102663180720131916019013698061
0000102673180720131920013230068601
0000102683180720131924016243916732
0000102693180720131936017018779330
0000102703190720130507020466442127
0000102713190720130507020397422312
0000102723190720130634012878642580
0000102733190720130640020649114978
0000102743190720130646012372950241
0000102753190720130647010711509686
0000102763190720130650012550829176
0000102773190720130651013114130568
0000102783190720130651013114130568
0000102793190720130651020351992337
0000102803190720130653013401841547
0000102813190720130653012174039224
0000102823190720130653012357324394
0000102833190720130656012756864589
0000102843190720130657017050316499
0000102853190720130700013076972609
0000102863190720130700021049902353
0000102873190720130701012514330493
0000102883190720130702012477118082
0000102893190720130702012390487477
0000102903190720130703013193663580
0000102913190720130703016243916732
0000102923190720130704020484599350
0000102933190720130706012691007563
0000102943190720130706012885122546
0000102953190720130707013184820628
0000102963190720130708012292907986
0000102973190720130710010867120212
0000102983190720130712012691164626
0000102993190720130714019037540603
0000103003190720130715013129824587
0000103013190720130715021276334550
0000103023190720130716016386064632
0000103033190720130717010876043071
0000103043190720130720012339227943
0000103053190720130721012118635933
0000103063190720130722012514400858
0000103073190720130723013290412546
0000103083190720130724013030039608
0000103093190720130725013013631936
0000103103190720130726012883559564
0000103113190720130727017018779330
0000103123190720130746013341535607
0000103133190720130753019013698061
0000103143190720130753019013698061
0000103153190720130811012923382589
0000103163190720130812012307326385
0000103173190720130825015158393927
0000103183190720130825011673323736
0000103193190720130834012552868357
0000103203190720130841012783125562
0000103213190720130958019001653793
0000103223190720131316019001653793
0000103283190720131708012923382589
0000103293190720131708012307326385
0000103303190720131718015158393927
0000103313190720131825012552868357
0000103323190720131837017040273894
0000103333190720131838013371642584
0000103343190720131843019041931174
0000103353190720131846012778632540
0000103363190720131848021276334550
0000103373190720131851013351993586
0000103383190720131852013140229819
0000103393190720131900012339227943
0000103403190720131900013129824587
0000103413190720131900012174039224
0000103423190720131900012514404144
0000103433190720131902019013698061
0000103443190720131905012395847870
0000103453190720131910010876043071
0000103463190720131917010085451093
0000103473190720131930021049902353
0000103493190720131900013173469606
0000103513190720131948012783125562
0000103523200720130639012537482184
0000103533200720130644013074938608
0000103543200720130645012703338602
0000103553200720130646012878642580
0000103563200720130648012135661173
0000103573200720130648013403370606
0000103583200720130648019034141252
0000103593200720130651020484599350
0000103603200720130652012901014544
0000103613200720130652012548955976
0000103623200720130653013014895600
0000103633200720130653012225438198
0000103643200720130656013263878580
0000103653200720130657013208061608
0000103663200720130700013371642584
0000103673200720130701012395847870
0000103683200720130703013290412546
0000103693200720130703017050316499
0000103703200720130703013193663580
0000103713200720130705013401841547
0000103723200720130705012778632540
0000103733200720130706020649114978
0000103743200720130707012691007563
0000103753200720130709013315726581
0000103763200720130710013315726581
0000103773200720130710013315726581
0000103783200720130711013090879629
0000103793200720130712013163919587
0000103803200720130713017040273894
0000103813200720130713013173469606
0000103823200720130715019041931174
0000103833200720130715012514330493
0000103843200720130716012390487477
0000103853200720130716013351993586
0000103863200720130716013351993586
0000103873200720130716013140229819
0000103883200720130716013030039608
0000103893200720130717020762906159
0000103903200720130721010711509686
0000103913200720130721010085451093
0000103923200720130722010085451093
0000103933200720130728012814459564
0000103943200720130738013135738549
0000103953200720130738012450019008
0000103963200720130741013160731625
0000103973200720130743012372950241
0000103983200720130744012550829176
0000103993200720130803013230068601
0000104003200720131854012357324394
0000104013200720131856013135738549
0000104023200720131901013184820628
0000104033200720131902013074938608
0000104043200720131902017050316499
0000104053200720131903020762906159
0000104063200720131907012814459564
0000104073200720131909013230068601
0000104083200720131914013157400567
0000104093200720131930016243916732
0000104103200720131931013160731625
0000104133200720131846013173469606
0000104143200720131848016386064632
0000104163210720130532012135661173
0000104173210720130607012514404144
0000104183210720130616012931655602
0000104193210720130645016612845237
0000104203210720130652013403372609
0000104213210720130653010876043071
0000104223210720130653013198509547
0000104233210720130654011222657923
0000104243210720130654021049902353
0000104253210720130658012650140544
0000104263210720130659012174039224
0000104273210720130700012357324394
0000104283210720130700012514330493
0000104293210720130701013014895600
0000104303210720130702012712971606
0000104313210720130702012537482184
0000104323210720130702012207990283
0000104333210720130705012901014544
0000104343210720130707013163919587
0000104353210720130708013369914629
0000104363210720130709013403370606
0000104373210720130709019034141252
0000104383210720130711013208061608
0000104393210720130711013184820628
0000104403210720130711013184820628
0000104413210720130711012225438198
0000104423210720130714012514404144
0000104433210720130714012454145210
0000104443210720130718010079646031
0000104453210720130721012773587628
0000104463210720130721013361048566
0000104473210720130723021260832386
0000104483210720130724016243916732
0000104493210720130729017050316499
0000104503210720130729013114130568
0000104513210720130733016386064632
0000104523210720130733013173469606
0000104533210720130733012837226620
0000104543210720130738013157400567
0000104553210720130742013129824587
0000104563210720130752012808698609
0000104573210720131848016612845237
0000104583210720131858012778632540
0000104593210720131903010876043071
0000104603210720131910013351993586
0000104613210720131911013184820628
0000104623210720131911013140229819
0000104633210720131920013366964560
0000104643210720131931013129824587
0000104653210720131934010079646031
0000104663210720131935021049902353
0000104673210720131938012174039224
0000104693210720131838013173469606
0000104713210720131945013371642584
0000104723220720130639013339016541
0000104733220720130641013074938608
0000104743220720130641018221234953
0000104753220720130643012619969567
0000104763220720130645012044838127
0000104773220720130645012454145210
0000104783220720130648012380963721
0000104793220720130649012188202637
0000104803220720130651012837226620
0000104813220720130651012837226620
0000104823220720130652013310789542
0000104833220720130653013293086585
0000104843220720130653012859127013
0000104853220720130654013250292566
0000104863220720130654012514330493
0000104873220720130654012514330493
0000104883220720130654012514330493
0000104893220720130657020466442852
0000104903220720130701012778632540
0000104913220720130703012650140544
0000104923220720130703012595873565
0000104933220720130704010851838984
0000104943220720130707012425265343
0000104953220720130707012395847870
0000104963220720130707013361048566
0000104973220720130708016526651713
0000104983220720130709012814459564
0000104993220720130709011222657923
0000105003220720130710020762906159
0000105013220720130710013156565562
0000105023220720130713012292138729
0000105033220720130715012817518626
0000105043220720130715021260832386
0000105053220720130716012773587628
0000105063220720130721012204992242
0000105073220720130721013140229819
0000105083220720130722013173469606
0000105093220720130722013351993586
0000105103220720130723012931655602
0000105113220720130723012734867585
0000105123220720130725010777528158
0000105133220720130725010777528158
0000105143220720130729013366964560
0000105153220720130729013369914629
0000105163220720130732012859837606
0000105173220720130732013403372609
0000105183220720130744013160731625
0000105193220720130749011673323736
0000105203220720130800012783125562
0000105213220720130807012307326385
0000105223220720130810013125167603
0000105233220720130827015158393927
0000105243220720130855012552868357
0000105253220720131706013125167603
0000105263220720131720012307326385
0000105273220720131720011673323736
0000105283220720131722012055044194
0000105293220720131740012783125562
0000105303220720131841012357324394
0000105313220720131844015158393927
0000105323220720131904020466442852
0000105333220720131907020762906159
0000105343220720131913016386064632
0000105353220720131915012734867585
0000105363220720131916017018779330
0000105373220720131916013074938608
0000105383220720131917016243916732
0000105393220720131917010777528158
0000105403220720131917010777528158
0000105413220720131917012814459564
0000105423220720131932013156565562
0000105433220720132014013339016541
0000105443220720132204020397422312
0000105453220720132218020466442127
0000105463220720132231013160731625
0000105473230720130633013118993625
0000105483230720130646012818230588
0000105493230720130646012122672651
0000105503230720130648011678318226
0000105513230720130649013288847565
0000105523230720130650012174039224
0000105533230720130651012357324394
0000105543230720130652012514404144
0000105553230720130653013308879564
0000105563230720130654020951793491
0000105573230720130654017018779330
0000105583230720130655019013249720
0000105593230720130655011325820606
0000105603230720130655012592868544
0000105613230720130656012596634580
0000105623230720130656013339016541
0000105633230720130657012055044194
0000105643230720130700018221234953
0000105653230720130700016386064632
0000105663230720130703013250292566
0000105673230720130703012380963721
0000105683230720130705012859837606
0000105693230720130707012556217601
0000105703230720130707013129824587
0000105713230720130708013160616621
0000105723230720130709010876043071
0000105733230720130710010851838984
0000105743230720130710012044838127
0000105753230720130710013184820628
0000105763230720130711021049902353
0000105773230720130715012671658607
0000105783230720130715012946754563
0000105793230720130716010777528158
0000105803230720130716010777528158
0000105813230720130718012098244160
0000105823230720130719013310789542
0000105833230720130722012817518626
0000105843230720130722012553018799
0000105853230720130724013154043542
0000105863230720130726013157400567
0000105873230720130731020397422312
0000105883230720130731020466442127
0000105893230720130736012339089338
0000105903230720130739012537308788
0000105913230720130739013135738549
0000105923230720130741012204992242
0000105933230720130741016243916732
0000105943230720130741012595873565
0000105953230720130820012923382589
0000105963230720130820015158393927
0000105973230720130827013125167603
0000105983230720130836011673323736
0000105993230720130947019001653793
0000108053230720131659013125167603
0000108063230720131700012923382589
0000108073230720131701015158393927
0000108083230720131701019001653793
0000108093230720131710012783125562
0000108103230720131711011673323736
0000108113230720131819012395847870
0000108123230720131819012395847870
0000108133230720131844017040273894
0000108143230720131846013173469606
0000108153230720131854012778632540
0000108163230720131855013351993586
0000108173230720131856013140229819
0000108183230720131857012514404144
0000108193230720131900013135738549
0000108203230720131901013371642584
0000108213230720131904013118993625
0000108223230720131906010085451093
0000108233230720131909013184820628
0000108243230720131910013154043542
0000108253230720131912010876043071
0000108263230720131913010777528158
0000108273230720131913010777528158
0000108283230720131913012477118082
0000108293230720131917021049902353
0000108303230720131920013129824587
0000108313230720131936013341535607
0000108323230720132007013339016541
0000108333240720130550019013249720
0000108343240720130640010762795937
0000108353240720130643012741887561
0000108363240720130645012413081129
0000108373240720130645016994085008
0000108383240720130649012484626136
0000108393240720130651013074938608
0000108403240720130653019041931174
0000108413240720130654012756864589
0000108423240720130655011678318226
0000108433240720130656012505353990
0000108443240720130656013302082818
0000108453240720130657020383665900
0000108463240720130657012702788620
0000108473240720130657013371642584
0000108483240720130659013308879564
0000108493240720130659020951793491
0000108503240720130700012122672651
0000108513240720130700011325820606
0000108523240720130700012477118082
0000108533240720130700012818230588
0000108543240720130701012885122546
0000108553240720130701012596634580
0000108563240720130701012556217601
0000108573240720130701013308041544
0000108583240720130703012592868544
0000108593240720130705012339089338
0000108603240720130708013351993586
0000108613240720130709012553018799
0000108623240720130709013140229819
0000108633240720130709012671658607
0000108643240720130709012118635933
0000108653240720130711012098244160
0000108663240720130712015104579275
0000108673240720130713020466442852
0000108683240720130714010085451093
0000108693240720130714016880903348
0000108703240720130714012814459564
0000108713240720130714013173469606
0000108723240720130718020351992337
0000108733240720130719013288847565
0000108743240720130719012135489125
0000108753240720130724012778632540
0000108763240720130724012015174275
0000108773240720130727013160731625
0000108783240720130730011497465189
0000108793240720130732013160616621
0000108803240720130734012691164626
0000108813240720130740017040273894
0000108823240720130741013230068601
0000108833240720130748012537308788
0000108843240720130802010867120212
0000108853240720130802012292907986
0000108863240720130815012307326385
0000108873240720130816011673323736
0000108883240720130822013125167603
0000108893240720130830012923382589
0000108903240720130832013341535607
0000108913240720130832013341535607
0000108923240720130840012783125562
0000108933240720130901019001653793
0000108943240720131644019001653793
0000108953240720131655011673323736
0000108963240720131703012783125562
0000108973240720131707012923382589
0000108983240720131710013125167603
0000108993240720131727012307326385
0000109003240720131842013341535607
0000109013240720131851012357324394
0000109023240720131854020397422312
0000109033240720131900012814459564
0000109043240720131900013302082818
0000109053240720131900011497465189
0000109063240720131901013074938608
0000109073240720131901013160731625
0000109083240720131903020466442852
0000109093240720131907020466442127
0000109103240720131912012135489125
0000109113240720131918017018779330
0000109123240720131925013230068601
0000109133240720131956019041931174
0000109153240720131832016243916732
0000109163240720131832016386064632
0000109183250720130605015104579275
0000109193250720130619016994085008
0000109203250720130625012413081129
0000109213250720130633013114130568
0000109223250720130641013013631936
0000109233250720130641013013631936
0000109243250720130642017018779330
0000109253250720130645012372950241
0000109263250720130645020649114978
0000109273250720130647012450019008
0000109283250720130648012357324394
0000109293250720130649012174039224
0000109303250720130651012055044194
0000109313250720130656019037540603
0000109323250720130656013076972609
0000109333250720130657013118993625
0000109343250720130657016880903348
0000109353250720130659017050316499
0000109363250720130700012741887561
0000109373250720130704012514400858
0000109383250720130705013184820628
0000109393250720130706012505353990
0000109403250720130706020383665900
0000109413250720130707012484626136
0000109423250720130708010876043071
0000109433250720130708021049902353
0000109443250720130708012702788620
0000109453250720130709015475388273
0000109463250720130709012390487477
0000109473250720130709013401841547
0000109483250720130710010867120212
0000109493250720130710021276334550
0000109503250720130711012756864589
0000109513250720130712012292907986
0000109523250720130713010762795937
0000109533250720130713012118635933
0000109543250720130715013129824587
0000109553250720130715020484599350
0000109563250720130718012883559564
0000109573250720130720020351992337
0000109583250720130721013290412546
0000109593250720130721010114743468
0000109603250720130722012015174275
0000109613250720130723016243916732
0000109623250720130724012627126581
0000109633250720130725012691007563
0000109643250720130727012691164626
0000109653250720130728020466442127
0000109663250720130805013125167603
0000109673250720130805015158393927
0000109683250720130829012307326385
0000109693250720130858012923382589
0000109703250720130932011673323736
0000109713250720130956019001653793
0000109723250720130956019001653793
0000109733250720130956019001653793
0000109743250720131014012783125562
