0000053913310520130933010852203087
0000056113310520131043019022125974
0000056123310520131627020649340978
0000056133310520131709013182604561
0000056143310520131724012807358588
0000056153310520131725013338027566
0000056163310520131743012973336580
0000056173310520131749012837550584
0000056183310520131759012168241238
0000056193310520131838013370765585
0000056203310520131842012700519606
0000056213310520131845013113381583
0000056223310520131852020682605209
0000056233310520131852013397847582
0000056243310520131854020992624082
0000056253310520131856012015168534
0000056263310520131857020469759210
0000056273310520131858016683233986
0000056283310520131859012319553284
0000056293310520131859016142184981
0000056303310520131900012231148805
0000056313310520131906013086327587
0000056323310520131910016478362974
0000056333310520131913020304024613
0000056343310520131914012823918568
0000056353310520131918020944806842
0000056383310520132029012182412362
0000056393310520132134019023276992
0000056403010620130614017040097808
0000056413010620130620020903798063
0000056423010620130620020903798063
0000056433010620130637010322806426
0000056443010620130637012759614605
0000056453010620130637012679472561
0000056463010620130639012986407295
0000056473010620130639010852462651
0000056483010620130642012548910239
0000056493010620130642012587148563
0000056503010620130643013080703625
0000056513010620130644012537098295
0000056523010620130644012538059587
0000056533010620130644012536849750
0000056543010620130644013179726589
0000056553010620130645013306559546
0000056563010620130646021049847484
0000056573010620130648012496933101
0000056583010620130648020693378950
0000056593010620130648012182412362
0000056603010620130650012023019984
0000056613010620130652019044123087
0000056623010620130652012363335726
0000056633010620130652012363335726
0000056643010620130652012435493101
0000056653010620130653020469759210
0000056663010620130657019008103144
0000056673010620130658013637405937
0000056683010620130658012656999563
0000056693010620130659012700017600
0000056703010620130700013380280584
0000056713010620130700012973336580
0000056723010620130701010852203087
0000056733010620130701020469807193
0000056743010620130701012283010499
0000056753010620130701012874780628
0000056763010620130702019028770049
0000056773010620130705013113381583
0000056783010620130707012544302234
0000056793010620130707019033050806
0000056803010620130707019033050806
0000056813010620130708012283126489
0000056823010620130708013121511547
0000056833010620130708012970150540
0000056843010620130711016478362974
0000056853010620130712010792519555
0000056863010620130712019040250866
0000056873010620130713012700519606
0000056883010620130713019023276992
0000056893010620130714020992624082
0000056903010620130716012738187600
0000056913010620130717013370765585
0000056923010620130723013121954627
0000056933010620130725012454198284
0000056943010620130725012758378541
0000056953010620130725020715098637
0000056963010620130726013263223568
0000056973010620130726012525399104
0000056983010620130729013682423817
0000056993010620130730019022125974
0000057003010620130731020682605209
0000057013010620130732015902979270
0000057023010620130736012193084663
0000057033010620130749013122081600
0000057043010620130754012339070327
0000057053010620130803012339688584
0000057063010620130812015594076275
0000057073010620130812013038401519
0000057083010620131833012182635655
0000057093010620131840020130683498
0000057103010620131847012449714377
0000057113010620131849019035984016
0000057123010620131850012023019984
0000057133010620131857019039736661
0000057143010620131901010840371044
0000057153010620131901020469759210
0000057163010620131904013215357584
0000057173010620131906012700017600
0000057183010620131906012679472561
0000057193010620131907015594076275
0000057203010620131908012182412362
0000057213010620131909013038401519
0000057223010620131910012759614605
0000057233010620131910019040250866
0000057243010620131911010852462651
0000057253010620131918012490205007
0000057263010620131926012339688584
0000057273020620130544020693378950
0000057283020620130617012731985560
0000057293020620130624012319553284
0000057303020620130634012490205007
0000057313020620130636012231148805
0000057323020620130637013371053589
0000057333020620130638012750146544
0000057343020620130640016896979314
0000057353020620130641016683233986
0000057363020620130644013095330609
0000057373020620130645012656999563
0000057383020620130645012809880567
0000057393020620130647019008103144
0000057403020620130647012638303609
0000057413020620130649017045925520
0000057423020620130651013219359581
0000057433020620130653012496933101
0000057443020620130653020484709415
0000057453020620130656013393325565
0000057463020620130656019035984016
0000057473020620130658012920552548
0000057483020620130700017040097808
0000057493020620130700012562331569
0000057503020620130702012679472561
0000057513020620130702020130683498
0000057523020620130702021049847484
0000057533020620130702010792519555
0000057543020620130702019035984016
0000057553020620130703012447665867
0000057563020620130705020469807193
0000057573020620130706010840371044
0000057583020620130707012283010499
0000057593020620130708012363335726
0000057603020620130710012449714377
0000057613020620130711013215357584
0000057623020620130711012435493101
0000057633020620130711020903798063
0000057643020620130713019028770049
0000057653020620130714012587148563
0000057663020620130715013637405937
0000057673020620130715020944806842
0000057683020620130716012548910239
0000057693020620130716012184316883
0000057703020620130717019039736661
0000057713020620130717012399256591
0000057723020620130718012193084663
0000057733020620130719012339070327
0000057743020620130723012874780628
0000057753020620130723012454198284
0000057763020620130725020304024613
0000057773020620130728017064167733
0000057783020620130729020129957598
0000057793020620130736010746442693
0000057803020620130736016142184981
0000057813020620130739015902979270
0000057823020620130809014996805273
0000057833020620130809014996805273
0000057863020620130828013396537628
0000057873020620130835012168241238
0000057883020620131814019023276992
0000057893020620131825012973336580
0000057903020620131836020992624082
0000057913020620131840016478362974
0000057923020620131844013370765585
0000057933020620131852012231148805
0000057943020620131855012524519874
0000057953020620131855012700519606
0000057963020620131900013256857549
0000057973020620131902016683233986
0000057983020620131902020484709415
0000057993020620131903020682605209
0000058003020620131903012182412362
0000058013020620131904012319553284
0000058023020620131904019035984016
0000058033020620131904016142184981
0000058043020620131906013113381583
0000058053020620131909012399256591
0000058063020620131912010746442693
0000058073020620131913012182635655
0000058083020620131915020944806842
0000058093020620131918020129957598
0000058103020620131918013396537628
0000058113020620131918012679472561
0000058123020620131925020304024613
0000058133020620131931010632593587
0000058163020620132037016896404575
0000058173030620130600012920552548
0000058183030620130620012601834627
0000058193030620130634012744228623
0000058203030620130635012380704173
0000058213030620130637012759614605
0000058223030620130637012679472561
0000058233030620130637020466482269
0000058243030620130638012288507804
0000058253030620130642010889012269
0000058263030620130642019036847489
0000058273030620130645020469759210
0000058283030620130647012789752569
0000058293030620130648012638303609
0000058303030620130651019032483318
0000058313030620130652010852462651
0000058323030620130652020129681797
0000058333030620130654017045925520
0000058343030620130655012413769600
0000058353030620130658020335199075
0000058363030620130658010852203087
0000058373030620130701012809880567
0000058383030620130702012809880567
0000058393030620130703014996805273
0000058403030620130703013370765585
0000058413030620130703013370765585
0000058423030620130703012562331569
0000058433030620130704012731985560
0000058443030620130704013113381583
0000058453030620130704020992624082
0000058463030620130704012674734622
0000058473030620130704013095330609
0000058483030620130705012973336580
0000058493030620130705012524519874
0000058503030620130706012524519874
0000058513030620130706017064167733
0000058523030620130706012732387624
0000058533030620130708019040250866
0000058543030620130708013371053589
0000058553030620130708013219359581
0000058563030620130708012700017600
0000058573030620130709012750146544
0000058583030620130710010632593587
0000058593030620130710016896979314
0000058603030620130711021049847484
0000058613030620130711012552881310
0000058623030620130711013393325565
0000058633030620130712012824784549
0000058643030620130713012447665867
0000058653030620130713016478362974
0000058663030620130714012700519606
0000058673030620130721019023276992
0000058683030620130722020682605209
0000058693030620130722012184316883
0000058703030620130733013336711605
0000058713030620130748012807358588
0000058723030620130749012807358588
0000058733030620130749012807358588
0000058763030620130753010745439702
0000058773030620130756010792519555
0000058783030620130756012837550584
0000058793030620130800012176184620
0000058803030620130800013338027566
0000058813030620130803020649340978
0000058823030620130818013182604561
0000058853030620130847019039652778
0000060963030620131708012837550584
0000060973030620131709020649340978
0000060983030620131717012807358588
0000060993030620131718013182604561
0000061003030620131809020941875665
0000061013030620131810012449714377
0000061023030620131813010792519555
0000061033030620131815013215357584
0000061043030620131832013338027566
0000061053030620131850019035984016
0000061063030620131851020130683498
0000061073030620131852010745439702
0000061083030620131858020469807193
0000061093030620131900020469759210
0000061103030620131900012524519874
0000061113030620131900019039652778
0000061123030620131900010840371044
0000061133030620131901012679472561
0000061143030620131902012700017600
0000061153030620131903013235792545
0000061163030620131903010852462651
0000061173030620131903016896404575
0000061183030620131905010852203087
0000061193030620131908012490205007
0000061203030620131908012759614605
0000061213030620131908019040250866
0000061223030620131909020466482269
0000061233030620131909021049847484
0000061243030620131915013370765585
0000061253030620131921012659103625
0000061263030620131938020335199075
0000061273030620131951019044123087
0000061283040620130523013336711605
0000061293040620130544012824784549
0000061303040620130558019032483318
0000061313040620130618012958651543
0000061323040620130621012015168534
0000061333040620130633012917353629
0000061343040620130639012793049427
0000061353040620130642012357262801
0000061363040620130643012319553284
0000061373040620130645016683233986
0000061383040620130645012231148805
0000061393040620130646012905571588
0000061403040620130652012399256591
0000061413040620130653013086327587
0000061423040620130655016142184981
0000061433040620130656020484709415
0000061443040620130656010889012269
0000061453040620130657013215357584
0000061463040620130657020941875665
0000061473040620130658010290465742
0000061483040620130658013392460566
0000061493040620130659012288507804
0000061503040620130659012474670663
0000061513040620130659020469888185
0000061523040620130700020469807193
0000061533040620130700020130683498
0000061543040620130701019031632816
0000061553040620130701019035984016
0000061563040620130701019036847489
0000061573040620130701012357665485
0000061583040620130702012115418397
0000061593040620130702012490205007
0000061603040620130702012789752569
0000061613040620130702012744228623
0000061623040620130706010655549258
0000061633040620130706010655549258
0000061643040620130707012732387624
0000061653040620130709020106146682
0000061663040620130709012552881310
0000061673040620130709012601834627
0000061683040620130710012449714377
0000061693040620130712012380704173
0000061703040620130712017018806044
0000061713040620130713012200282127
0000061723040620130713012537198451
0000061733040620130714020944806842
0000061743040620130714010840371044
0000061753040620130715020129681797
0000061763040620130718012371191843
0000061773040620130718013235792545
0000061783040620130719012435237547
0000061793040620130722019044123087
0000061803040620130723012413769600
0000061813040620130723013256857549
0000061823040620130726012659103625
0000061833040620130727012674734622
0000061843040620130729012524519874
0000061853040620130737012837550584
0000061883040620130743019017985626
0000061893040620130743019044050624
0000061903040620130756012176184620
0000061913040620130803013338027566
0000061923040620130807013338027566
0000064063040620130813011982791335
0000064093040620130815020701749657
0000064103040620130820020649340978
0000064113040620130827016666943245
0000064123040620130828012168241238
0000064133040620130914013182604561
0000066263040620131136012339688584
0000066273040620131700012837550584
0000066283040620131705020649340978
0000066293040620131744013182604561
0000066303040620131746019023276992
0000066313040620131751013338027566
0000066323040620131809020992624082
0000066333040620131836012700519606
0000066343040620131842012973336580
0000066353040620131850013113381583
0000066363040620131853016478362974
0000066373040620131855012231148805
0000066383040620131856012793049427
0000066393040620131859016683233986
0000066403040620131900020484709415
0000066413040620131900012115418397
0000066423040620131901016142184981
0000066433040620131901012399256591
0000066443040620131902012319553284
0000066453040620131912012015168534
0000066463040620131913020944806842
0000066473040620131922012809880567
0000066483040620131922012548910239
0000066493040620131926013391244584
0000066503040620132011010655549258
0000066513040620132059020682605209
0000066523040620132106012339688584
0000066533050620130538013391244584
0000066543050620130547019031632816
0000066553050620130624012425050894
0000066563050620130630012537198451
0000066573050620130632012759614605
0000066583050620130633020106146682
0000066593050620130633012292819270
0000066603050620130634012712062606
0000066613050620130637012357665485
0000066623050620130644013138725421
0000066633050620130644010852462651
0000066643050620130645012193084663
0000066653050620130646013296437583
0000066663050620130647013141563623
0000066673050620130647020469759210
0000066683050620130650012743557607
0000066693050620130650012889931546
0000066703050620130651012371191843
0000066713050620130651012679472561
0000066723050620130651020466482269
0000066733050620130652012700017600
0000066743050620130700019033050822
0000066753050620130701019044050624
0000066763050620130701013235792545
0000066773050620130701012122586690
0000066783050620130701013375736605
0000066793050620130702020701749657
0000066803050620130702012599628549
0000066813050620130705012973336580
0000066823050620130705021049847484
0000066833050620130706012745598548
0000066843050620130707019040250866
0000066853050620130707013113381583
0000066863050620130708012357262801
0000066873050620130709020469888185
0000066883050620130709019039736661
0000066893050620130711020682605209
0000066903050620130712013256857549
0000066913050620130713020992624082
0000066923050620130714020129957598
0000066933050620130716012474670663
0000066943050620130716020304024613
0000066953050620130717012809880567
0000066963050620130718016478362974
0000066973050620130718012700519606
0000066983050620130718019023276992
0000066993050620130718017018806044
0000067003050620130719012958651543
0000067013050620130721010290465742
0000067023050620130722012917353629
0000067033050620130723012548910239
0000067043050620130723011982791335
0000067053050620130724012905571588
0000067063050620130725015720050276
0000067073050620130727013392460566
0000067083050620130729016666943245
0000067093050620130729012435237547
0000067123050620130730013301860604
0000067133050620130730019022125974
0000067143050620130732012828178600
0000067153050620130746012524519874
0000067163050620130749010632593587
0000067173050620130753012807358588
0000067183050620130754012168241238
0000067193050620130756012537707178
0000067203050620130804012200282127
0000067213050620130814020649340978
0000067223050620130814013338027566
0000067233050620130822013182604561
0000067243050620130934012837550584
0000067293050620131311013307141588
0000069413050620131655012837550584
0000069423050620131712013338027566
0000069433050620131732012807358588
0000069443050620131735013182604561
0000069453050620131834020941875665
0000069463050620131836013215357584
0000069473050620131853020130683498
0000069483050620131854012449714377
0000069493050620131901021049847484
0000069503050620131901012679472561
0000069513050620131906013301860604
0000069523050620131908019035984016
0000069533050620131910010852462651
0000069543050620131913020469759210
0000069553050620131913020129957598
0000069563050620131918020466482269
0000069573050620131918013256857549
0000069583050620131919019040250866
0000069593050620131922010840371044
0000069603050620131933012759614605
0000069613050620131933015720050276
0000069623050620131937020469807193
0000069633050620132011012914568543
0000069643050620132012013274152624
0000069653050620132017020304024613
0000069663050620132025013038401519
0000069693050620132047013353190561
0000069703050620132053013235792545
0000069713050620132059012766243587
0000069723060620130625013391243588
0000069733060620130633012700017600
0000069743060620130637012712062606
0000069753060620130638012283126489
0000069763060620130640012015168534
0000069773060620130642013121511547
0000069783060620130645012396201338
0000069793060620130647016683233986
0000069803060620130647012231148805
0000069813060620130648012319553284
0000069823060620130649012536849750
0000069833060620130649012537098295
0000069843060620130649013179726589
0000069853060620130653012538059587
0000069863060620130654012525399104
0000069873060620130654019033050806
0000069883060620130654012399256591
0000069893060620130655020484709415
0000069903060620130657013274152624
0000069913060620130657013086327587
0000069923060620130658012873540569
0000069933060620130700020130683498
0000069943060620130700019035984016
0000069953060620130701012544302234
0000069963060620130701013307141588
0000069973060620130701011227821381
0000069983060620130701015594076275
0000069993060620130703012122586690
0000070003060620130704013393325565
0000070013060620130705012766243587
0000070023060620130705020941875665
0000070033060620130705012339688584
0000070043060620130706020469807193
0000070053060620130706019044123087
0000070063060620130707012449714377
0000070073060620130708010840371044
0000070083060620130708012599628549
0000070093060620130708019022125974
0000070103060620130709013215357584
0000070113060620130709010632593587
0000070123060620130709013038401519
0000070133060620130709012986407295
0000070143060620130710020944806842
0000070153060620130710012738187600
0000070163060620130710016142184981
0000070173060620130711013141563623
0000070183060620130712013296437583
0000070193060620130714012758378541
0000070203060620130714012537198451
0000070213060620130715013306559546
0000070223060620130717012537707178
0000070233060620130717013375736605
0000070243060620130717013138725421
0000070253060620130717012889931546
0000070263060620130720019033050822
0000070273060620130723012425050894
0000070283060620130725013353190561
0000070293060620130725019031632816
0000070303060620130726012807358588
0000070313060620130726012745598548
0000070323060620130726012914568543
0000070333060620130728019039736661
0000070343060620130730013397847582
0000070353060620130733012193084663
0000070363060620130742012837550584
0000070373060620130758019044050624
0000070383060620130812013182604561
0000070393060620130817013338027566
0000070403060620130834012168241238
0000070413060620130838012828178600
0000070423060620131004012970150540
0000070433060620131004012292819270
0000070443060620131649012837550584
0000070453060620131657013182604561
0000070463060620131657012168241238
0000070473060620131658013338027566
0000070483060620131710012807358588
0000070493060620131819012973336580
0000070503060620131851019023276992
0000070513060620131852012682353543
0000070523060620131852016478362974
0000070533060620131902012700519606
0000070543060620131903012231148805
0000070553060620131906016683233986
0000070563060620131906016142184981
0000070573060620131907012319553284
0000070583060620131909013113381583
0000070593060620131910020484709415
0000070603060620131914020992624082
0000070613060620131919020944806842
0000070623060620131924012015168534
0000070633060620131924012399256591
0000070643060620131928020682605209
0000070653060620131928013086327587
0000070663060620132014012339688584
0000070673070620130545019031632816
0000070683070620130624012587148563
0000070693070620130625020903798063
0000070703070620130625020715098637
0000070713070620130628012363335726
0000070723070620130628019040250866
0000070733070620130637012759614605
0000070743070620130638013682423817
0000070753070620130638013380280584
0000070763070620130644020466482269
0000070773070620130647020469759210
0000070783070620130648010852203087
0000070793070620130648012548910239
0000070803070620130651020693378950
0000070813070620130651012023019984
0000070823070620130651013121511547
0000070833070620130651012986407295
0000070843070620130652012544302234
0000070853070620130652012656999563
0000070863070620130653013263223568
0000070873070620130653011227821381
0000070883070620130657012396201338
0000070893070620130658019033050806
0000070903070620130659013306559546
0000070913070620130659019028770049
0000070923070620130700012874780628
0000070933070620130700013113381583
0000070943070620130700012525399104
0000070953070620130700013393325565
0000070963070620130700010852462651
0000070973070620130701012873540569
0000070983070620130701012122586690
0000070993070620130701012682353543
0000071003070620130702019008103144
0000071013070620130703020682605209
0000071023070620130704012537098295
0000071033070620130704012973336580
0000071043070620130704013179726589
0000071053070620130706013397847582
0000071063070620130707019044050624
0000071073070620130707013637405937
0000071083070620130710012537198451
0000071093070620130713012826956568
0000071103070620130713012454198284
0000071113070620130714012538059587
0000071123070620130715015594076275
0000071133070620130716012970150540
0000071143070620130716012536849750
0000071153070620130716016478362974
0000071163070620130717012700519606
0000071173070620130717012283126489
0000071183070620130718012758378541
0000071193070620130719012823918568
0000071203070620130719013121954627
0000071213070620130725019044123087
0000071223070620130726013122081600
0000071233070620130726013391243588
0000071243070620130727020992624082
0000071253070620130727010322806426
0000071263070620130727012738187600
0000071273070620130728012339070327
0000071283070620130730019023276992
0000071293070620130735019022125974
0000071303070620130743021049847484
0000071313070620130745012679472561
0000071323070620130751012807358588
0000071333070620130809012479133062
0000071343070620130816012837550584
0000071353070620130818013182604561
0000071363070620130818013182604561
0000071373070620130821013338027566
0000071383070620130830020649340978
0000071393070620130842012700017600
0000073513070620131608012837550584
0000073523070620131615013182604561
0000073533070620131704012807358588
0000073543070620131718020649340978
0000073553070620131731013338027566
0000073563070620131845013215357584
0000073573070620131846020469807193
0000073583070620131849012449714377
0000073593070620131856020130683498
0000073603070620131857019035984016
0000073613070620131857012490205007
0000073623070620131900012823918568
0000073633070620131900012479133062
0000073643070620131902012474670663
0000073653070620131902010840371044
0000073663070620131903012759614605
0000073673070620131904020469759210
0000073683070620131904020466482269
0000073693070620131904012587148563
0000073703070620131905012700017600
0000073713070620131909012679472561
0000073723070620131914019040250866
0000073733070620131922010852462651
0000073743070620131925020941875665
0000073753070620131938012396201338
0000073763070620131939021049847484
0000073773070620132022013263223568
0000073783080620130545020693378950
0000073793080620130621017040097808
0000073803080620130641016683233986
0000073813080620130643020466482269
0000073823080620130643013371053589
0000073833080620130644010322806426
0000073843080620130644013086327587
0000073853080620130645012656999563
0000073863080620130645012182635655
0000073873080620130647012015168534
0000073883080620130649013219359581
0000073893080620130651012023019984
0000073903080620130652019008103144
0000073913080620130652012638303609
0000073923080620130653013080703625
0000073933080620130653012283010499
0000073943080620130654020469759210
0000073953080620130654016896979314
0000073963080620130656012231148805
0000073973080620130659017045925520
0000073983080620130659020130683498
0000073993080620130659010746442693
0000074003080620130700010852203087
0000074013080620130700013380280584
0000074023080620130701012809880567
0000074033080620130702013298488568
0000074043080620130702020715098637
0000074053080620130702013215357584
0000074063080620130703012449714377
0000074073080620130703010840371044
0000074083080620130703012562331569
0000074093080620130703012435493101
0000074103080620130703012399256591
0000074113080620130704019035984016
0000074123080620130706020304024613
0000074133080620130706012490205007
0000074143080620130708012122586690
0000074153080620130709012826956568
0000074163080620130709020469807193
0000074173080620130713019028770049
0000074183080620130713013121954627
0000074193080620130713013393325565
0000074203080620130714016142184981
0000074213080620130714012454198284
0000074223080620130714020944806842
0000074233080620130715013122081600
0000074243080620130716013637405937
0000074253080620130720012447665867
0000074263080620130721020903798063
0000074273080620130721012396201338
0000074283080620130722013682423817
0000074293080620130722012731985560
0000074303080620130723020941875665
0000074313080620130725012548910239
0000074323080620130732012874780628
0000074333080620130732012339070327
0000074343080620130739019022125974
0000074353080620130750012339688584
0000074363080620130753015720050276
0000074373080620130805015902979270
0000074383080620130823010792519555
0000074393080620130824016893446862
0000074403080620131823012319553284
0000074413080620131841020682605209
0000074423080620131846012700519606
0000074433080620131849012973336580
0000074443080620131856020469759210
0000074453080620131856016683233986
0000074463080620131858020466482269
0000074473080620131900013086327587
0000074483080620131901012524519874
0000074493080620131902016478362974
0000074503080620131906016142184981
0000074513080620131907012231148805
0000074523080620131910013113381583
0000074533080620131912010746442693
0000074543080620131914012544302234
0000074553080620131916020944806842
0000074563080620131917012399256591
0000074573080620131917012015168534
0000074583080620131922020304024613
0000074593080620131934019023276992
0000074603080620131934012682353543
0000074613080620131950012339688584
0000074623080620131950015720050276
0000074633080620131950016893446862
0000074643080620132013012182412362
0000074653090620130609012601834627
0000074663090620130611012659103625
0000074673090620130624012679472561
0000074683090620130629012750146544
0000074693090620130635012396201338
0000074703090620130639019036847489
0000074713090620130645012380704173
0000074723090620130647012759614605
0000074733090620130647019040250866
0000074743090620130648021049847484
0000074753090620130648010852462651
0000074763090620130648020469807193
0000074773090620130649019032483318
0000074783090620130650012544302234
0000074793090620130650012184316883
0000074803090620130651012288507804
0000074813090620130654020469759210
0000074823090620130655020335199075
0000074833090620130656012638303609
0000074843090620130656012674734622
0000074853090620130659013371053589
0000074863090620130700017045925520
0000074873090620130701012973336580
0000074883090620130701012562331569
0000074893090620130701017040097808
0000074903090620130702013235792545
0000074913090620130702010792519555
0000074923090620130703013219359581
0000074933090620130703012732387624
0000074943090620130703012524519874
0000074953090620130703012182635655
0000074963090620130704012731985560
0000074973090620130705012447665867
0000074983090620130707019023276992
0000074993090620130707012319553284
0000075003090620130707012435493101
0000075013090620130708012552881310
0000075023090620130711017064167733
0000075033090620130712013393325565
0000075043090620130714012193084663
0000075053090620130715020682605209
0000075063090620130718013298488568
0000075073090620130718012809880567
0000075083090620130720016896979314
0000075093090620130722013113381583
0000075103090620130722012682353543
0000075113090620130723016478362974
0000075123090620130723012700519606
0000075133090620130730013080703625
0000075143090620130733012283010499
0000075153090620130733020129957598
0000075163090620130744013396537628
0000075173090620130751015902979270
0000075183090620130759014996805273
0000075193090620130811012490205007
0000075203090620130815012824784549
0000075213090620131753013396537628
0000075223090620131814012973336580
0000075233090620131830020466482269
0000075243090620131831012759614605
0000075253090620131833012449714377
0000075263090620131840012679472561
0000075273090620131840020130683498
0000075283090620131840012490205007
0000075293090620131841020941875665
0000075303090620131843012490205007
0000075313090620131852010840371044
0000075323090620131853020469759210
0000075333090620131857020469807193
0000075343090620131900012413769600
0000075353090620131901021049847484
0000075363090620131901020129957598
0000075373090620131905012193084663
0000075383090620131919019040250866
0000075393090620131923010852462651
0000075403090620131942020120227082
0000075413090620131942019040250866
0000075423090620132000016896404575
0000075433090620132001013391244584
0000075443090620132005012182412362
0000075453100620130602020120227082
0000075463100620130607014996805273
0000075473100620130608014996805273
0000075483100620130608014996805273
0000075493100620130628012744228623
0000075503100620130633012958651543
0000075513100620130635012917353629
0000075523100620130638013392460566
0000075533100620130638010290465742
0000075543100620130641012490205007
0000075553100620130642012231148805
0000075563100620130642012319553284
0000075573100620130642012905571588
0000075583100620130645016683233986
0000075593100620130647020484709415
0000075603100620130648020129681797
0000075613100620130648010889012269
0000075623100620130649012115418397
0000075633100620130650012015168534
0000075643100620130651012474670663
0000075653100620130653020701749657
0000075663100620130654012200282127
0000075673100620130655010852203087
0000075683100620130656016142184981
0000075693100620130658012283010499
0000075703100620130701012449714377
0000075713100620130701016666943245
0000075723100620130701019036847489
0000075733100620130701012380704173
0000075743100620130702020466482269
0000075753100620130702020130683498
0000075763100620130702012413769600
0000075773100620130702012357665485
0000075783100620130704010840371044
0000075793100620130705012396201338
0000075803100620130705019017985626
0000075813100620130705020944806842
0000075823100620130706020941875665
0000075833100620130706012184316883
0000075843100620130707012750146544
0000075853100620130709012659103625
0000075863100620130709012435237547
0000075873100620130711013086327587
0000075883100620130711013256857549
0000075893100620130712012674734622
0000075903100620130712013235792545
0000075913100620130713012824784549
0000075923100620130713017064167733
0000075933100620130714012973336580
0000075943100620130716012288507804
0000075953100620130717013338074580
0000075963100620130717020335199075
0000075973100620130719019040250866
0000075983100620130721012732387624
0000075993100620130721012601834627
0000076003100620130721012552881310
0000076013100620130722012793049427
0000076023100620130724019032483318
0000076033100620130728019039652778
0000076043100620130734012176184620
0000076053100620130734010745439702
0000076063100620130736013336711605
0000076073100620130744012807358588
0000076083100620130750013338027566
0000076093100620130800012837550584
0000076103100620130810012524519874
0000076113100620130828013182604561
0000076123100620130828013182604561
0000076133100620130828013182604561
0000076143100620130828013182604561
0000076153100620130828013182604561
0000076163100620130829013182604561
0000076173100620130829013182604561
0000076183100620130829013182604561
0000076193100620130829013182604561
0000076203100620130829013182604561
0000076213100620130829013182604561
0000076223100620130830013182604561
0000076233100620130830013182604561
0000076243100620130830013182604561
0000078373100620131704020682605209
0000078383100620131712013086327587
0000078393100620131730012837550584
0000078403100620131745012807358588
0000078413100620131758016142184981
0000078423100620131816020992624082
0000078433100620131818013113381583
0000078443100620131822012973336580
0000078453100620131827019023276992
0000078463100620131835012682353543
0000078473100620131855010745439702
0000078483100620131856012700519606
0000078493100620131856016478362974
0000078503100620131900019039652778
0000078513100620131900012319553284
0000078523100620131900012015168534
0000078533100620131900011982791335
0000078543100620131900010852203087
0000078553100620131902016896404575
0000078563100620131902016683233986
0000078573100620131903012231148805
0000078603100620131906010055668914
0000078613100620131906020484709415
0000078623100620131908020944806842
0000078633100620131909012793049427
0000078643100620131919012809880567
0000078673100620131942019042165912
0000078683100620132015013182604561
0000078693110620130535013336711605
0000078703110620130536019042165912
0000078713110620130558012115418397
0000078723110620130624012679472561
0000078733110620130643012425050894
0000078743110620130644012292819270
0000078753110620130646012914568543
0000078763110620130646020466482269
0000078773110620130646012759614605
0000078783110620130646013138725421
0000078793110620130646012700017600
0000078803110620130647010852462651
0000078813110620130648012712062606
0000078823110620130648013375736605
0000078833110620130649013263223568
0000078843110620130651020469759210
0000078853110620130651012889931546
0000078863110620130652012537707178
0000078873110620130656021049847484
0000078883110620130657016869134112
0000078893110620130657020469888185
0000078903110620130657017018806044
0000078913110620130657012193084663
0000078923110620130658019033050822
0000078933110620130700012744228623
0000078943110620130700012745598548
0000078953110620130701013338074580
0000078963110620130701013307141588
0000078973110620130702010055668914
0000078983110620130703012682353543
0000078993110620130704013113381583
0000079003110620130704016478362974
0000079013110620130707010290465742
0000079023110620130707012200282127
0000079033110620130708012674734622
0000079043110620130709012973336580
0000079053110620130711012905571588
0000079063110620130712020106146682
0000079073110620130713010889012269
0000079083110620130714020129681797
0000079093110620130714012537198451
0000079103110620130715012371191843
0000079113110620130716012700519606
0000079123110620130717020992624082
0000079133110620130718019023276992
0000079143110620130719012524519874
0000079153110620130719012524519874
0000079163110620130720020701749657
0000079173110620130720019017985626
0000079183110620130721019040250866
0000079193110620130722016666943245
0000079203110620130723012435237547
0000079213110620130724012917353629
0000079223110620130725013392460566
0000079233110620130725012743557607
0000079243110620130726012809880567
0000079253110620130728012958651543
0000079263110620130728012474670663
0000079273110620130728011982791335
0000079283110620130740012122586690
0000079293110620130740019044050624
0000079303110620130741012807358588
0000079313110620130746012283010499
0000079323110620130748012176184620
0000079333110620130804012837550584
0000079343110620130808013338027566
0000079353110620130824013182604561
0000079363110620130825013182604561
0000079373110620130834013182604561
0000079383110620130834013182604561
0000079393110620130851020682605209
0000079403110620130952012339688584
0000083653110620131708013338027566
0000083663110620131724013182604561
0000083673110620131730012837550584
0000083683110620131752012807358588
0000083693110620131820020941875665
0000083703110620131823013215357584
0000083713110620131841012449714377
0000083723110620131845020130683498
0000083733110620131900012679472561
0000083743110620131900010840371044
0000083753110620131902020469807193
0000083763110620131903012524519874
0000083773110620131904010852462651
0000083783110620131906021049847484
0000083793110620131909020469759210
0000083803110620131912019035984016
0000083813110620131913012759614605
0000083823110620131914019040250866
0000083833110620131914020466482269
0000083843110620131927013274152624
0000083853110620131950012490205007
0000083863110620131956012766243587
0000083873110620132004012700017600
0000083883110620132011012674734622
0000083893110620132023012339688584
0000083903120620130555013263223568
0000083913120620130634012537198451
0000083923120620130635020106146682
0000083933120620130635019044050624
0000083943120620130636012490205007
0000083953120620130638012319553284
0000083963120620130640012712062606
0000083973120620130643020484709415
0000083983120620130643016683233986
0000083993120620130643012015168534
0000084003120620130645012231148805
0000084013120620130648012371191843
0000084023120620130649013296437583
0000084033120620130652019033050806
0000084043120620130652012986407295
0000084053120620130653016869134112
0000084063120620130653012435493101
0000084073120620130654012525399104
0000084083120620130654013370765585
0000084093120620130654019039736661
0000084103120620130655013141563623
0000084113120620130656012283126489
0000084123120620130657012536849750
0000084133120620130658013179726589
0000084143120620130658012537098295
0000084153120620130658020469888185
0000084163120620130659020130683498
0000084173120620130659012743557607
0000084183120620130701012538059587
0000084193120620130702012544302234
0000084203120620130703015720050276
0000084213120620130703013301860604
0000084223120620130703020469807193
0000084233120620130703019033050822
0000084243120620130705012449714377
0000084253120620130705012399256591
0000084263120620130706019044123087
0000084273120620130706020944806842
0000084283120620130707012745598548
0000084293120620130707012914568543
0000084303120620130707012914568543
0000084313120620130707016142184981
0000084323120620130708013086327587
0000084333120620130708013215357584
0000084343120620130709013306559546
0000084353120620130709012122586690
0000084363120620130710012537707178
0000084373120620130713019035984016
0000084383120620130714010840371044
0000084393120620130714013375736605
0000084403120620130716013138725421
0000084413120620130716012292819270
0000084423120620130716012889931546
0000084433120620130718012425050894
0000084443120620130721012758378541
0000084453120620130721012766243587
0000084463120620130722019022125974
0000084473120620130725012828178600
0000084483120620130725020129957598
0000084493120620130726020941875665
0000084503120620130729012970150540
0000084513120620130729012193084663
0000084523120620130730012738187600
0000084533120620130731013274152624
0000084543120620130732017018806044
0000084553120620130743020649340978
0000084563120620130803013338074580
0000084573120620130807013338027566
0000084583120620130808013338027566
0000084593120620130819013182604561
0000084603120620130844012837550584
0000084633120620130900014871917610
0000088863120620131215013307141588
0000088873120620131215012524519874
0000088883120620131702013338027566
0000088893120620131702020649340978
0000088903120620131725012837550584
0000088913120620131732013182604561
0000088923120620131816019023276992
0000088933120620131835012958651543
0000088943120620131836020992624082
0000088953120620131836012973336580
0000088963120620131844013235792545
0000088973120620131849013338074580
0000088983120620131851012700519606
0000088993120620131854012231148805
0000089003120620131857020484709415
0000089013120620131857016142184981
0000089023120620131859016478362974
0000089033120620131900016683233986
0000089043120620131901012319553284
0000089053120620131902014871917610
0000089063120620131902013301860604
0000089073120620131904013392460566
0000089083120620131906020129957598
0000089093120620131908012986407295
0000089103120620131910020944806842
0000089113120620131910012399256591
0000089123120620131917012738187600
0000089133120620131917020682605209
0000089143120620131918013086327587
0000089153120620131923012682353543
0000089163120620131924012015168534
0000089173120620131945013113381583
0000089183120620131955013038401519
0000089193120620132009013353190561
0000089203120620132024019044123087
0000089213130620130549020903798063
0000089223130620130550020903798063
0000089233130620130550012363335726
0000089243130620130607013391243588
0000089253130620130635012759614605
0000089263130620130637012679472561
0000089273130620130643012396201338
0000089283130620130646012548910239
0000089293130620130647012873540569
0000089303130620130647012496933101
0000089313130620130650020693378950
0000089323130620130650019028770049
0000089333130620130651012023019984
0000089343130620130651012587148563
0000089353130620130652020466482269
0000089363130620130652011227821381
0000089373130620130652010852462651
0000089383130620130653016869134112
0000089393130620130653012700017600
0000089403130620130654012656999563
0000089413130620130656015594076275
0000089423130620130659019008103144
0000089433130620130700012544302234
0000089443130620130701012970150540
0000089453130620130701013637405937
0000089463130620130701021049847484
0000089473130620130702012682353543
0000089483130620130704013296437583
0000089493130620130704012537098295
0000089503130620130704013141563623
0000089513130620130704013179726589
0000089523130620130705012536849750
0000089533130620130705012454198284
0000089543130620130705012538059587
0000089553130620130706012973336580
0000089563130620130706013113381583
0000089573130620130708013392460566
0000089583130620130709019022125974
0000089593130620130710012874780628
0000089603130620130712019040250866
0000089613130620130712019039736661
0000089623130620130713012958651543
0000089633130620130713012958651543
0000089643130620130713012283126489
0000089653130620130714013370765585
0000089663130620130714019023276992
0000089673130620130714015720050276
0000089683130620130715020992624082
0000089693130620130715013038401519
0000089703130620130715012537198451
0000089713130620130717012371191843
0000089723130620130717016478362974
0000089733130620130718012435493101
0000089743130620130718013235792545
0000089753130620130719012700519606
0000089763130620130720019033050806
0000089793130620130722013306559546
0000089803130620130727012807358588
0000089813130620130731012524519874
0000089823130620130733013353190561
0000089833130620130737019031632816
0000089843130620130737012339070327
0000089853130620130745012525399104
0000089863130620130747013397847582
0000089873130620130801013338027566
0000089883130620130808012828178600
0000089893130620130819012168241238
0000089903130620130823013182604561
0000089913130620130828020649340978
0000089923130620130836012339688584
0000089933130620130924019008103144
0000089943130620131008019044050624
0000089953130620131701013338027566
0000089963130620131707020649340978
0000089973130620131724012826956568
0000089983130620131735012807358588
0000089993130620131812020941875665
0000090003130620131826013215357584
0000090013130620131833019035984016
0000090023130620131844012371191843
0000090033130620131845020469807193
0000090043130620131851019040250866
0000090053130620131900021049847484
0000090063130620131900012700519606
0000090073130620131902012700017600
0000090083130620131905010840371044
0000090093130620131905012759614605
0000090103130620131907020469759210
0000090113130620131909020466482269
0000090123130620131909012490205007
0000090133130620131909012679472561
0000090143130620131934010852462651
0000090153130620131936012339688584
0000090163130620131936013397847582
0000090173130620131936015594076275
0000090183130620131945012479133062
0000090193140620130555019031632816
0000090203140620130555019044050624
0000090213140620130620012809880567
0000090223140620130629012319553284
0000090233140620130630012537198451
0000090243140620130634017045925520
0000090253140620130636013380280584
0000090263140620130638012357262801
0000090273140620130640020903798063
0000090283140620130640012656999563
0000090293140620130641013370765585
0000090303140620130641012015168534
0000090313140620130641012231148805
0000090323140620130643020484709415
0000090333140620130643012292819270
0000090343140620130645016683233986
0000090353140620130645012425050894
0000090363140620130650013682423817
0000090373140620130651010322806426
0000090383140620130651012496933101
0000090393140620130652013219359581
0000090403140620130652012490205007
0000090413140620130653020693378950
0000090423140620130653013086327587
0000090433140620130656016142184981
0000090443140620130658020715098637
0000090453140620130658013338027566
0000090463140620130659011227821381
0000090473140620130700020469807193
0000090483140620130700016896979314
0000090493140620130700016869134112
0000090503140620130701010852203087
0000090513140620130701012023019984
0000090523140620130701012700519606
0000090533140620130701012447665867
0000090543140620130702012396201338
0000090553140620130702012562331569
0000090563140620130702020941875665
0000090573140620130703012638303609
0000090583140620130705013121954627
0000090593140620130705010746442693
0000090603140620130706012873540569
0000090613140620130706013215357584
0000090623140620130706010840371044
0000090633140620130707013391243588
0000090643140620130708012399256591
0000090653140620130708019035984016
0000090663140620130709012587148563
0000090673140620130712019022125974
0000090683140620130712012548910239
0000090693140620130713012454198284
0000090703140620130713019028770049
0000090713140620130714020944806842
0000090723140620130715013298488568
0000090733140620130716020304024613
0000090743140620130720012363335726
0000090753140620130727012874780628
0000090763140620130728012339070327
0000090773140620130730013122081600
0000090783140620130748013397847582
0000090793140620130752013182604561
0000090803140620130755020649340978
0000090813140620130800012807358588
0000090823140620130809012837550584
0000090833140620130815013637405937
0000090843140620130832012826956568
0000090853140620130935012823918568
0000090863140620131701013182604561
0000090873140620131714020649340978
0000090883140620131723012837550584
0000090893140620131729012807358588
0000090903140620131831013338027566
0000090913140620131835013371053589
0000090923140620131837020682605209
0000090933140620131838019023276992
0000090943140620131845013086327587
0000090953140620131850012973336580
0000090963140620131852013397847582
0000090973140620131853012682353543
0000090983140620131853012182635655
0000090993140620131853012700519606
0000091003140620131856016478362974
0000091013140620131900012231148805
0000091023140620131902020484709415
0000091033140620131902010746442693
0000091043140620131902012399256591
0000091053140620131904012524519874
0000091063140620131907013235792545
0000091073140620131907012319553284
0000091083140620131907013219359581
0000091093140620131908016142184981
0000091103140620131910012425050894
0000091113140620131915016683233986
0000091123140620131916020944806842
0000091133140620131917012015168534
0000091143140620131917012292819270
0000091153140620131956013113381583
0000091163140620132104012823918568
0000091173150620130613012659103625
0000091183150620130613012679472561
0000091193150620130614012601834627
0000091203150620130614012679472561
0000091213150620130619017040097808
0000091223150620130638012380704173
0000091233150620130638012759614605
0000091243150620130641019032483318
0000091253150620130642019040250866
0000091263150620130644020484709415
0000091273150620130644012809880567
0000091283150620130646012413769600
0000091293150620130649013080703625
0000091303150620130649012283010499
0000091313150620130652012552881310
0000091323150620130656019036847489
0000091333150620130656012479133062
0000091343150620130656012682353543
0000091353150620130658010322806426
0000091363150620130658012824784549
0000091373150620130700013298488568
0000091383150620130700012674734622
0000091393150620130700012732387624
0000091403150620130701012700519606
0000091413150620130701010852203087
0000091423150620130701020335199075
0000091433150620130703020715098637
0000091443150620130703020682605209
0000091453150620130703013215357584
0000091463150620130703012599628549
0000091473150620130704012973336580
0000091483150620130705012562331569
0000091493150620130705013113381583
0000091503150620130707012638303609
0000091513150620130708019023276992
0000091523150620130709017045925520
0000091533150620130709012288507804
0000091543150620130710016478362974
0000091553150620130710012182635655
0000091563150620130710019022125974
0000091573150620130710013122081600
0000091583150620130711012447665867
0000091593150620130712020469807193
0000091603150620130712013121954627
0000091613150620130716021049847484
0000091623150620130718020304024613
0000091633150620130718016896979314
0000091643150620130719012524519874
0000091653150620130719013370765585
0000091663150620130720013371053589
0000091673150620130721010792519555
0000091683150620130722013380280584
0000091693150620130725015594076275
0000091703150620130725013038401519
0000091713150620130728013682423817
0000091723150620130732012357262801
0000091733150620130843012490205007
0000091743150620131001012339688584
0000091753150620131012013256857549
0000091763150620131026015902979270
0000091773150620131113012807358588
0000091783150620131238012807358588
0000091793150620131352016893446862
0000091803150620131805012674734622
0000091813150620131816012766243587
0000091823150620131834012449714377
0000091833150620131835013138725421
0000091843150620131838020941875665
0000091853150620131852013038401519
0000091863150620131852015594076275
0000091873150620131856020484709415
0000091883150620131856019035984016
0000091893150620131858010840371044
0000091903150620131859020130683498
0000091913150620131900012732387624
0000091923150620131900012759614605
0000091933150620131900012679472561
0000091943150620131901012490205007
0000091953150620131901021049847484
0000091963150620131902012490205007
0000091973150620131909019040250866
0000091983150620131929016893446862
0000091993150620131955012339688584
0000092003160620130614012824784549
0000092013160620130625012917353629
0000092023160620130628013392460566
0000092033160620130629010290465742
0000092043160620130643016683233986
0000092053160620130645012474670663
0000092063160620130647012231148805
0000092073160620130647012396201338
0000092083160620130652020484709415
0000092093160620130652012750146544
0000092103160620130652016478362974
0000092113160620130653012958651543
0000092123160620130658020701749657
0000092133160620130659016142184981
0000092143160620130700019032483318
0000092153160620130701012449714377
0000092163160620130701013086327587
0000092173160620130701017040097808
0000092183160620130702012599628549
0000092193160620130702013215357584
0000092203160620130704013138725421
0000092213160620130704020130683498
0000092223160620130705019017985626
0000092233160620130705012399256591
0000092243160620130705012015168534
0000092253160620130705012490205007
0000092263160620130705020335199075
0000092273160620130706012288507804
0000092283160620130706010840371044
0000092293160620130706012435237547
0000092303160620130708019035984016
0000092313160620130708012184316883
0000092323160620130709012380704173
0000092333160620130710012766243587
0000092343160620130714020469807193
0000092353160620130714012115418397
0000092363160620130715012659103625
0000092373160620130715013235792545
0000092383160620130716012357665485
0000092393160620130716020944806842
0000092403160620130717011982791335
0000092413160620130718013396537628
0000092423160620130720019036847489
0000092433160620130722012601834627
0000092443160620130724013080703625
0000092453160620130724012552881310
0000092463160620130726020941875665
0000092473160620130727014996805273
0000092483160620130729012793049427
0000092493160620130736012413769600
0000092503160620130736013256857549
0000092513160620130736012283010499
0000092523160620130738017064167733
0000092533160620130741012200282127
0000092543160620130749015902979270
0000092553160620130749020129957598
0000092563160620130750012524519874
0000092573160620131017012182412362
0000092583160620131249012958651543
0000092593160620131800019017985626
0000092603160620131800020304024613
0000092613160620131812012973336580
0000092623160620131846013113381583
0000092633160620131849019023276992
0000092643160620131856016683233986
0000092653160620131859012231148805
0000092663160620131859020484709415
0000092673160620131900016142184981
0000092683160620131902020682605209
0000092693160620131906019022125974
0000092703160620131912012399256591
0000092713160620131913020992624082
0000092723160620131914012015168534
0000092733160620131921013086327587
0000092743160620131924010632593587
0000092753160620131924020129957598
0000092763160620131924020944806842
0000092773160620131924013396537628
0000092783160620132019012182412362
0000092793160620132021012700519606
0000092803170620130600012115418397
0000092813170620130600012115418397
0000092823170620130605012357665485
0000092833170620130627012744228623
0000092843170620130633012425050894
0000092853170620130633012759614605
0000092863170620130641012679472561
0000092873170620130641013138725421
0000092883170620130642012292819270
0000092893170620130642020129681797
0000092903170620130648012700017600
0000092913170620130649012889931546
0000092923170620130649010852462651
0000092933170620130649010889012269
0000092943170620130651020469759210
0000092953170620130652010852203087
0000092963170620130653019040250866
0000092973170620130654012193084663
0000092983170620130654012396201338
0000092993170620130655019040250866
0000093003170620130656012496933101
0000093013170620130656020304024613
0000093023170620130656020304024613
0000093033170620130656013307141588
0000093043170620130657019022125974
0000093053170620130658020682605209
0000093063170620130658012789752569
0000093073170620130658014996805273
0000093083170620130659020469807193
0000093093170620130700012745598548
0000093103170620130701020992624082
0000093113170620130701021049847484
0000093123170620130702013375736605
0000093133170620130702012712062606
0000093143170620130703012682353543
0000093153170620130703013113381583
0000093163170620130707012766243587
0000093173170620130708012743557607
0000093183170620130708017064167733
0000093193170620130709012973336580
0000093203170620130709019023276992
0000093213170620130709013256857549
0000093223170620130712016478362974
0000093233170620130712012700519606
0000093243170620130717010745439702
0000093253170620130719012750146544
0000093263170620130722012524519874
0000093273170620130722012524519874
0000093283170620130722010632593587
0000093293170620130724012184316883
0000093303170620130727011982791335
0000093313170620130732012917353629
0000093323170620130735013392460566
0000093333170620130736020701749657
0000093343170620130737012793049427
0000093353170620130743010290465742
0000093363170620130747012176184620
0000093373170620130748012474670663
0000093383170620130749012200282127
0000093393170620130749012435237547
0000093403170620130751012837550584
0000093413170620130752012837550584
0000093423170620130755013338074580
0000093433170620130803013338027566
0000093443170620130810013182604561
0000093453170620130824012168241238
0000093463170620130828013336711605
0000093473170620130829020649340978
0000097713170620131704013338027566
0000097723170620131705012837550584
0000097733170620131715020649340978
0000097743170620131716013182604561
0000097753170620131804020941875665
0000097763170620131805013215357584
0000097773170620131818020304024613
0000097783170620131826012449714377
0000097793170620131829020466482269
0000097803170620131841019035984016
0000097813170620131855012490205007
0000097823170620131856010745439702
0000097833170620131859012700017600
0000097843170620131900013256857549
0000097853170620131900021049847484
0000097863170620131900012679472561
0000097873170620131901010840371044
0000097883170620131902020469807193
0000097893170620131903012759614605
0000097903170620131904020469759210
0000097913170620131905020130683498
0000097923170620131905019040250866
0000097933170620131905010852203087
0000097943170620131906012524519874
0000097953170620131908012914568543
0000097963170620131909010852462651
0000097973170620131917013274152624
0000097983170620131926010055668914
0000097993170620131950019042165912
0000098003180620130628012015168534
0000098013180620130633012357262801
0000098023180620130640012231148805
0000098033180620130640012712062606
0000098043180620130641016683233986
0000098053180620130642012490205007
0000098063180620130642013370765585
0000098073180620130642020106146682
0000098083180620130643012399256591
0000098093180620130643012766243587
0000098103180620130643012319553284
0000098113180620130647012536849750
0000098123180620130647012537098295
0000098133180620130647013179726589
0000098143180620130647013235792545
0000098153180620130648012283126489
0000098163180620130654012496933101
0000098173180620130654012292819270
0000098183180620130655012745598548
0000098193180620130655013138725421
0000098203180620130657019033050806
0000098213180620130657012537198451
0000098223180620130657012970150540
0000098233180620130657013086327587
0000098243180620130657013306559546
0000098253180620130658019044123087
0000098263180620130658012525399104
0000098273180620130659016142184981
0000098283180620130659020469888185
0000098293180620130659012738187600
0000098303180620130700012789752569
0000098313180620130700012744228623
0000098323180620130700020484709415
0000098333180620130701020130683498
0000098343180620130701020941875665
0000098353180620130702010889012269
0000098363180620130702013336711605
0000098373180620130703020944806842
0000098383180620130703010055668914
0000098393180620130704012544302234
0000098403180620130704012807358588
0000098413180620130706020649340978
0000098423180620130706017018806044
0000098433180620130707013215357584
0000098443180620130708012914568543
0000098453180620130708010840371044
0000098463180620130709012986407295
0000098473180620130710013307141588
0000098483180620130710012425050894
0000098493180620130711020466482269
0000098503180620130712019035984016
0000098513180620130712012743557607
0000098523180620130712013375736605
0000098533180620130713012168241238
0000098543180620130713012449714377
0000098553180620130714012758378541
0000098563180620130715012889931546
0000098573180620130719019031632816
0000098583180620130724020129681797
0000098593180620130728012837550584
0000098603180620130729013274152624
0000098613180620130732012176184620
0000098623180620130736012524519874
0000098633180620130740013182604561
0000098643180620130741019044050624
0000098653180620130744012193084663
0000098663180620130752013338074580
0000098673180620130757012371191843
0000098683180620130759016869134112
0000098693180620130804013338027566
0000098703180620130830019039652778
0000102953180620131711012837550584
0000102963180620131713020649340978
0000102973180620131719013338027566
0000102983180620131737013182604561
0000102993180620131756012973336580
0000103003180620131807012807358588
0000103013180620131814020992624082
0000103023180620131830019023276992
0000103033180620131830013121511547
0000103043180620131836012538059587
0000103053180620131836013113381583
0000103063180620131846012700519606
0000103073180620131855020484709415
0000103083180620131855016142184981
0000103093180620131900012319553284
0000103103180620131900016683233986
0000103113180620131900013235792545
0000103123180620131900012524519874
0000103133180620131901012231148805
0000103143180620131911020944806842
0000103153180620131913012015168534
0000103163180620131954020682605209
0000103173180620132000013086327587
0000103183180620132004013391244584
0000103193180620132044016478362974
0000103203180620132135012339688584
0000103213190620130555019031632816
0000103223190620130555013391244584
0000103233190620130609020903798063
0000103243190620130609012363335726
0000103253190620130621012679472561
0000103263190620130622012537198451
0000103273190620130625019044050624
0000103283190620130628012371191843
0000103293190620130634020106146682
0000103303190620130644019028770049
0000103313190620130646013296437583
0000103323190620130646012548910239
0000103333190620130647019040250866
0000103343190620130647012587148563
0000103353190620130647010852462651
0000103363190620130648012759614605
0000103373190620130648019040250866
0000103383190620130651020682605209
0000103393190620130652012656999563
0000103403190620130654013121511547
0000103413190620130654012544302234
0000103423190620130655012970150540
0000103433190620130655019033050806
0000103443190620130656020466482269
0000103453190620130656013306559546
0000103463190620130656012700017600
0000103473190620130657021049847484
0000103483190620130657020469888185
0000103493190620130658012599628549
0000103503190620130658012536849750
0000103513190620130659020693378950
0000103523190620130659013141563623
0000103533190620130700020992624082
0000103543190620130700012454198284
0000103553190620130700016869134112
0000103563190620130701012538059587
0000103573190620130701012758378541
0000103583190620130701013370765585
0000103593190620130701014871917610
0000103603190620130702012525399104
0000103613190620130702012537098295
0000103623190620130702019033050822
0000103633190620130703012283126489
0000103643190620130703020469759210
0000103653190620130703012023019984
0000103663190620130704012122586690
0000103673190620130705020129957598
0000103683190620130706013179726589
0000103693190620130707012986407295
0000103703190620130708012973336580
0000103713190620130709013301860604
0000103723190620130709013301860604
0000103733190620130711017018806044
0000103743190620130713013256857549
0000103753190620130714019023276992
0000103763190620130714019044123087
0000103773190620130715019039736661
0000103783190620130716013637405937
0000103793190620130720012738187600
0000103803190620130721013113381583
0000103813190620130725012807358588
0000103823190620130736012700519606
0000103833190620130737016478362974
0000103843190620130739010632593587
0000103853190620130742012339070327
0000103863190620130744012828178600
0000103873190620130748012357262801
0000103883190620130756012837550584
0000103893190620130802013338027566
0000103903190620130803012479133062
0000103913190620130812013338074580
0000103923190620130820013182604561
0000103933190620130823020649340978
0000103943190620131207012826956568
0000103953190620131207013256857549
0000103963190620131701013182604561
0000103973190620131704013338027566
0000103983190620131708012807358588
0000103993190620131723020649340978
0000104003190620131820012449714377
0000104013190620131831020469807193
0000104023190620131835013338074580
0000104033190620131838019044123087
0000104043190620131847019035984016
0000104053190620131850010840371044
0000104063190620131851020941875665
0000104073190620131851013215357584
0000104083190620131854020469759210
0000104093190620131854012759614605
0000104103190620131854020466482269
0000104113190620131854020130683498
0000104123190620131859021049847484
0000104133190620131900014871917610
0000104143190620131900013301860604
0000104153190620131900019040250866
0000104163190620131905012679472561
0000104173190620131906012700017600
0000104183190620131909010852462651
0000104193190620131911020129957598
0000104203190620131914019022125974
0000104213190620131914015594076275
0000104223190620131914013038401519
0000104233190620131925012490205007
0000104243190620131925020693378950
0000104253190620131930013336711605
0000104263190620131930012479133062
0000104273200620130519013336711605
0000104283200620130614020903798063
0000104293200620130621013391243588
0000104303200620130622017045925520
0000104313200620130628012319553284
0000104323200620130628012015168534
0000104333200620130638012425050894
0000104343200620130641012447665867
0000104353200620130642016683233986
0000104363200620130642012396201338
0000104373200620130644013219359581
0000104383200620130644012873540569
0000104393200620130645020484709415
0000104403200620130646012638303609
0000104413200620130649012231148805
0000104423200620130654012023019984
0000104433200620130656011227821381
0000104443200620130656016142184981
0000104453200620130658013038401519
0000104463200620130658012182635655
0000104473200620130659012449714377
0000104483200620130659012562331569
0000104493200620130659012490205007
0000104503200620130700010746442693
0000104513200620130700020130683498
0000104523200620130701010632593587
0000104533200620130702020469807193
0000104543200620130702013086327587
0000104553200620130703012587148563
0000104563200620130704010840371044
0000104573200620130704019035984016
0000104583200620130704012809880567
0000104593200620130705012537198451
0000104603200620130705013296437583
0000104613200620130705013393325565
0000104623200620130705012731985560
0000104633200620130706012548910239
0000104643200620130706020304024613
0000104653200620130709016869134112
0000104663200620130709012122586690
0000104673200620130709012454198284
0000104683200620130711019022125974
0000104693200620130712019033050822
0000104703200620130714012656999563
0000104713200620130715013215357584
0000104723200620130715020941875665
0000104733200620130716012599628549
0000104743200620130716012399256591
0000104753200620130718020944806842
0000104763200620130720019028770049
0000104773200620130720012371191843
0000104783200620130721013141563623
0000104793200620130721019039736661
0000104803200620130723013298488568
0000104813200620130724012363335726
0000104823200620130729012339070327
0000104833200620130734019044050624
0000104843200620130734012339688584
0000104853200620130739019044123087
0000104863200620130756013397847582
0000104873200620130759012837550584
0000104883200620130802012807358588
0000104893200620130803013338027566
0000104903200620130807012828178600
0000104913200620130809013637405937
0000104923200620130809012826956568
0000104933200620130817020649340978
0000104943200620130819013182604561
0000104953200620130819013182604561
0000104963200620130821019031632816
0000104973200620130824012168241238
0000104983200620131707013338027566
0000104993200620131711012837550584
0000105003200620131727013182604561
0000105013200620131727013371053589
0000105023200620131748019023276992
0000105033200620131752012807358588
0000105043200620131808016478362974
0000105053200620131814012973336580
0000105063200620131819013086327587
0000105073200620131822010655549258
0000105083200620131836013113381583
0000105093200620131839012371191843
0000105103200620131842020992624082
0000105113200620131849012700519606
0000105123200620131855020484709415
0000105133200620131901016142184981
0000105143200620131902015594076275
0000105153200620131902013397847582
0000105163200620131902012231148805
0000105173200620131903020944806842
0000105183200620131904012319553284
0000105193200620131906012425050894
0000105203200620131906016683233986
0000105213200620131907012339688584
0000105223200620131910012524519874
0000105233200620131914012399256591
0000105243200620131918012015168534
0000105253200620131919020682605209
0000105263200620131932012479133062
0000105273200620131946020649340978
0000105283200620132006010746442693
0000105293210620130607012659103625
0000105303210620130613013263223568
0000105313210620130624019031632816
0000105323210620130629012537198451
0000105333210620130638012759614605
0000105343210620130638012601834627
0000105353210620130638013371053589
0000105363210620130638012731985560
0000105373210620130639012288507804
0000105383210620130639020466482269
0000105393210620130639012380704173
0000105403210620130640012679472561
0000105413210620130644013682423817
0000105423210620130644013380280584
0000105433210620130648019032483318
0000105443210620130651019044050624
0000105453210620130657012413769600
0000105463210620130658013256857549
0000105473210620130659011227821381
0000105483210620130659013121954627
0000105493210620130700013219359581
0000105503210620130700020469759210
0000105513210620130700016869134112
0000105523210620130700012562331569
0000105533210620130700013113381583
0000105543210620130701013298488568
0000105553210620130701013370765585
0000105563210620130702020335199075
0000105573210620130702012122586690
0000105583210620130703017045925520
0000105593210620130703020992624082
0000105603210620130704013235792545
0000105613210620130706012873540569
0000105623210620130706012396201338
0000105633210620130707012674734622
0000105643210620130707010852462651
0000105653210620130707019040250866
0000105663210620130707021049847484
0000105673210620130708020682605209
0000105683210620130708010322806426
0000105693210620130709019022125974
0000105703210620130710012638303609
0000105713210620130711012973336580
0000105723210620130712012292819270
0000105733210620130713012552881310
0000105743210620130716013393325565
0000105753210620130716012447665867
0000105763210620130717012182635655
0000105773210620130717020715098637
0000105783210620130718020304024613
0000105793210620130719010655549258
0000105803210620130719010655549258
0000105813210620130721019023276992
0000105823210620130722016478362974
0000105833210620130722012700519606
0000105843210620130725013391243588
0000105853210620130729012970150540
0000105863210620130729012823918568
0000105873210620130735012807358588
0000105903210620130740012524519874
0000105913210620130740012524519874
0000105923210620130741013397847582
0000105933210620130800012700017600
0000105943210620130808020649340978
0000105953210620130812013182604561
0000105963210620130821013338027566
0000105973210620130920010852203087
0000105983210620131054012809880567
0000105993210620131057012824784549
0000106003210620131510013182604561
0000106013210620131731013338027566
0000106023210620131814020941875665
0000106033210620131827019035984016
0000106043210620131827012449714377
0000106053210620131835012490205007
0000106063210620131839010840371044
0000106073210620131839019036847489
0000106083210620131849012122586690
0000106093210620131852020466482269
0000106103210620131852020469759210
0000106113210620131852012759614605
0000106123210620131852012679472561
0000106133210620131853021049847484
0000106143210620131853012524519874
0000106153210620131854012732387624
0000106163210620131856020130683498
0000106173210620131856012700017600
0000106183210620131857019040250866
0000106193210620131900012479133062
0000106203210620131900020469807193
0000106213210620131900013397847582
0000106223210620131901012823918568
0000106233210620131905013370765585
0000106243210620131907013263223568
0000106253210620131917012396201338
0000106263210620131922010852462651
0000106273220620130545012288507804
0000106283220620130612012659103625
0000106293220620130616017040097808
0000106303220620130625012958651543
0000106313220620130626012917353629
0000106323220620130630020484709415
0000106333220620130636012319553284
0000106343220620130641010322806426
0000106353220620130642016683233986
0000106363220620130644012015168534
0000106373220620130647013080703625
0000106383220620130649012283010499
0000106393220620130651012231148805
0000106403220620130651012231148805
0000106413220620130653013086327587
0000106423220620130654012435493101
0000106433220620130657010290465742
0000106463220620130659017061296656
0000106473220620130700013392460566
0000106483220620130700010852203087
0000106493220620130700012490205007
0000106503220620130700020469807193
0000106513220620130701019035984016
0000106523220620130701020715098637
0000106533220620130701012449714377
0000106543220620130701012474670663
0000106553220620130703016666943245
0000106563220620130703012122586690
0000106573220620130704019036847489
0000106583220620130704019032483318
0000106593220620130705013682423817
0000106603220620130706010840371044
0000106613220620130707015594076275
0000106623220620130708012396201338
0000106633220620130709020941875665
0000106643220620130710012552881310
0000106653220620130710012601834627
0000106663220620130710012380704173
0000106673220620130711012970150540
0000106683220620130711012399256591
0000106693220620130711012732387624
0000106703220620130712016142184981
0000106713220620130712019017985626
0000106723220620130713020130683498
0000106733220620130715020944806842
0000106743220620130716012435237547
0000106753220620130717012824784549
0000106763220620130717012524519874
0000106773220620130719012357665485
0000106783220620130719012115418397
0000106793220620130719019022125974
0000106803220620130722011982791335
0000106813220620130724013121954627
0000106823220620130728012674734622
0000106833220620130729020335199075
0000106843220620130730013235792545
0000106853220620130732012413769600
0000106863220620130733013256857549
0000106873220620130743012339688584
0000106883220620130809016893446862
0000106893220620130812015902979270
0000106903220620130856013380280584
0000106913220620131140013038401519
0000106923220620131435012231148805
0000106933220620131534019023276992
0000106943220620131734012973336580
0000106953220620131833016478362974
0000106963220620131837020682605209
0000106973220620131844012682353543
0000106983220620131849020992624082
0000106993220620131850012700519606
0000107003220620131855013113381583
0000107013220620131900016142184981
0000107023220620131901020484709415
0000107033220620131902015594076275
0000107043220620131903013038401519
0000107053220620131905016683233986
0000107063220620131911012015168534
0000107073220620131913012399256591
0000107083220620131914012319553284
0000107093220620131920020944806842
0000107103220620131923013086327587
0000107113220620131950016893446862
0000107123220620132003012339688584
0000107133230620130617012914568543
0000107143230620130617012750146544
0000107153230620130622012357665485
0000107163230620130633017064167733
0000107173230620130641012679472561
0000107183230620130642012759614605
0000107193230620130642013138725421
0000107203230620130642012292819270
0000107213230620130644012905571588
0000107223230620130648012425050894
0000107233230620130649013095330609
0000107243230620130649012889931546
0000107253230620130649020466482269
0000107263230620130649012712062606
0000107273230620130650012712062606
0000107283230620130650010852462651
0000107293230620130650012537707178
0000107303230620130652021049847484
0000107313230620130652012700017600
0000107323230620130656020469759210
0000107333230620130658019033050822
0000107343230620130658012193084663
0000107353230620130703013392460566
0000107363230620130703013392460566
0000107373230620130704012184316883
0000107383230620130704012745598548
0000107393230620130706012682353543
0000107403230620130706017040097808
0000107413230620130707013113381583
0000107423230620130707016478362974
0000107433230620130707019023276992
0000107443230620130709012973336580
0000107453230620130709013307141588
0000107463230620130710013256857549
0000107473230620130711019017985626
0000107483230620130711020992624082
0000107493230620130713012766243587
0000107503230620130714012122586690
0000107513230620130715020129957598
0000107523230620130715019040250866
0000107533230620130716012700519606
0000107543230620130717016666943245
0000107553230620130717012435237547
0000107563230620130719012917353629
0000107573230620130720012524519874
0000107583230620130721017061296656
0000107593230620130722012435493101
0000107603230620130727013396537628
0000107613230620130728013396537628
0000107623230620130728014996805273
0000107633230620130735012474670663
0000107643230620130736011982791335
0000107653230620130736012115418397
0000107663230620130736012115418397
0000107673230620130736010290465742
0000107683230620130736010290465742
0000107693230620130745013080703625
0000107703230620130745012283010499
0000107713230620130752020682605209
0000107723230620130800015902979270
0000107733230620130932013375736605
0000107743230620130944012958651543
0000107753230620131835012449714377
0000107763230620131838019035984016
0000107773230620131846020130683498
0000107783230620131848020941875665
0000107793230620131852013215357584
0000107803230620131857012759614605
0000107813230620131857012679472561
0000107823230620131857020469759210
0000107833230620131859010840371044
0000107843230620131859012524519874
0000107853230620131905019040250866
0000107863230620131905021049847484
0000107873230620131913010852462651
0000107883230620131917020120227082
0000107893230620131918013392460566
0000107903230620131930020129957598
0000107913230620131932013396537628
0000107923230620131944016896404575
0000107933230620131944013391244584
0000107943230620132001010632593587
0000107953240620130530013391244584
0000107963240620130607014996805273
0000107973240620130618012744228623
0000107983240620130622013179726589
0000107993240620130622012536849750
0000108003240620130632012537098295
0000108013240620130632019044123087
0000108023240620130633020129681797
0000108033240620130640012283126489
0000108043240620130641013370765585
0000108053240620130641012319553284
0000108063240620130644012766243587
0000108073240620130645020484709415
0000108083240620130646019033050806
0000108093240620130646012015168534
0000108103240620130647016683233986
0000108113240620130649013086327587
0000108123240620130650010889012269
0000108133240620130651013306559546
0000108143240620130655012525399104
0000108153240620130656012789752569
0000108163240620130656013235792545
0000108173240620130657012986407295
0000108183240620130657013121511547
0000108193240620130658012970150540
0000108203240620130658019035984016
0000108213240620130658010852203087
0000108223240620130700016142184981
0000108233240620130701012700017600
0000108243240620130701020130683498
0000108253240620130701013256857549
0000108263240620130701012905571588
0000108273240620130702013307141588
0000108283240620130703012231148805
0000108293240620130703012524519874
0000108303240620130704012193084663
0000108313240620130704012745598548
0000108323240620130705020466482269
0000108333240620130705010840371044
0000108343240620130706012738187600
0000108353240620130706013375736605
0000108363240620130706012449714377
0000108373240620130707012544302234
0000108383240620130707012425050894
0000108393240620130707012914568543
0000108403240620130708013215357584
0000108413240620130708017064167733
0000108423240620130709019033050822
0000108433240620130709012750146544
0000108443240620130709013095330609
0000108453240620130710020944806842
0000108463240620130710012184316883
0000108473240620130712012292819270
0000108483240620130712019039652778
0000108493240620130712013138725421
0000108503240620130714020941875665
0000108513240620130716012537707178
0000108523240620130717012758378541
0000108533240620130719012889931546
0000108543240620130726012176184620
0000108553240620130727020120227082
0000108563240620130728010745439702
0000108573240620130728010632593587
0000108583240620130732012399256591
0000108593240620130743013336711605
0000108603240620130752012807358588
0000108613240620130755013338074580
0000108623240620130807013338027566
0000108633240620130809013182604561
0000108643240620130817012837550584
0000108653240620130835020649340978
0000110773240620130913012738187600
0000110783240620131702012807358588
0000110793240620131705013182604561
0000110803240620131705013086327587
0000110813240620131705020682605209
0000110823240620131711013338027566
0000110833240620131739019023276992
0000110843240620131753012973336580
0000110853240620131759020649340978
0000110863240620131830012538059587
0000110873240620131842016478362974
0000110883240620131843013113381583
0000110893240620131853012700519606
0000110903240620131855010745439702
0000110913240620131857012986407295
0000110923240620131857019017985626
0000110933240620131859012682353543
0000110943240620131900010852203087
0000110953240620131901016142184981
0000110963240620131901019039652778
0000110973240620131902012319553284
0000110983240620131903016683233986
0000110993240620131904020484709415
0000111003240620131904012231148805
0000111013240620131909012399256591
0000111023240620131909019042165912
0000111033240620131909010055668914
0000111043240620131909013235792545
0000111053240620131914012015168534
0000111063240620131916020944806842
0000111073240620131917020992624082
0000111083240620131943010655549258
0000111093240620131951012168241238
0000111103250620130539013336711605
0000111113250620130539019042165912
0000111123250620130555020903798063
0000111133250620130557013179726589
0000111143250620130557012363335726
0000111153250620130620012679472561
0000111163250620130640012700017600
0000111173250620130640010852462651
0000111183250620130641012548910239
0000111193250620130641012826956568
0000111203250620130641021049847484
0000111213250620130642012357262801
0000111223250620130642012587148563
0000111233250620130647012759614605
0000111243250620130648019040250866
0000111253250620130651019044123087
0000111263250620130651020693378950
0000111273250620130651020469759210
0000111283250620130652012023019984
0000111293250620130653013306559546
0000111303250620130653019033050806
0000111313250620130654020106146682
0000111323250620130655013113381583
0000111333250620130655017018806044
0000111343250620130656019008103144
0000111353250620130657019028770049
0000111363250620130658020466482269
0000111373250620130659010889012269
0000111383250620130700012536849750
0000111393250620130700012682353543
0000111403250620130700012744228623
0000111413250620130700012537098295
0000111423250620130700012474670663
0000111433250620130701012537198451
0000111443250620130701010055668914
0000111453250620130702012758378541
0000111463250620130702012525399104
0000111473250620130702016478362974
0000111483250620130703012656999563
0000111493250620130703012973336580
0000111503250620130704012874780628
0000111513250620130704013338074580
0000111523250620130705012538059587
0000111533250620130705012789752569
0000111543250620130705019031632816
0000111553250620130705013256857549
0000111563250620130705020992624082
0000111573250620130705019017985626
0000111583250620130707013370765585
0000111593250620130707020682605209
0000111603250620130708012283126489
0000111613250620130710013121511547
0000111623250620130711012544302234
0000111633250620130711019023276992
0000111643250620130712012970150540
0000111653250620130714016869134112
0000111663250620130720012371191843
0000111673250620130721020469888185
0000111683250620130723012700519606
0000111693250620130732020129681797
0000111703250620130735012454198284
0000111713250620130737013338027566
0000111723250620130738019044050624
0000111733250620130742012176184620
0000111743250620130759012807358588
0000111753250620130759012339070327
0000111763250620130810020649340978
0000111773250620130812012837550584
0000111783250620130958012339688584
0000111793250620131225013182604561
0000111803250620131702012837550584
0000111813250620131713012807358588
0000111823250620131720013338027566
0000111833250620131730020649340978
0000111843250620131751019039652778
0000111853250620131822020941875665
0000111863250620131822013215357584
0000111873250620131829020130683498
0000111883250620131834019035984016
0000111893250620131836013182604561
0000111903250620131837012449714377
0000111913250620131851020469807193
0000111923250620131858012700017600
0000111933250620131900010840371044
0000111943250620131900021049847484
0000111953250620131901013637405937
0000111963250620131901019040250866
0000111973250620131901010852462651
0000111983250620131903012679472561
0000111993250620131903012759614605
0000112003250620131904012490205007
0000112013250620131905010655549258
0000112023250620131906020466482269
0000112033250620131912020469759210
0000112043250620131929013256857549
0000112053250620131956013391244584
0000112063250620132120020469807193
0000112073250620132234012339688584
0000112083260620130546019031632816
0000112093260620130546013391244584
0000112103260620130548020903798063
0000112113260620130549020693378950
0000112123260620130619012809880567
0000112133260620130620017045925520
0000112143260620130620012537198451
0000112153260620130624012015168534
0000112163260620130632012319553284
0000112173260620130635020106146682
0000112183260620130641012231148805
0000112193260620130642016683233986
0000112203260620130642012656999563
0000112213260620130642012656999563
0000112223260620130644012447665867
0000112233260620130645012292819270
0000112243260620130645012425050894
0000112253260620130646012371191843
0000112263260620130648013296437583
0000112273260620130649012638303609
0000112283260620130649012731985560
0000112293260620130652012023019984
0000112303260620130653019044050624
0000112313260620130653012490205007
0000112323260620130653016869134112
0000112333260620130654013219359581
0000112343260620130655013393325565
0000112353260620130655020130683498
0000112363260620130655013274152624
0000112373260620130656019039736661
0000112383260620130659012826956568
0000112393260620130659014871917610
0000112403260620130659012182635655
0000112413260620130659013141563623
0000112423260620130659016896979314
0000112433260620130700020469888185
0000112443260620130701012599628549
0000112453260620130702016142184981
0000112463260620130703020941875665
0000112473260620130704012562331569
0000112483260620130705020484709415
0000112493260620130705013086327587
0000112503260620130705012587148563
0000112513260620130706013298488568
0000112523260620130706020129957598
0000112533260620130708019008103144
0000112543260620130709012399256591
0000112553260620130710020304024613
0000112563260620130710010746442693
0000112573260620130712012449714377
0000112583260620130713012357262801
0000112593260620130714012548910239
0000112603260620130714013301860604
0000112613260620130714017018806044
0000112623260620130715013215357584
0000112633260620130715020944806842
0000112643260620130717019022125974
0000112653260620130717012454198284
0000112663260620130724012363335726
0000112673260620130724019028770049
0000112683260620130724012474670663
0000112693260620130725010840371044
0000112703260620130726012828178600
0000112713260620130726012807358588
0000112723260620130727012874780628
0000112733260620130727013637405937
0000112743260620130734010632593587
0000112753260620130747012168241238
0000112763260620130753012339070327
0000112773260620130807013338027566
0000112783260620130808012837550584
0000112793260620130813020649340978
0000112803260620130818013182604561
0000112813260620130818012479133062
0000112823260620131004019035984016
0000112833260620131713012837550584
0000112843260620131740012973336580
0000112853260620131752012168241238
0000112863260620131805013371053589
0000112873260620131809020649340978
0000112883260620131813012807358588
0000112893260620131823013182604561
0000112903260620131831020992624082
0000112913260620131838019023276992
0000112923260620131846012700519606
0000112933260620131846016478362974
0000112943260620131848013338027566
0000112953260620131852013038401519
0000112963260620131855020682605209
0000112973260620131855020484709415
0000112983260620131856016142184981
0000112993260620131900012319553284
0000113003260620131900014871917610
0000113013260620131900013301860604
0000113023260620131901012682353543
0000113033260620131903016683233986
0000113043260620131905012231148805
0000113053260620131905013086327587
0000113063260620131907013113381583
0000113073260620131909020944806842
0000113083260620131910020129957598
0000113093260620131916012399256591
0000113103260620131918012015168534
0000113113260620132003013353190561
0000113123260620132003013353190561
0000113133270620130428013038401519
0000113143270620130605012659103625
0000113153270620130608013391243588
0000113163270620130620012731985560
0000113173270620130621012601834627
0000113183270620130631012380704173
0000113193270620130639012700017600
0000113203270620130640012759614605
0000113213270620130640010852462651
0000113223270620130640012413769600
0000113233270620130645013274152624
0000113243270620130645012396201338
0000113253270620130647010746442693
0000113263270620130648011227821381
0000113273270620130649019036847489
0000113283270620130650012824784549
0000113293270620130650012679472561
0000113303270620130653012873540569
0000113313270620130655019032483318
0000113323270620130657017045925520
0000113333270620130658020466482269
0000113343270620130658012562331569
0000113353270620130659019040250866
0000113363270620130659012182635655
0000113373270620130700013371053589
0000113383270620130700020304024613
0000113393270620130700010632593587
0000113403270620130701012674734622
0000113413270620130702013113381583
0000113423270620130702012970150540
0000113433270620130702012682353543
0000113443270620130703012524519874
0000113453270620130703012552881310
0000113463270620130704020469759210
0000113473270620130706013256857549
0000113483270620130707020335199075
0000113493270620130707016478362974
0000113503270620130708012638303609
0000113513270620130708012809880567
0000113523270620130709019022125974
0000113533270620130709020992624082
0000113543270620130710012599628549
0000113553270620130711013296437583
0000113563270620130712019023276992
0000113573270620130712012447665867
0000113583270620130713020682605209
0000113593270620130714012973336580
0000113603270620130714013141563623
0000113613270620130716012122586690
0000113623270620130716016869134112
0000113633270620130716013235792545
0000113643270620130716012292819270
0000113653270620130717012371191843
0000113663270620130718013219359581
0000113673270620130723013298488568
0000113683270620130724016896979314
0000113693270620130727012700519606
0000113703270620130728019044050624
0000113713270620130731013393325565
0000113723270620130734012837550584
0000113733270620130740012807358588
0000113743270620130741012168241238
0000113753270620130742019039736661
0000113763270620130744012339688584
0000113773270620130745021049847484
0000113783270620130753013397847582
0000113793270620130802020649340978
0000113803270620130810013182604561
0000113813270620130833012828178600
0000113823270620130847012537198451
0000115933270620131126019036847489
0000115943270620131224012837550584
0000115953270620131227019036847489
0000115963270620131706012807358588
0000115973270620131719012168241238
0000115983270620131725012732387624
0000115993270620131739013182604561
0000116003270620131825020649340978
0000116013270620131836012371191843
0000116023270620131838020941875665
0000116033270620131846012449714377
0000116043270620131850019035984016
0000116053270620131850020130683498
0000116063270620131853010840371044
0000116073270620131856012679472561
0000116083270620131856012700017600
0000116093270620131859010655549258
0000116103270620131859019040250866
0000116113270620131900010852462651
0000116123270620131900021049847484
0000116133270620131900012524519874
0000116143270620131903020466482269
0000116153270620131910012759614605
0000116163270620131910013397847582
0000116173270620131911020469759210
0000116183270620131918012339688584
0000116193270620131951012490205007
0000116203270620131953020469807193
0000116213270620131956013215357584
0000116223280620130525012732387624
0000116233280620130619012917353629
0000116243280620130627012319553284
0000116253280620130628012537198451
0000116263280620130640012015168534
0000116273280620130641013682423817
0000116283280620130642012200282127
0000116293280620130643013263223568
0000116303280620130643012231148805
0000116313280620130646016683233986
0000116323280620130647020484709415
0000116333280620130649013392460566
0000116343280620130649010290465742
0000116353280620130649012474670663
0000116363280620130649013380280584
0000116373280620130652010322806426
0000116383280620130655020701749657
0000116393280620130656019032483318
0000116403280620130656019044050624
0000116413280620130657012396201338
0000116423280620130657020941875665
0000116433280620130657010852203087
0000116443280620130659012357665485
0000116453280620130659019017985626
0000116463280620130700013086327587
0000116473280620130700016869134112
0000116483280620130701019022125974
0000116493280620130701012122586690
0000116503280620130702020715098637
0000116513280620130704012115418397
0000116523280620130704016666943245
0000116533280620130704011227821381
0000116543280620130705012490205007
0000116553280620130705016142184981
0000116563280620130706020335199075
0000116573280620130706020130683498
0000116583280620130707019035984016
0000116593280620130708010655549258
0000116603280620130708012413769600
0000116613280620130710013215357584
0000116623280620130711012873540569
0000116633280620130711013256857549
0000116643280620130712012958651543
0000116653280620130713013391243588
0000116663280620130713020469807193
0000116673280620130714020944806842
0000116683280620130716010840371044
0000116693280620130716012435237547
0000116703280620130717012380704173
0000116713280620130717012793049427
0000116723280620130719019036847489
0000116733280620130720012552881310
0000116743280620130721012449714377
0000116753280620130721012524519874
0000116763280620130722012659103625
0000116773280620130723011982791335
0000116783280620130723012970150540
0000116793280620130726012824784549
0000116803280620130733013122081600
0000116813280620130734012823918568
0000116823280620130735012837550584
0000116833280620130738013121954627
0000116843280620130746012674734622
0000116853280620130747013397847582
0000116863280620130751012807358588
0000116873280620130807013235792545
0000116883280620130823020649340978
0000116893280620130844012479133062
