0000179603301020131508012639420587
0000179613301020131700013006314629
0000179623301020131717012859880625
0000179633301020131725012785451602
0000179643301020131726012380529975
0000179653301020131827012794272626
0000179663301020131840013539291899
0000179673301020131841011683118841
0000179683301020131843013149314568
0000179693301020131846012217098308
0000179703301020131846012524710469
0000179713301020131847013373887606
0000179723301020131850012020036845
0000179733301020131850012288594359
0000179743301020131851013092165623
0000179753301020131854012728405605
0000179763301020131900011961954197
0000179773301020131900012454218331
0000179783301020131900013401856544
0000179793301020131903021276398621
0000179803301020131905012936845604
0000179813301020131911013380966583
0000179823301020131925020701744833
0000179833301020131930012524771913
0000179843301020131953019023980118
0000179853301020132254012639420587
0000179863311020130620020039123345
0000179873311020130626013346296589
0000179883311020130629013326968603
0000179893311020130635017061378415
0000179903311020130636013026939608
0000179913311020130637010527433389
0000179923311020130641012217098308
0000179933311020130642013046039548
0000179943311020130648010852446559
0000179953311020130648013038415587
0000179963311020130649012413560914
0000179973311020130649012803294585
0000179983311020130649012447688387
0000179993311020130654016208356130
0000180003311020130655012533475302
0000180013311020130655012289002323
0000180023311020130655012252619335
0000180033311020130655012837622585
0000180043311020130656019007017139
0000180053311020130656013399818628
0000180063311020130657011944622610
0000180073311020130659012794272626
0000180083311020130700020934729829
0000180093311020130700010828829354
0000180103311020130701012712212608
0000180113311020130701020771573531
0000180123311020130703012524710469
0000180133311020130704012728405605
0000180143311020130704013382154586
0000180153311020130706013305497547
0000180163311020130707016448703463
0000180173311020130707017052989172
0000180183311020130709013149314568
0000180193311020130710012936845604
0000180203311020130712012933889589
0000180213311020130713016878309477
0000180223311020130714011688548208
0000180233311020130714012812312604
0000180243311020130716012283093173
0000180253311020130716012283093173
0000180263311020130717020701744833
0000180273311020130717013004611774
0000180283311020130717013352140587
0000180293311020130717012020036845
0000180303311020130717013389117562
0000180313311020130717012858334589
0000180323311020130720012205010834
0000180333311020130721012961225584
0000180343311020130721013374125602
0000180353311020130722013076381589
0000180363311020130722012478699550
0000180373311020130726011654678877
0000180383311020130727012118526735
0000180393311020130727016492265719
0000180403311020130727019023980118
0000180413311020130734019032620714
0000180423311020130737012454218331
0000180433311020130740019038266807
0000180443311020130741010721813515
0000180453311020130756012288806798
0000180463311020130808013224770588
0000180473311020130816013006314629
0000180483311020130827013380966583
0000180493311020130834020743777446
0000180503311020130852012524771913
0000180513311020130926019042161348
0000180523311020130935012785451602
0000180533311020131018012859880625
0000180543311020131126020743777446
0000180553311020131705013006314629
0000180563311020131708012785451602
0000180573311020131710011978389269
0000180583311020131730012927233588
0000180593311020131730013004611774
0000180603311020131735012859880625
0000180613311020131831012623253546
0000180623311020131833016142646632
0000180633311020131844013291902601
0000180643311020131852019046485105
0000180653311020131854010852446559
0000180663311020131855012044963525
0000180673311020131857013038415587
0000180683311020131857013046039548
0000180693311020131858012933889589
0000180703311020131858020771573531
0000180713311020131858013346296589
0000180723311020131900012252619335
0000180733311020131903013212714629
0000180743311020131906019038266807
0000180753311020131907019042161348
0000180763311020131907013017729256
0000180773311020131913012413560914
0000180783311020131914012803294585
0000180793311020131920012665679584
0000180803311020132000012883520560
0000180813311020132001013376192544
0000180823011120130527012665679584
0000180833011120130628017061378415
0000180843011120130642013346296589
0000180853011120130642013065699604
0000180863011120130646012205010834
0000180873011120130649012296236172
0000180883011120130650010838900388
0000180893011120130650012288806798
0000180903011120130651013092165623
0000180913011120130651019007017139
0000180923011120130651013399818628
0000180933011120130653013401856544
0000180943011120130656012661269543
0000180953011120130657012623253546
0000180963011120130658012122582660
0000180973011120130659019039881556
0000180983011120130701013076381589
0000180993011120130701013352140587
0000181003011120130703013373887606
0000181013011120130703011683118841
0000181023011120130703015791665273
0000181033011120130704013291902601
0000181043011120130704012044963525
0000181053011120130705013357590580
0000181063011120130707012837622585
0000181073011120130708010527433389
0000181083011120130708016208356130
0000181093011120130709013017729256
0000181103011120130709013338341546
0000181113011120130709012207928529
0000181123011120130711012685349563
0000181133011120130711012217098308
0000181143011120130712012288594359
0000181153011120130712017052989172
0000181163011120130714012927233588
0000181173011120130715013392216606
0000181183011120130716016448703463
0000181193011120130716012873083621
0000181203011120130716020952304702
0000181213011120130716012339082694
0000181223011120130716020469791483
0000181233011120130716021276398621
0000181243011120130717013376192544
0000181253011120130718013212714629
0000181263011120130718016142646632
0000181273011120130719011944622610
0000181283011120130721010721813515
0000181293011120130722012283093173
0000181303011120130724016603477395
0000181313011120130725013382154586
0000181323011120130727012533475302
0000181333011120130727012289002323
0000181343011120130731013539291899
0000181353011120130732012339608424
0000181363011120130732012447688387
0000181373011120130733011688548208
0000181383011120130733012680592583
0000181393011120130737012883520560
0000181403011120130738017011695204
0000181413011120130738012883520560
0000181423011120130747012524771913
0000181433011120130753019046485105
0000181443011120130804010527926512
0000181453011120130818019036783529
0000181463011120130819013006314629
0000181473011120130836012785451602
0000181483011120130836012859880625
0000181493011120130845020743777446
0000181503011120130908013041506776
0000181513011120130910012380529975
0000181533011120131705013006314629
0000181543011120131720012785451602
0000181553011120131822020743777446
0000181563011120131848012020036845
0000181573011120131849012728405605
0000181583011120131850017011695204
0000181593011120131851013092165623
0000181603011120131855012524710469
0000181613011120131855011683118841
0000181623011120131857013149314568
0000181633011120131857013373887606
0000181653011120131859013041506776
0000181663011120131900013401856544
0000181673011120131902012454218331
0000181683011120131905013357590580
0000181693011120131906021276398621
0000181703011120131910012288594359
0000181713011120131915012936845604
0000181723011120131915013539291899
0000181733011120131916013352140587
0000181743011120131922012812312604
0000181753011120131938017018588144
0000181763011120131953020952304702
0000181773011120132047019043666206
0000181783011120132118019032620714
0000181793021120130625016603477395
0000181803021120130636012247648861
0000181813021120130636012425122747
0000181823021120130637010888024522
0000181833021120130645012222310859
0000181843021120130646011960956730
0000181853021120130651012803294585
0000181863021120130652013164628640
0000181873021120130653013197083562
0000181883021120130653012413560914
0000181893021120130653012252619335
0000181903021120130656012732960545
0000181913021120130657012873083621
0000181923021120130658012339367125
0000181933021120130659012020036845
0000181943021120130659019032620714
0000181953021120130700019040413080
0000181963021120130700013384922602
0000181973021120130702012680592583
0000181983021120130702013149314568
0000181993021120130703013065699604
0000182003021120130703012524710469
0000182013021120130704013122293586
0000182023021120130704012933889589
0000182033021120130704013046039548
0000182043021120130704020771573531
0000182053021120130704015791665273
0000182063021120130705013402196564
0000182073021120130706012993986548
0000182083021120130708012661269543
0000182093021120130708017018588144
0000182103021120130709010838900388
0000182113021120130709019043666206
0000182123021120130709012122582660
0000182133021120130710012454218331
0000182143021120130710013076381589
0000182153021120130711019036783529
0000182163021120130714012812312604
0000182173021120130714013038415587
0000182183021120130715012947609605
0000182193021120130716012456807261
0000182203021120130716020754725094
0000182213021120130718020469791483
0000182223021120130718012728405605
0000182233021120130720013346296589
0000182243021120130721012936845604
0000182253021120130736012296236172
0000182263021120130737012339082694
0000182273021120130738010527926512
0000182283021120130738012339608424
0000182293021120130738012207928529
0000182303021120130739019039881556
0000182313021120130745011941618680
0000182323021120130755012727871602
0000182333021120130759013392216606
0000182343021120130807012970390126
0000182353021120130828013402197560
0000182363021120130832013283327563
0000182373021120130936010802122423
0000182383021120131744012785451602
0000182393021120131828012217098308
0000182403021120131830012623253546
0000182413021120131846016142646632
0000182423021120131850013291902601
0000182433021120131850012727871602
0000182443021120131853013338341546
0000182453021120131856013212714629
0000182463021120131857020771573531
0000182473021120131858012933889589
0000182483021120131858013038415587
0000182493021120131859012044963525
0000182503021120131900012252619335
0000182513021120131903012413560914
0000182523021120131914013017729256
0000182533021120131916013046039548
0000182543021120131925012803294585
0000182553021120131927019038956404
0000182563021120131934011941618680
0000182573021120131935012970390126
0000182583031120130628012669459589
0000182593031120130635018054860639
0000182603031120130638020772682202
0000182613031120130641013005905585
0000182623031120130642013092165623
0000182633031120130644012288594359
0000182643031120130645013401856544
0000182653031120130651012339029866
0000182663031120130653019039881556
0000182673031120130654012623253546
0000182683031120130655012420191392
0000182693031120130659013084099625
0000182703031120130701013291902601
0000182713031120130701010806432478
0000182723031120130701012631701560
0000182733031120130702013212714629
0000182743031120130702013402196564
0000182753031120130703013212714629
0000182763031120130703012044963525
0000182773031120130703019032620714
0000182783031120130703013164628640
0000182793031120130704012758032564
0000182803031120130705011683118841
0000182813031120130709012217098308
0000182823031120130710016142646632
0000182833031120130710013283327563
0000182843031120130710012247648861
0000182853031120130710011960956730
0000182863031120130713020039123345
0000182873031120130715013004611774
0000182883031120130716013338341546
0000182893031120130717016858183737
0000182903031120130717013029222623
0000182913031120130721013373887606
0000182923031120130721013017729256
0000182933031120130722013384922602
0000182943031120130722012947609605
0000182953031120130723012222310859
0000182963031120130725012425122747
0000182973031120130725016492265719
0000182983031120130726013122293586
0000182993031120130727012553505738
0000183003031120130730010869668991
0000183013031120130730012993986548
0000183023031120130731010888024522
0000183033031120130732020466240621
0000183043031120130733012732960545
0000183053031120130735013197083562
0000183063031120130736012405471797
0000183073031120130737019040413080
0000183083031120130738011992128116
0000183093031120130738011941618680
0000183103031120130738012970390126
0000183113031120130742010802122423
0000183123031120130744020754725094
0000183133031120130748012339367125
0000183143031120130749013402197560
0000183153031120130751012456807261
0000183163031120130757013539291899
0000183173031120131818012050966557
0000183183031120131830011683118841
0000183193031120131832016492265719
0000183203031120131845012454218331
0000183213031120131846012020036845
0000183223031120131849013092165623
0000183233031120131852012288594359
0000183243031120131858019038956404
0000183253031120131859012524710469
0000183263031120131904019034961365
0000183273031120131904013539291899
0000183283031120131904013373887606
0000183293031120131907012936845604
0000183303031120131917012728405605
0000183313031120131918013401856544
0000183323031120131923013212714629
0000183333031120131936019039881556
0000183343031120131936012812312604
0000183353031120131957010655549258
0000183363031120132033013149314568
0000183373041120130621020039123345
0000183383041120130628012380368696
0000183393041120130631018054860639
0000183403041120130638013140229819
0000183413041120130647013046039548
0000183423041120130650012669459589
0000183433041120130652012413560914
0000183443041120130652012803294585
0000183453041120130653012252619335
0000183463041120130654013164628640
0000183473041120130655016208144206
0000183483041120130657017038951392
0000183493041120130657013346754544
0000183503041120130657013005905585
0000183513041120130659012895683621
0000183523041120130700011944622610
0000183533041120130701012020036845
0000183543041120130702010835704782
0000183553041120130702012631701560
0000183563041120130703011981248743
0000183573041120130703010869668991
0000183583041120130703012818433543
0000183593041120130704011992128116
0000183603041120130704013402196564
0000183613041120130705012420191392
0000183623041120130705012758032564
0000183633041120130707012936845604
0000183643041120130707011941618680
0000183653041120130710012454218331
0000183663041120130711020771573531
0000183673041120130711013084099625
0000183683041120130711012728405605
0000183693041120130713019034961365
0000183703041120130714012420468106
0000183713041120130714012420468106
0000183723041120130715019041967640
0000183733041120130716013149314568
0000183743041120130716012500104593
0000183753041120130718012947609605
0000183763041120130720013029222623
0000183773041120130720013029222623
0000183783041120130721017052988427
0000183793041120130721012524710469
0000183803041120130722020772682202
0000183813041120130723013038415587
0000183823041120130724012217205015
0000183833041120130724016376534318
0000183843041120130724012812312604
0000183853041120130725013004611774
0000183863041120130725012339029866
0000183873041120130726012050966557
0000183883041120130731020466240621
0000183893041120130738012553505738
0000183903041120130742019038266807
0000183913041120130745012933889589
0000183923041120130750016858183737
0000183933041120130757012405471797
0000183943041120130802013357590580
0000183953041120130808013302922549
0000183963041120130820013006314629
0000183973041120130843012693191582
0000183983041120130845019036783529
0000183993041120130848020743777446
0000184003041120130853012380529975
0000184013041120130901010655549258
0000184023041120130926012859880625
0000184033041120130932013052182624
0000184043041120131338013029222623
0000184053041120131338012757482566
0000184063041120131705013006314629
0000184073041120131712012380529975
0000184083041120131804012859880625
0000184093041120131806020743777446
0000184103041120131826012623253546
0000184113041120131832013357590580
0000184123041120131836019034961365
0000184133041120131843016142646632
0000184143041120131845013212714629
0000184153041120131849013338341546
0000184163041120131853019043666206
0000184173041120131855012044963525
0000184183041120131857013291902601
0000184193041120131900013038415587
0000184203041120131900012430741220
0000184213041120131901012413560914
0000184223041120131901012420468106
0000184233041120131902020771573531
0000184243041120131902012933889589
0000184253041120131902012693191582
0000184263041120131902012252619335
0000184273041120131902013046039548
0000184283041120131904013017729256
0000184293041120131907012803294585
0000184303041120131910013302922549
0000184313041120131913019038266807
0000184323041120131918012970390126
0000184333041120131920013052182624
0000184343041120131925019036783529
0000184353041120132109019043641459
0000184363051120130630013026939608
0000184373051120130633013326968603
0000184383051120130638016878309477
0000184393051120130641012892596582
0000184403051120130644013401856544
0000184413051120130644013092165623
0000184423051120130646012288594359
0000184433051120130649012118526735
0000184443051120130649010852446559
0000184453051120130650013374125602
0000184463051120130651013076381589
0000184473051120130654012961225584
0000184483051120130656019037005449
0000184493051120130656011654678877
0000184503051120130657016208144206
0000184513051120130700012818433543
0000184523051120130701011683118841
0000184533051120130701013539291899
0000184543051120130701013373887606
0000184553051120130701010828829354
0000184563051120130702010962863294
0000184573051120130702013291902601
0000184583051120130702012794272626
0000184593051120130703013402196564
0000184603051120130703016142646632
0000184613051120130703012380368696
0000184623051120130704021276398621
0000184633051120130704013012687547
0000184643051120130704019043641459
0000184653051120130704012623253546
0000184663051120130705012044963525
0000184673051120130705017038951392
0000184683051120130705011981248743
0000184693051120130707011944622610
0000184703051120130708020934729829
0000184713051120130708019012055809
0000184723051120130709012858334589
0000184733051120130710013212714629
0000184743051120130713013164628640
0000184753051120130713012217205015
0000184763051120130713013017729256
0000184773051120130713017018588144
0000184783051120130714012430741220
0000184793051120130714012478699550
0000184803051120130715013352140587
0000184813051120130717013346754544
0000184823051120130718012812312604
0000184833051120130718010835704782
0000184843051120130722013140229819
0000184853051120130722013338341546
0000184863051120130723016492265719
0000184873051120130724012500104593
0000184883051120130725017052988427
0000184893051120130726016376534318
0000184903051120130727019041967640
0000184913051120130732012639420587
0000184923051120130739019032620714
0000184933051120130742019043666206
0000184943051120130742019034961365
0000184953051120130754012757482566
0000184963051120130810013006314629
0000184973051120130833020743777446
0000184983051120130857019023980118
0000184993051120130914012859880625
0000185003051120130932012380529975
0000185013051120131656012380529975
0000185023051120131707013006314629
0000185033051120131715020743777446
0000185043051120131802013076381589
0000185053051120131807014674478274
0000185063051120131845012020036845
0000185073051120131850012288594359
0000185083051120131851013092165623
0000185093051120131852013374125602
0000185103051120131852019029489475
0000185113051120131853010852446559
0000185123051120131854012339082694
0000185133051120131857012728405605
0000185143051120131900012328105922
0000185153051120131900012859880625
0000185163051120131901021276398621
0000185173051120131901013539291899
0000185183051120131902013401856544
0000185193051120131904013373887606
0000185203051120131905012454218331
0000185213051120131909012936845604
0000185223051120131911019038956404
0000185233051120131915013380966583
0000185243051120131918012524710469
0000185253051120131923020701744833
0000185263051120131924011683118841
0000185273051120131925010962863294
0000185283051120131925012639420587
0000185293051120131945013149314568
0000185303061120130608011978389269
0000185313061120130626013046039548
0000185323061120130626013326968603
0000185333061120130627010527433389
0000185343061120130627012873083621
0000185353061120130630016878309477
0000185363061120130635013026939608
0000185373061120130636012217098308
0000185383061120130638013305497547
0000185393061120130643012883520560
0000185403061120130643013122293586
0000185413061120130648012413560914
0000185423061120130648012803294585
0000185433061120130649013038415587
0000185443061120130649012118526735
0000185453061120130649013382154586
0000185463061120130651017052989172
0000185473061120130655017018588144
0000185483061120130655012533475302
0000185493061120130656019007017139
0000185503061120130656010838900388
0000185513061120130656012712212608
0000185523061120130659012252619335
0000185533061120130700013380966583
0000185543061120130700017061378415
0000185553061120130701012933889589
0000185563061120130704012837622585
0000185573061120130704020771573531
0000185583061120130704013149314568
0000185593061120130705012794272626
0000185603061120130705012961225584
0000185613061120130705019037005449
0000185623061120130705019038956404
0000185633061120130705013012687547
0000185643061120130706016208356130
0000185653061120130706012524710469
0000185663061120130706012289002323
0000185673061120130706012454218331
0000185683061120130707013352140587
0000185693061120130707020701744833
0000185703061120130708012020036845
0000185713061120130708012892596582
0000185723061120130708012728405605
0000185733061120130709012858334589
0000185743061120130710012936845604
0000185753061120130711010828829354
0000185763061120130712016448703463
0000185773061120130713019029489475
0000185783061120130715016492265719
0000185793061120130716019012055809
0000185803061120130717010721813515
0000185813061120130720012478699550
0000185823061120130720011992128116
0000185833061120130721020934729829
0000185843061120130721020934729829
0000185853061120130723012812312604
0000185863061120130730011961954197
0000185873061120130732011654678877
0000185883061120130735011688548208
0000185893061120130739012288806798
0000185903061120130800019023980118
0000185913061120130803014674478274
0000185923061120130813013006314629
0000185933061120130814013004611774
0000185943061120130820012524771913
0000185953061120130903012785451602
0000185963061120130925012380529975
0000185973061120131708013006314629
0000185983061120131713012785451602
0000185993061120131755012380529975
0000186003061120131807012873083621
0000186013061120131826013046039548
0000186023061120131834012623253546
0000186033061120131836016142646632
0000186043061120131849013212714629
0000186053061120131849012927233588
0000186063061120131850013338341546
0000186073061120131855013004611774
0000186083061120131857012044963525
0000186093061120131858012933889589
0000186103061120131858013038415587
0000186113061120131858012454218331
0000186123061120131858013017729256
0000186133061120131859020771573531
0000186143061120131900011961954197
0000186153061120131900012413560914
0000186163061120131904012252619335
0000186173061120131907012803294585
0000186183061120131909013389117562
0000186193061120131924013380966583
0000186203061120131930017061378415
0000186213061120131932011992128116
0000186223061120131936012639420587
0000186233061120131948019023980118
0000186243061120131955012524771913
0000186253071120130624012639420587
0000186263071120130645013065699604
0000186273071120130648013092165623
0000186283071120130649013346296589
0000186293071120130651010852446559
0000186303071120130653012447688387
0000186313071120130653012288806798
0000186323071120130653019007017139
0000186333071120130654013401856544
0000186343071120130656012122582660
0000186353071120130656012288594359
0000186363071120130700013374125602
0000186373071120130700012712212608
0000186383071120130701016448703463
0000186393071120130701012283093173
0000186403071120130702012993986548
0000186413071120130703011683118841
0000186423071120130703012454218331
0000186433071120130703013305497547
0000186443071120130704019023980118
0000186453071120130704012533475302
0000186463071120130705013539291899
0000186473071120130705019039881556
0000186483071120130705017052989172
0000186493071120130707013390734545
0000186503071120130707013399818628
0000186513071120130707010527926512
0000186523071120130708016142646632
0000186533071120130710013212714629
0000186543071120130710012044963525
0000186553071120130710013389117562
0000186563071120130711010838900388
0000186573071120130713012217098308
0000186583071120130713013017729256
0000186593071120130715012623253546
0000186603071120130715010721813515
0000186613071120130715012339082694
0000186623071120130716012205010834
0000186633071120130717013382154586
0000186643071120130717013392216606
0000186653071120130717012296236172
0000186663071120130717013026939608
0000186673071120130718020469791483
0000186683071120130721012837622585
0000186693071120130722021276398621
0000186703071120130725013373887606
0000186713071120130725012289002323
0000186723071120130725012207928529
0000186733071120130727012680592583
0000186743071120130728016208356130
0000186753071120130728012339608424
0000186763071120130729013338341546
0000186773071120130729012927233588
0000186783071120130736011688548208
0000186793071120130740012883520560
0000186803071120130744010527433389
0000186813071120130747013122293586
0000186823071120130756019038266807
0000186833071120130824013006314629
0000186843071120130829012873083621
0000186853071120130831012524771913
0000186863071120130856020743777446
0000186873071120130904012380529975
0000186883071120130907019042161348
0000186893071120130909019032620714
0000186903071120130941012859880625
0000186913071120131657011978389269
0000186923071120131710012785451602
0000186933071120131712020743777446
0000186943071120131714013006314629
0000186953071120131715012380529975
0000186993071120131746012859880625
0000187003071120131847012020036845
0000187013071120131849012728405605
0000187023071120131850011683118841
0000187033071120131852013291902601
0000187043071120131853013092165623
0000187053071120131855010852446559
0000187063071120131855013374125602
0000187073071120131855012288594359
0000187083071120131856019046485105
0000187093071120131857012524710469
0000187103071120131858019032620714
0000187113071120131859012873083621
0000187123071120131900013401856544
0000187133071120131900013373887606
0000187143071120131900013539291899
0000187153071120131901019029489475
0000187163071120131901013076381589
0000187173071120131903020658868602
0000187183071120131904013026939608
0000187193071120131906019042161348
0000187203071120131907012936845604
0000187213071120131907019038266807
0000187223071120131909021276398621
0000187233071120131938013149314568
0000187243071120131941020701744833
0000187253071120132004013376192544
0000187263081120130553013046039548
0000187273081120130558012933889589
0000187283081120130623012247648861
0000187293081120130634010888024522
0000187303081120130636012050966557
0000187313081120130639012207928529
0000187323081120130639013392216606
0000187333081120130645012205010834
0000187343081120130647012413560914
0000187353081120130647012803294585
0000187363081120130650013346296589
0000187373081120130658012425122747
0000187383081120130659013076381589
0000187393081120130701013399818628
0000187403081120130701012252619335
0000187413081120130702015791665273
0000187423081120130702012122582660
0000187433081120130705013038415587
0000187443081120130708013291902601
0000187453081120130708020771573531
0000187463081120130708012936845604
0000187473081120130708012339367125
0000187483081120130708013197083562
0000187493081120130708011960956730
0000187503081120130709011960956730
0000187513081120130709011960956730
0000187523081120130710012524710469
0000187533081120130710016896299712
0000187543081120130710012685349563
0000187553081120130711019040413080
0000187563081120130711012661269543
0000187573081120130712029357346210
0000187583081120130713019029489475
0000187593081120130714013389117562
0000187603081120130714013390734545
0000187613081120130714012947609605
0000187623081120130715013376192544
0000187633081120130716012283093173
0000187643081120130716012993986548
0000187653081120130717013065699604
0000187663081120130717019039881556
0000187673081120130718013149314568
0000187683081120130719010802122423
0000187693081120130724012296236172
0000187703081120130726020701744833
0000187713081120130727012456807261
0000187723081120130729010527926512
0000187733081120130730012680592583
0000187743081120130735012339082694
0000187753081120130735012339608424
0000187763081120130737012447688387
0000187773081120130737017011695204
0000187783081120130740020469791483
0000187793081120130752012961225584
0000187803081120130801013006314629
0000187813081120130807012524771913
0000187823081120130810013357590580
0000187833081120130823019046485105
0000187843081120130828012757482566
0000187853081120130832019032620714
0000187863081120130855019036783529
0000187873081120130910012859880625
0000187883081120130920012785451602
0000187913081120131301020684246613
0000187923081120131716012785451602
0000187933081120131806012933889589
0000187943081120131831013006314629
0000187973081120131839012623253546
0000187993081120131842010317389669
0000188003081120131844011003117915
0000188013081120131844016142646632
0000188023081120131850017011695204
0000188033081120131851019043666206
0000188043081120131854013291902601
0000188053081120131857012044963525
0000188063081120131858020771573531
0000188073081120131900012252619335
0000188083081120131900013338341546
0000188093081120131900013038415587
0000188103081120131904013046039548
0000188113081120131906013389117562
0000188123081120131908013017729256
0000188133081120131910013357590580
0000188143081120131914012803294585
0000188153081120131920013212714629
0000188163081120131926017018588144
0000188173081120131933020952304702
0000188183081120131933012873083621
0000188193081120131951020743777446
0000188203081120131953019032620714
0000188213081120132034020039123345
0000188223081120132047012425122747
0000188233091120130622012669459589
0000188243091120130642013092165623
0000188253091120130642016858183737
0000188263091120130646012339029866
0000188273091120130650012874710565
0000188283091120130651013401856544
0000188293091120130651013029222623
0000188303091120130652012631701560
0000188313091120130652012288594359
0000188323091120130652020772682202
0000188333091120130652013373887606
0000188343091120130652012623253546
0000188353091120130657012231550387
0000188363091120130657013357590580
0000188373091120130700019043666206
0000188383091120130700020952304702
0000188393091120130700013084099625
0000188403091120130701012993986548
0000188413091120130701013346754544
0000188423091120130703011003117915
0000188433091120130703013291902601
0000188443091120130703012758032564
0000188453091120130703012961225584
0000188463091120130704020466240621
0000188473091120130704012420191392
0000188483091120130705010806432478
0000188493091120130706010317389669
0000188503091120130708011683118841
0000188513091120130709017018588144
0000188523091120130709010888024522
0000188533091120130710015791665273
0000188543091120130710012044963525
0000188553091120130711019026624789
0000188563091120130711016142646632
0000188573091120130714013338341546
0000188583091120130714012661269543
0000188593091120130714012661269543
0000188603091120130715019036783529
0000188613091120130716011960956730
0000188623091120130716010802122423
0000188633091120130716021276398621
0000188643091120130717016896299712
0000188653091120130718010869668991
0000188663091120130718012050966557
0000188673091120130718012050966557
0000188683091120130718013017729256
0000188693091120130719012247648861
0000188703091120130720012553505738
0000188713091120130722012405471797
0000188723091120130725012947609605
0000188733091120130725012757482566
0000188743091120130725012685349563
0000188753091120130733013197083562
0000188763091120130733013212714629
0000188773091120130745012873083621
0000188783091120130800012456807261
0000188793091120130804012339367125
0000188803091120130804019040413080
0000188813091120130806020039123345
0000188823091120130806020754725094
0000188833091120130836013283327563
0000188843091120130837012524771913
0000188853091120131608013017729256
0000188863091120131608011683118841
0000188873091120131832013092165623
0000188883091120131844012623253546
0000188893091120131851019038956404
0000188903091120131852013401856544
0000188913091120131853012288594359
0000188923091120131854012020036845
0000188933091120131859019032620714
0000188943091120131902013373887606
0000188953091120131905012454218331
0000188963091120131907012524710469
0000188973091120131908012936845604
0000188983091120131910013283327563
0000188993091120131912013017729256
0000189003091120131919013004611774
0000189013091120131920013539291899
0000189023091120131922013346754544
0000189033091120131922021276398621
0000189043091120131937010655549258
0000189053091120131943020701744833
0000189063091120131951013149314568
0000189073091120132136012524771913
0000189083091120132136012524771913
0000189093101120130615020039123345
0000189103101120130629012247648861
0000189113101120130643013140229819
0000189123101120130647012993986548
0000189133101120130647012803294585
0000189143101120130648012803294585
0000189153101120130649012413560914
0000189163101120130653012874710565
0000189173101120130653010888024522
0000189183101120130655013005905585
0000189193101120130656019032620714
0000189203101120130657013046039548
0000189213101120130658012631701560
0000189223101120130658012895683621
0000189233101120130700012669459589
0000189243101120130700012732960545
0000189253101120130700016208144206
0000189263101120130701012933889589
0000189273101120130701012380368696
0000189283101120130701012933889589
0000189293101120130702010835704782
0000189303101120130702012553505738
0000189313101120130703013038415587
0000189323101120130706012623253546
0000189333101120130708012936845604
0000189343101120130709013084099625
0000189353101120130710012420191392
0000189363101120130713012758032564
0000189373101120130713013004611774
0000189383101120130713012500104593
0000189393101120130713013004611774
0000189403101120130714012405471797
0000189413101120130714013149314568
0000189423101120130714012217205015
0000189433101120130714013399820622
0000189443101120130715016858183737
0000189453101120130715016376534318
0000189463101120130715017052988427
0000189473101120130715019041967640
0000189483101120130716010869668991
0000189493101120130716012050966557
0000189503101120130717012454218331
0000189513101120130717020772682202
0000189523101120130717013029222623
0000189533101120130717012524710469
0000189543101120130717012020036845
0000189553101120130719020771573531
0000189563101120130720010806432478
0000189573101120130721012231550387
0000189583101120130723020466240621
0000189593101120130724012339029866
0000189603101120130724012947609605
0000189613101120130727020701744833
0000189623101120130728013164628640
0000189633101120130730020754725094
0000189643101120130732019026624789
0000189653101120130732018054860639
0000189663101120130740011003117915
0000189673101120130840011992128116
0000189683101120130841011941618680
0000189693101120131352016208144206
0000189703101120131557013212714629
0000189713101120131725012339029866
0000189723101120131840015771897276
0000189733101120131842013046039548
0000189743101120131843013046039548
0000189753101120131844016142646632
0000189763101120131846013338341546
0000189773101120131849013017729256
0000189783101120131851019038956404
0000189793101120131852019034961365
0000189803101120131853012044963525
0000189813101120131856013004611774
0000189823101120131857013291902601
0000189833101120131858020771573531
0000189843101120131858012933889589
0000189853101120131858012020036845
0000189863101120131902012803294585
0000189873101120131904012430741220
0000189883101120131904012430741220
0000189893101120131904012413560914
0000189903101120131905011992128116
0000189913101120131912012247648861
0000189923101120131943010655549258
0000189933111120130601020039123345
0000189943111120130620015771897276
0000189953111120130633013326968603
0000189963111120130634012118526735
0000189973111120130639013026939608
0000189983111120130641016878309477
0000189993111120130645013092165623
0000190003111120130648012895683621
0000190013111120130648010655549258
0000190023111120130651013390734545
0000190033111120130651012288594359
0000190043111120130651012818433543
0000190053111120130652017052988427
0000190063111120130652011944622610
0000190073111120130652010835704782
0000190083111120130654012961225584
0000190093111120130654013373887606
0000190103111120130655013401856544
0000190113111120130655013338341546
0000190123111120130656011683118841
0000190133111120130658012430741220
0000190143111120130659017038951392
0000190153111120130700011654678877
0000190163111120130701012044963525
0000190173111120130702010828829354
0000190183111120130702013291902601
0000190193111120130702016376534318
0000190203111120130702016142646632
0000190213111120130702013374125602
0000190223111120130702018054860639
0000190233111120130703012380368696
0000190243111120130703013076381589
0000190253111120130703012794272626
0000190263111120130704011981248743
0000190273111120130704016492265719
0000190283111120130704010888024522
0000190293111120130708013212714629
0000190303111120130708012858334589
0000190313111120130710013005905585
0000190323111120130711013046039548
0000190333111120130712013140229819
0000190343111120130713013539291899
0000190353111120130714013017729256
0000190363111120130715013352140587
0000190373111120130718013402196564
0000190383111120130722021276398621
0000190393111120130724013357590580
0000190403111120130725013399820622
0000190413111120130727011941618680
0000190423111120130728012812312604
0000190433111120130729013164628640
0000190443111120130730019041967640
0000190453111120130730012732960545
0000190463111120130731012732960545
0000190473111120130733012947609605
0000190483111120130736012217205015
0000190493111120130736012500104593
0000190503111120130736019034961365
0000190513111120130738012339029866
0000190523111120130741020934729829
0000190533111120130754019038266807
0000190543111120130803013302922549
0000190553111120130805011003117915
0000190563111120130808012420468106
0000190573111120130808012420468106
0000190583111120130809013006314629
0000190593111120130827020743777446
0000190603111120130830012785451602
0000190613111120130838019036783529
0000190623111120130905013052182624
0000190633111120130950012859880625
0000190643111120131007012380529975
0000190653111120131213012693191582
0000190663111120131355020743777446
0000190673111120131704013006314629
0000190683111120131718012785451602
0000190693111120131756012859880625
0000190703111120131834013390734545
0000190713111120131847012020036845
0000190723111120131850012728405605
0000190733111120131852013092165623
0000190743111120131852013401856544
0000190753111120131852012420468106
0000190763111120131853012420468106
0000190773111120131855013374125602
0000190783111120131855019029489475
0000190793111120131857019036783529
0000190803111120131858021276398621
0000190813111120131859013373887606
0000190823111120131901013149314568
0000190833111120131902012693191582
0000190843111120131902013076381589
0000190853111120131903019038266807
0000190863111120131903012524710469
0000190873111120131903012936845604
0000190883111120131907010828829354
0000190893111120131907019007017139
0000190903111120131907016603477395
0000190913111120131910019043666206
0000190923111120131911012454218331
0000190933111120131914012288594359
0000190943111120131915011683118841
0000190953111120131919013539291899
0000190963111120131921019034961365
0000190973111120131927012478699550
0000190983111120131934013302922549
0000190993111120131943013052182624
0000191003121120130626012927233588
0000191013121120130627010527433389
0000191023121120130634013026939608
0000191033121120130636017061378415
0000191043121120130639012837622585
0000191053121120130640012118526735
0000191063121120130643013357590580
0000191073121120130644012050966557
0000191083121120130645013326968603
0000191093121120130645019043666206
0000191103121120130647012217098308
0000191113121120130647013038415587
0000191123121120130649010852446559
0000191133121120130650011654678877
0000191143121120130650012892596582
0000191153121120130650012533475302
0000191163121120130651011981248743
0000191173121120130652019034961365
0000191183121120130652012818433543
0000191193121120130654012803294585
0000191203121120130654012413560914
0000191213121120130656019037005449
0000191223121120130657016878309477
0000191233121120130658013382154586
0000191243121120130700013122293586
0000191253121120130700012252619335
0000191263121120130701012478699550
0000191273121120130702017038951392
0000191283121120130703013352140587
0000191293121120130704012936845604
0000191303121120130704016603477395
0000191313121120130707012933889589
0000191323121120130707020771573531
0000191333121120130708012524710469
0000191343121120130709012858334589
0000191353121120130709013012687547
0000191363121120130711017052989172
0000191373121120130712016208356130
0000191383121120130712019032620714
0000191393121120130713019007017139
0000191403121120130713019007017139
0000191413121120130713016448703463
0000191423121120130713011944622610
0000191433121120130714012020036845
0000191443121120130718019029489475
0000191453121120130720017018588144
0000191463121120130721012639420587
0000191473121120130723013402196564
0000191483121120130724012454218331
0000191493121120130724011688548208
0000191503121120130725012794272626
0000191513121120130729010721813515
0000191523121120130731016492265719
0000191533121120130754012288806798
0000191543121120130759012812312604
0000191553121120130814013006314629
0000191563121120130820012328105922
0000191573121120130822020934729829
0000191583121120130843012785451602
0000191593121120130853012859880625
0000191603121120130854012693191582
0000191613121120130907020743777446
0000191623121120130922019023980118
0000191633121120131242012883520560
0000191643121120131314012961225584
0000191653121120131705013006314629
0000191663121120131712012859880625
0000191673121120131715012785451602
0000191683121120131742020743777446
0000191693121120131848016142646632
0000191703121120131850012623253546
0000191713121120131850010852446559
0000191723121120131851010852446559
0000191733121120131852012050966557
0000191743121120131854013338341546
0000191753121120131854013017729256
0000191763121120131855013291902601
0000191773121120131855013212714629
0000191783121120131857012693191582
0000191793121120131900012933889589
0000191803121120131900013038415587
0000191813121120131900019032620714
0000191823121120131900012252619335
0000191833121120131903012803294585
0000191843121120131903020771573531
0000191853121120131903012413560914
0000191863121120131909012044963525
0000191873121120131915012639420587
0000191883121120131921014674478274
0000191893121120131951019038956404
0000191903121120131955013380966583
0000191913121120132008012328105922
0000191923121120132008012328105922
0000191933131120130630017061378415
0000191943131120130634013346296589
0000191953131120130645013065699604
0000191963131120130646013092165623
0000191973131120130649012288594359
0000191983131120130651013305497547
0000191993131120130655013401856544
0000192003131120130655012712212608
0000192013131120130657019039881556
0000192023131120130658019007017139
0000192033131120130659013076381589
0000192043131120130659013374125602
0000192053131120130659012339082694
0000192063131120130700013382154586
0000192073131120130701011683118841
0000192083131120130701010721813515
0000192093131120130701012892596582
0000192103131120130702019037005449
0000192113131120130702013373887606
0000192123131120130702013017729256
0000192133131120130703011978389269
0000192143131120130703012231550387
0000192153131120130703013347106627
0000192163131120130704016448703463
0000192173131120130704013291902601
0000192183131120130704016142646632
0000192193131120130704013392216606
0000192203131120130705013380966583
0000192213131120130706012217098308
0000192223131120130706012296236172
0000192233131120130707012296236172
0000192243131120130709012122582660
0000192253131120130709016208356130
0000192263131120130709013212714629
0000192273131120130710012044963525
0000192283131120130710020658868602
0000192293131120130711013338341546
0000192303131120130711012207928529
0000192313131120130711012288806798
0000192323131120130711013012687547
0000192333131120130712012883520560
0000192343131120130712012623253546
0000192353131120130713017052989172
0000192363131120130715012837622585
0000192373131120130716017018588144
0000192383131120130718010527433389
0000192393131120130718012927233588
0000192403131120130718011961954197
0000192413131120130719014674478274
0000192423131120130722020466240621
0000192433131120130722013539291899
0000192443131120130722012339608424
0000192453131120130723011688548208
0000192463131120130724012289002323
0000192473131120130726012533475302
0000192483131120130727021276398621
0000192493131120130727011992128116
0000192503131120130728020469791483
0000192513131120130730019023980118
0000192523131120130731013122293586
0000192533131120130751012680592583
0000192543131120130809010527926512
0000192553131120130811013006314629
0000192563131120130827012380529975
0000192573131120130836020743777446
0000192583131120130841012785451602
0000192593131120130847012859880625
0000192603131120130926012524771913
0000192613131120131606012785451602
0000192623131120131706013006314629
0000192633131120131717020743777446
0000192643131120131737012380529975
0000192653131120131738012859880625
0000192663131120131841013539291899
0000192673131120131843012020036845
0000192683131120131844012728405605
0000192693131120131846012936845604
0000192703131120131847011683118841
0000192713131120131848013076381589
0000192723131120131848020701744833
0000192733131120131848013374125602
0000192743131120131848013092165623
0000192753131120131853012288594359
0000192763131120131857013401856544
0000192773131120131859012454218331
0000192783131120131901012524710469
0000192793131120131902011961954197
0000192803131120131909016603477395
0000192813131120131912021276398621
0000192823131120131917019029489475
0000192833131120131917020658868602
0000192843131120131917011992128116
0000192853131120131929012524771913
0000192863131120131939013149314568
0000192873131120131948019023980118
0000192883141120130624012247648861
0000192893141120130625010888024522
0000192903141120130630016603477395
0000192913141120130632012207928529
0000192923141120130639012447688387
0000192933141120130640013392216606
0000192943141120130646012936845604
0000192953141120130646013402197560
0000192963141120130646012222310859
0000192973141120130648010852446559
0000192983141120130651012933889589
0000192993141120130652012413560914
0000193003141120130653012803294585
0000193013141120130655013046039548
0000193023141120130655013399818628
0000193033141120130656012757482566
0000193043141120130656019029489475
0000193053141120130657016896299712
0000193063141120130700013065699604
0000193073141120130700012425122747
0000193083141120130700012339367125
0000193093141120130700011978389269
0000193103141120130700013347106627
0000193113141120130700013384922602
0000193123141120130700019039881556
0000193133141120130702013305497547
0000193143141120130703012283093173
0000193153141120130704012252619335
0000193163141120130704020771573531
0000193173141120130704013038415587
0000193183141120130704012728405605
0000193193141120130705012524710469
0000193203141120130707012456807261
0000193213141120130709012993986548
0000193223141120130709019023980118
0000193233141120130709012339082694
0000193243141120130709012712212608
0000193253141120130712012122582660
0000193263141120130713013149314568
0000193273141120130713020701744833
0000193283141120130713019040413080
0000193293141120130714012296236172
0000193303141120130714012231550387
0000193313141120130714012020036845
0000193323141120130715013346296589
0000193333141120130715011960956730
0000193343141120130716012454218331
0000193353141120130717012339608424
0000193363141120130718013197083562
0000193373141120130720012680592583
0000193383141120130722020469791483
0000193393141120130731010802122423
0000193403141120130733019032620714
0000193413141120130736010527926512
0000193423141120130736020658868602
0000193433141120130739029357346210
0000193443141120130740020466240621
0000193453141120130742012524771913
0000193463141120130750019038266807
0000193473141120130750013224770588
0000193483141120130805019042161348
0000193493141120130815013006314629
0000193503141120130838020743777446
0000193513141120130847012785451602
