0000143303300920131026013052182624
0000143313300920131656013006314629
0000143323300920131731012785451602
0000143333300920131735012380529975
0000143343300920131755012859880625
0000143353300920131759020743777446
0000143363300920131843012500104593
0000143373300920131845012728405605
0000143383300920131845012020036845
0000143393300920131850013092165623
0000143403300920131852012420468106
0000143413300920131853011683118841
0000143423300920131853013401856544
0000143433300920131855019034961365
0000143443300920131858013149314568
0000143453300920131859012936845604
0000143463300920131859012454218331
0000143473300920131900012288594359
0000143483300920131901013352140587
0000143493300920131901019029489475
0000143503300920131906013798509491
0000143513300920131908013374125602
0000143523300920131910019043666206
0000143533300920131911021276398621
0000143543300920131911013052182624
0000143553300920131912013357590580
0000143563300920131913020701744833
0000143573300920131913013302922549
0000143583300920131918012693191582
0000143593300920131931013539291899
0000143603011020130628013326968603
0000143613011020130630013026939608
0000143623011020130638012413560914
0000143633011020130639013046039548
0000143643011020130639012803294585
0000143653011020130639012818433543
0000143663011020130639019007017139
0000143673011020130641013038415587
0000143683011020130641012217098308
0000143693011020130642012533475302
0000143703011020130645012289002323
0000143713011020130646010852446559
0000143723011020130646012892596582
0000143733011020130647016208356130
0000143743011020130647012961225584
0000143753011020130647013402196564
0000143763011020130649010527433389
0000143773011020130651012837622585
0000143783011020130652019034961365
0000143793011020130652017052989172
0000143803011020130653019043666206
0000143813011020130658012936845604
0000143823011020130658012478699550
0000143833011020130658012883520560
0000143843011020130659013076381589
0000143853011020130659017018588144
0000143863011020130700012118526735
0000143873011020130700013798509491
0000143883011020130700019029489475
0000143893011020130700012454218331
0000143903011020130700019012055809
0000143913011020130700019037005449
0000143923011020130701012858334589
0000143933011020130702012794272626
0000143943011020130705013012687547
0000143953011020130706012524710469
0000143963011020130706017061378415
0000143973011020130707012947609605
0000143983011020130708020743777446
0000143993011020130710013004611774
0000144003011020130710012020036845
0000144013011020130711012288806798
0000144023011020130711016448703463
0000144033011020130712011944622610
0000144043011020130712016878309477
0000144053011020130713010721813515
0000144063011020130714011981248743
0000144073011020130714016492265719
0000144083011020130717011654678877
0000144093011020130717013149314568
0000144103011020130719010962863294
0000144113011020130719012728405605
0000144123011020130721012639420587
0000144133011020130721012500104593
0000144143011020130722012812312604
0000144153011020130724020701744833
0000144163011020130744013248782608
0000144173011020130745020934729829
0000144183011020130807013006314629
0000144193011020130812013357590580
0000144203011020130816019032620714
0000144213011020130817012859880625
0000144223011020130821012988225607
0000144233011020130828012785451602
0000144243011020130842012328105922
0000144253011020130907012380529975
0000144263011020130914019023980118
0000144273011020131708013006314629
0000144283011020131714012785451602
0000144293011020131745020743777446
0000144303011020131828012623253546
0000144313011020131836013212714629
0000144323011020131850013017729256
0000144333011020131851010852446559
0000144343011020131852016142646632
0000144353011020131852012044963525
0000144363011020131853013248782608
0000144373011020131853013038415587
0000144383011020131855013291902601
0000144393011020131856013357590580
0000144403011020131857019038956404
0000144413011020131901013046039548
0000144423011020131901012328105922
0000144433011020131901010962863294
0000144443011020131903012988225607
0000144453011020131904012803294585
0000144463011020131904012413560914
0000144473011020131905013004611774
0000144483011020131906012639420587
0000144493011020131907012927233588
0000144503011020131908014674478274
0000144513011020131913013380966583
0000144523011020131917019032620714
0000144533011020131956012859880625
0000144543011020131956012380529975
0000144553021020130601014674478274
0000144563021020130634013305497547
0000144573021020130636013092165623
0000144583021020130641013065699604
0000144593021020130643012712212608
0000144603021020130646013390734545
0000144613021020130647013401856544
0000144623021020130647021276398621
0000144633021020130647020469791483
0000144643021020130649013539291899
0000144653021020130650011683118841
0000144663021020130652019039881556
0000144673021020130653012288594359
0000144683021020130655012837622585
0000144693021020130655012231550387
0000144703021020130655012288806798
0000144713021020130657017061378415
0000144723021020130658012680592583
0000144733021020130659013389117562
0000144743021020130700013347106627
0000144753021020130700019037005449
0000144763021020130700012892596582
0000144773021020130700012044963525
0000144783021020130701012122582660
0000144793021020130702012947609605
0000144803021020130702019023980118
0000144813021020130702012623253546
0000144823021020130702016208356130
0000144833021020130703010527433389
0000144843021020130703013291902601
0000144853021020130704017052989172
0000144863021020130704012533475302
0000144873021020130704013374125602
0000144883021020130704011978389269
0000144893021020130705016142646632
0000144903021020130705012927233588
0000144913021020130706019038956404
0000144923021020130707017038951392
0000144933021020130707016448703463
0000144943021020130707012296236172
0000144953021020130708013017729256
0000144963021020130708013012687547
0000144973021020130708012339082694
0000144983021020130711019012055809
0000144993021020130711020466240621
0000145003021020130712019007017139
0000145013021020130713012478699550
0000145023021020130713013380966583
0000145033021020130714013338154541
0000145043021020130714012339608424
0000145053021020130715012217098308
0000145063021020130717010721813515
0000145073021020130719013212714629
0000145083021020130731012289002323
0000145093021020130732012207928529
0000145103021020130741010527926512
0000145113021020130745011992128116
0000145123021020130758017018588144
0000145133021020130803012524771913
0000145143021020130807013006314629
0000145153021020130830020743777446
0000145163021020130835012859880625
0000145173021020130902012785451602
0000145183021020130904012380529975
0000147343021020131656013006314629
0000147353021020131702012859880625
0000149543021020131715012380529975
0000149553021020131740020743777446
0000149563021020131843013149314568
0000149573021020131845012728405605
0000149583021020131848012961225584
0000149593021020131851013092165623
0000149603021020131853012020036845
0000149613021020131853013338154541
0000149623021020131854011683118841
0000149633021020131854013401856544
0000149643021020131854021276398621
0000149653021020131855012288594359
0000149663021020131857012524710469
0000149673021020131857016603477395
0000149683021020131858013389117562
0000149693021020131858020952304702
0000149703021020131859012883520560
0000149713021020131859012936845604
0000149723021020131900011992128116
0000149733021020131903013374125602
0000149743021020131903019029489475
0000149753021020131904013539291899
0000149763021020131904012454218331
0000149773021020131909012524771913
0000149783021020131912013380966583
0000149793021020131921012478699550
0000149803021020131948019023980118
0000149813031020130622012247648861
0000149823031020130627010888024522
0000149833031020130629012961225584
0000149843031020130630012207928529
0000149853031020130634012961225584
0000149863031020130634013046039548
0000149873031020130634013399818628
0000149883031020130636013038415587
0000149893031020130638016603477395
0000149903031020130644010852446559
0000149913031020130646012803294585
0000149923031020130646012413560914
0000149933031020130646012447688387
0000149943031020130652012222310859
0000149953031020130652013373887606
0000149963031020130653012993986548
0000149973031020130653013065699604
0000149983031020130653012425122747
0000149993031020130654012728405605
0000150003031020130655019029489475
0000150013031020130656013390734545
0000150023031020130657013384922602
0000150033031020130658012205010834
0000150043031020130659012936845604
0000150053031020130700013305497547
0000150063031020130700017038951392
0000150073031020130700012712212608
0000150083031020130700016896299712
0000150093031020130700013197083562
0000150103031020130701012524710469
0000150113031020130701012456807261
0000150123031020130701012020036845
0000150133031020130702019040413080
0000150143031020130702012339367125
0000150153031020130702020469791483
0000150163031020130702012454218331
0000150173031020130703029357346210
0000150183031020130703020952304702
0000150193031020130704012947609605
0000150203031020130704012283093173
0000150213031020130704012988225607
0000150223031020130705013248782608
0000150233031020130706012339082694
0000150243031020130706019039881556
0000150253031020130709012122582660
0000150263031020130712013149314568
0000150273031020130712012231550387
0000150283031020130714010527926512
0000150293031020130718020466240621
0000150303031020130720012639420587
0000150313031020130721010802122423
0000150323031020130723012339608424
0000150333031020130726012296236172
0000150343031020130730019023980118
0000150353031020130739019038266807
0000150363031020130742013347106627
0000150373031020130751013380966583
0000150383031020130757013224770588
0000150393031020130757013006314629
0000150403031020130810019032620714
0000150413031020130822012524771913
0000150423031020130829020743777446
0000150433031020130838012785451602
0000150443031020130852012859880625
0000150453031020131446011978389269
0000150463031020131658013006314629
0000150473031020131715012785451602
0000150483031020131719012859880625
0000150493031020131719020743777446
0000150503031020131833012623253546
0000150513031020131835013402197560
0000150523031020131835012961225584
0000150533031020131846016142646632
0000150543031020131849013224770588
0000150553031020131850010852446559
0000150563031020131852013291902601
0000150573031020131854019046485105
0000150583031020131855013038415587
0000150593031020131901012044963525
0000150603031020131901012413560914
0000150613031020131902013212714629
0000150623031020131905012988225607
0000150633031020131905013248782608
0000150643031020131906013046039548
0000150653031020131913012639420587
0000150663031020131913019038266807
0000150673031020131914013017729256
0000150683031020131916012803294585
0000150693031020131923012665679584
0000150703031020131924019032620714
0000150713031020131924019040413080
0000150723031020131924020466240621
0000150733041020130504012665679584
0000150743041020130621012669459589
0000150753041020130628013384922602
0000150763041020130631012050966557
0000150773041020130632013399818628
0000150783041020130632010888024522
0000150793041020130637012205010834
0000150803041020130643011683118841
0000150813041020130643020772682202
0000150823041020130646012874710565
0000150833041020130648013092165623
0000150843041020130653012288594359
0000150853041020130653012661269543
0000150863041020130653013357590580
0000150873041020130654012339367125
0000150883041020130654012631701560
0000150893041020130655013029222623
0000150903041020130655012420191392
0000150913041020130656010838900388
0000150923041020130656013004611774
0000150933041020130656015791665273
0000150943041020130658012222310859
0000150953041020130659012553505738
0000150963041020130701013291902601
0000150973041020130701012685349563
0000150983041020130701012623253546
0000150993041020130702016142646632
0000151003041020130702012247648861
0000151013041020130702029357346210
0000151023041020130703020466240621
0000151033041020130703020466240621
0000151043041020130706012993986548
0000151053041020130708012044963525
0000151063041020130708013373887606
0000151073041020130710020952304702
0000151083041020130710012873083621
0000151093041020130711012947609605
0000151103041020130711016896299712
0000151113041020130712021276398621
0000151123041020130713013212714629
0000151133041020130715012283093173
0000151143041020130715013402197560
0000151153041020130717012405471797
0000151163041020130718010806432478
0000151173041020130719013197083562
0000151183041020130720012524771913
0000151193041020130720012425122747
0000151203041020130721012447688387
0000151213041020130729010655549258
0000151223041020130732013539291899
0000151233041020130734012456807261
0000151243041020130738013084099625
0000151253041020130752013017729256
0000151263041020130810010802122423
0000151273041020130833010869668991
0000151283041020130852012380529975
0000151293041020130852012785451602
0000151303041020130934013006314629
0000151333041020130938016858183737
0000151343041020131705013006314629
0000151383041020131724012785451602
0000151393041020131757020743777446
0000151403041020131810012380529975
0000151413041020131827012859880625
0000151423041020131832010317389669
0000151433041020131842013149314568
0000151443041020131846012728405605
0000151453041020131848012020036845
0000151463041020131849012288594359
0000151473041020131852013373887606
0000151483041020131853013092165623
0000151493041020131854013401856544
0000151503041020131855019043666206
0000151513041020131857013357590580
0000151523041020131900013539291899
0000151533041020131903012936845604
0000151543041020131903010655549258
0000151553041020131903011683118841
0000151563041020131903012454218331
0000151573041020131904012524710469
0000151583041020131921017018588144
0000151593041020131927013004611774
0000151603041020131928019040413080
0000151613041020131928020466240621
0000151623041020131941012927233588
0000151633051020130634012380368696
0000151643051020130639010888024522
0000151653051020130643010869668991
0000151663051020130643012803294585
0000151673051020130644012413560914
0000151683051020130645012669459589
0000151693051020130645012874710565
0000151703051020130645013122293586
0000151713051020130649019043666206
0000151723051020130650012732960545
0000151733051020130650020952304702
0000151743051020130651016122910130
0000151753051020130653012757482566
0000151763051020130654012430741220
0000151773051020130655012217205015
0000151783051020130655010835704782
0000151793051020130655019041967640
0000151803051020130655017052988427
0000151813051020130655012873083621
0000151823051020130655013046039548
0000151833051020130656020772682202
0000151843051020130656013164628640
0000151853051020130656016376534318
0000151863051020130657012936845604
0000151873051020130658012339082694
0000151883051020130658015791665273
0000151893051020130700012631701560
0000151903051020130700013084099625
0000151913051020130700012895683621
0000151923051020130703012927233588
0000151933051020130703012524710469
0000151943051020130704013346754544
0000151953051020130704012454218331
0000151963051020130704012728405605
0000151973051020130705012553505738
0000151983051020130708019026624789
0000151993051020130708010317389669
0000152003051020130709012420191392
0000152013051020130711012993986548
0000152023051020130711010838900388
0000152033051020130711012661269543
0000152063051020130714013140229819
0000152073051020130717012685349563
0000152083051020130717013149314568
0000152093051020130717012500104593
0000152103051020130718010806432478
0000152113051020130718019040413080
0000152123051020130720013029222623
0000152133051020130721013399820622
0000152143051020130721012405471797
0000152153051020130721012050966557
0000152163051020130724012020036845
0000152173051020130724016858183737
0000152183051020130728013389117562
0000152193051020130734013798509491
0000152203051020130734020754725094
0000152213051020130737017018588144
0000152223051020130743013248782608
0000152233051020130806013038415587
0000152243051020130831012524771913
0000152253051020130839013283327563
0000152263051020130855012988225607
0000152273051020131100020743777446
0000152283051020131147012859880625
0000152293051020131707020743777446
0000152303051020131749012859880625
0000152313051020131828013402197560
0000152323051020131836012623253546
0000152333051020131842013291902601
0000152343051020131842016142646632
0000152353051020131850012044963525
0000152363051020131852013038415587
0000152373051020131852013164628640
0000152383051020131857013017729256
0000152393051020131900012413560914
0000152403051020131901013046039548
0000152413051020131901012803294585
0000152423051020131901013248782608
0000152433051020131905013283327563
0000152443051020131905013798509491
0000152453051020131906019038956404
0000152463051020131919010655549258
0000152473051020131921013212714629
0000152483051020131929013634667248
0000152493051020131951013357590580
0000152503051020131958012524771913
0000152513061020130616016122910130
0000152523061020130623013326968603
0000152533061020130631013026939608
0000152543061020130632012794272626
0000152553061020130639010888024522
0000152563061020130639012961225584
0000152573061020130642013122293586
0000152583061020130643012895683621
0000152593061020130646012380368696
0000152603061020130648016878309477
0000152613061020130648012288594359
0000152623061020130649013390734545
0000152633061020130650010828829354
0000152643061020130651012420191392
0000152653061020130655013401856544
0000152663061020130655013374125602
0000152673061020130655013092165623
0000152683061020130655013373887606
0000152693061020130655017052988427
0000152703061020130656013291902601
0000152713061020130657019041967640
0000152723061020130657020039123345
0000152733061020130658020934729829
0000152743061020130658011683118841
0000152753061020130659013005905585
0000152763061020130659010835704782
0000152773061020130659012758032564
0000152783061020130701013212714629
0000152793061020130701013212714629
0000152803061020130702012858334589
0000152813061020130702012217205015
0000152823061020130702016142646632
0000152833061020130703012500104593
0000152843061020130704012812312604
0000152853061020130704013402197560
0000152863061020130704016376534318
0000152873061020130705012044963525
0000152883061020130705013352140587
0000152893061020130705012430741220
0000152903061020130706016492265719
0000152913061020130706013140229819
0000152923061020130707013399820622
0000152933061020130708019026624789
0000152943061020130708012623253546
0000152953061020130709013076381589
0000152963061020130709013389117562
0000152973061020130709013346754544
0000152983061020130710012732960545
0000152993061020130713013017729256
0000153003061020130714012757482566
0000153013061020130715012993986548
0000153023061020130720013248782608
0000153033061020130724010655549258
0000153043061020130735012970390126
0000153053061020130735011992128116
0000153063061020130735011941618680
0000153073061020130752013340293545
0000153103061020130801018054860639
0000153113061020131842012020036845
0000153123061020131845012728405605
0000153133061020131845013092165623
0000153143061020131850012961225584
0000153153061020131851012288594359
0000153163061020131852019038956404
0000153173061020131854013374125602
0000153183061020131854019029489475
0000153193061020131854013401856544
0000153203061020131855012524710469
0000153213061020131855012454218331
0000153223061020131856019034961365
0000153233061020131857011683118841
0000153243061020131859013248782608
0000153253061020131901013402197560
0000153263061020131902011992128116
0000153273061020131905020701744833
0000153283061020131906012936845604
0000153293061020131907013149314568
0000153303061020131913013212714629
0000153313061020131922010655549258
0000153323061020131940015771897276
0000153333071020130600018054860639
0000153343071020130609015771897276
0000153353071020130630013026939608
0000153363071020130636012217098308
0000153373071020130638012803294585
0000153383071020130638012413560914
0000153393071020130639013046039548
0000153403071020130640013382154586
0000153413071020130644012818433543
0000153423071020130644012533475302
0000153433071020130644013038415587
0000153443071020130647019007017139
0000153453071020130650012289002323
0000153463071020130650010527433389
0000153473071020130650012837622585
0000153483071020130651020039123345
0000153493071020130652010828829354
0000153503071020130654012794272626
0000153513071020130655012524710469
0000153523071020130657016878309477
0000153533071020130657011944622610
0000153543071020130658013005905585
0000153553071020130659012288806798
0000153563071020130700020934729829
0000153573071020130702013390734545
0000153583071020130703016492265719
0000153593071020130704013352140587
0000153603071020130704012728405605
0000153613071020130704012758032564
0000153623071020130705011981248743
0000153633071020130706012936845604
0000153643071020130707012420191392
0000153653071020130707017052989172
0000153663071020130707016448703463
0000153673071020130708010721813515
0000153683071020130709020701744833
0000153693071020130709012020036845
0000153703071020130709012454218331
0000153713071020130710013402196564
0000153723071020130711012970390126
0000153733071020130711011941618680
0000153743071020130711013076381589
0000153753071020130713016208356130
0000153763071020130714012858334589
0000153773071020130715013149314568
0000153783071020130716012812312604
0000153793071020130722013004611774
0000153803071020130722019029489475
0000153813071020130725013248782608
0000153823071020130733013357590580
0000153833071020130733019034961365
0000153843071020130735010655549258
0000153853071020130752013402197560
0000153863071020130752017061378415
0000153873071020130754013302922549
0000153883071020130804013006314629
0000153893071020130823012380529975
0000153903071020130848012693191582
0000153913071020130851012859880625
0000153923071020131106013052182624
0000153933071020131158012883520560
0000153943071020131701013006314629
0000153953071020131720012859880625
0000153963071020131725020743777446
0000153973071020131802012380529975
0000153983071020131836012623253546
0000153993071020131836012947609605
0000154003071020131848016142646632
0000154013071020131854012044963525
0000154023071020131855013291902601
0000154033071020131855013382154586
0000154043071020131856013038415587
0000154053071020131858013046039548
0000154063071020131900013248782608
0000154073071020131901012693191582
0000154083071020131901013017729256
0000154093071020131903019043666206
0000154103071020131903013798509491
0000154113071020131903011941618680
0000154123071020131904012413560914
0000154133071020131906013357590580
0000154143071020131906013052182624
0000154153071020131907012803294585
0000154163071020131916019034961365
0000154173071020131916013302922549
0000154183071020131917013212714629
0000154193071020131924012927233588
0000154203071020131943013340293545
0000154213071020132239013004611774
0000154223081020130630019034961365
0000154233081020130630012892596582
0000154243081020130634013065699604
0000154253081020130634013092165623
0000154263081020130640013392216606
0000154273081020130642011683118841
0000154283081020130645012818433543
0000154293081020130646013346296589
0000154303081020130649010852446559
0000154313081020130650019043666206
0000154323081020130650012288594359
0000154333081020130651012947609605
0000154343081020130651012420191392
0000154353081020130652013373887606
0000154363081020130653013401856544
0000154373081020130654019037005449
0000154383081020130655012837622585
0000154393081020130655013374125602
0000154403081020130655020469791483
0000154413081020130657019039881556
0000154423081020130657021276398621
0000154433081020130658019007017139
0000154443081020130658011941618680
0000154453081020130659016142646632
0000154463081020130659013291902601
0000154473081020130659017061378415
0000154483081020130659013798509491
0000154493081020130700012288806798
0000154503081020130700013212714629
0000154513081020130703016448703463
0000154523081020130703017052989172
0000154533081020130704012339082694
0000154543081020130705016208356130
0000154553081020130705012927233588
0000154563081020130705012044963525
0000154573081020130705012217098308
0000154583081020130706017018588144
0000154593081020130706013012687547
0000154603081020130706013017729256
0000154613081020130707019012055809
0000154623081020130707012207928529
0000154633081020130708012296236172
0000154643081020130710010721813515
0000154653081020130713016603477395
0000154663081020130713012339608424
0000154673081020130714012639420587
0000154683081020130715012883520560
0000154693081020130715012680592583
0000154703081020130717011981248743
0000154713081020130719012289002323
0000154723081020130720010527433389
0000154733081020130724012478699550
0000154743081020130728010962863294
0000154753081020130729013539291899
0000154763081020130735013402196564
0000154773081020130740012533475302
0000154783081020130743019032620714
0000154793081020130758011944622610
0000154803081020130805013340293545
0000154813081020130808013006314629
0000154823081020130814010527926512
0000154833081020130830013357590580
0000154843081020130840020743777446
0000154853081020130844012328105922
0000154863081020130852019023980118
0000154873081020130934012859880625
0000154883081020130949012380529975
0000154893081020131653013006314629
0000154903081020131710020743777446
0000154913081020131749012380529975
0000154923081020131825020701744833
0000154933081020131844013076381589
0000154943081020131844012728405605
0000154953081020131847012020036845
0000154963081020131849013092165623
0000154973081020131849012288594359
0000154983081020131851013539291899
0000154993081020131853011683118841
0000155003081020131854013401856544
0000155013081020131857019038956404
0000155023081020131857013373887606
0000155033081020131859012454218331
0000155043081020131900013149314568
0000155053081020131900012936845604
0000155063081020131900010852446559
0000155073081020131904019032620714
0000155083081020131906013374125602
0000155093081020131907019029489475
0000155103081020131909012639420587
0000155113081020131909012328105922
0000155123081020131910010962863294
0000155133081020131912014674478274
0000155143081020131913012524710469
0000155153081020131916013380966583
0000155163081020131921021276398621
0000155173081020131931013357590580
0000155183091020130616012207928529
0000155193091020130626012380368696
0000155203091020130627012247648861
0000155213091020130629013305497547
0000155223091020130630013038415587
0000155233091020130633012456807261
0000155243091020130634011978389269
0000155253091020130636012680592583
0000155263091020130638013346296589
0000155273091020130640012222310859
0000155283091020130642013164628640
0000155293091020130643012413560914
0000155303091020130643012803294585
0000155313091020130643020469791483
0000155323091020130644012712212608
0000155333091020130645013384922602
0000155343091020130646013065699604
0000155353091020130647013046039548
0000155363091020130649012425122747
0000155373091020130653012524710469
0000155383091020130654017038951392
0000155393091020130655016896299712
0000155403091020130656019040413080
0000155413091020130659016492265719
0000155423091020130700012892596582
0000155433091020130700019029489475
0000155443091020130701012936845604
0000155453091020130703010888024522
0000155463091020130704019012055809
0000155473091020130705012685349563
0000155483091020130705013347106627
0000155493091020130706013076381589
0000155503091020130707012420191392
0000155513091020130707012020036845
0000155523091020130709020701744833
0000155533091020130709019037005449
0000155543091020130709013149314568
0000155553091020130711012296236172
0000155563091020130712012454218331
0000155573091020130715013197083562
0000155583091020130715012339367125
0000155593091020130717012947609605
0000155603091020130720012339082694
0000155613091020130720017018588144
0000155623091020130721013248782608
0000155633091020130724013012687547
0000155643091020130726012339608424
0000155653091020130732010527926512
0000155663091020130732014674478274
0000155673091020130736019039881556
0000155683091020130736013392216606
0000155693091020130743012727871602
0000155703091020130807013006314629
0000155713091020130808019023980118
0000155723091020130817012380529975
0000155733091020130818019032620714
0000155743091020130818019032620714
0000155753091020130827012524771913
0000155763091020130835013380966583
0000155773091020130850012785451602
0000155783091020130853012859880625
0000155793091020131316012859880625
0000155823091020131445011961954197
0000155833091020131708013006314629
0000155863091020131802011960956730
0000155873091020131822012623253546
0000155883091020131851016142646632
0000155893091020131851013291902601
0000155903091020131853013164628640
0000155913091020131854013017729256
0000155923091020131854013212714629
0000155933091020131857013248782608
0000155943091020131859013038415587
0000155953091020131901012044963525
0000155963091020131902013046039548
0000155973091020131903011961954197
0000155983091020131903011961954197
0000155993091020131903012413560914
0000156003091020131907012803294585
0000156013091020131911013380966583
0000156023091020131916013402197560
0000156033091020131917010802122423
0000156043091020131920012524771913
0000156053091020131938016492265719
0000156063091020132008019023980118
0000156073101020130609012669459589
0000156083101020130622020466240621
0000156093101020130623020772682202
0000156103101020130630016858183737
0000156113101020130633012050966557
0000156123101020130633012631701560
0000156133101020130636013539291899
0000156143101020130636013092165623
0000156153101020130641012456807261
0000156163101020130642011960956730
0000156173101020130643012874710565
0000156183101020130644012447688387
0000156193101020130644021276398621
0000156203101020130646013402197560
0000156213101020130648012283093173
0000156223101020130650012380368696
0000156233101020130650013004611774
0000156243101020130652011683118841
0000156253101020130652012288594359
0000156263101020130652012553505738
0000156273101020130653013373887606
0000156283101020130654013401856544
0000156293101020130655013084099625
0000156303101020130655010806432478
0000156313101020130655019023980118
0000156323101020130657013029222623
0000156333101020130657012420191392
0000156343101020130657012044963525
0000156353101020130657011944622610
0000156363101020130700013305497547
0000156373101020130700010888024522
0000156383101020130701013291902601
0000156393101020130701012247648861
0000156403101020130703016142646632
0000156413101020130703013212714629
0000156423101020130703012623253546
0000156433101020130704016896299712
0000156443101020130704012205010834
0000156453101020130704012727871602
0000156463101020130706013017729256
0000156473101020130710012712212608
0000156483101020130713013399818628
0000156493101020130713013380966583
0000156503101020130713012947609605
0000156513101020130714012222310859
0000156523101020130714012425122747
0000156533101020130715013384922602
0000156543101020130715013197083562
0000156553101020130719017038951392
0000156563101020130719017038951392
0000156573101020130721012405471797
0000156583101020130721012685349563
0000156593101020130732012639420587
0000156603101020130736019038266807
0000156613101020130750019040413080
0000156623101020130753010869668991
0000156633101020130759013347106627
0000156643101020130803012339367125
0000156653101020130819010802122423
0000156663101020130824013006314629
0000156673101020130826012524771913
0000156683101020130828019042161348
0000156693101020130847012785451602
0000156703101020130855020743777446
0000156713101020130949012859880625
0000156723101020130955013029222623
0000156753101020131505012339029866
0000156763101020131506012339029866
0000156773101020131507012339029866
0000156783101020131543011978389269
0000156813101020131701012785451602
0000156823101020131703013006314629
0000156833101020131706012859880625
0000156843101020131736020743777446
0000156853101020131840011654678877
0000156863101020131842020701744833
0000156873101020131846012728405605
0000156883101020131852012288594359
0000156893101020131853019046485105
0000156903101020131854012020036845
0000156913101020131856013401856544
0000156923101020131858012936845604
0000156933101020131900013373887606
0000156943101020131901012524710469
0000156953101020131901019042161348
0000156963101020131904012454218331
0000156973101020131904019038266807
0000156983101020131905012665679584
0000156993101020131905013092165623
0000157003101020131906011683118841
0000157013101020131907019032620714
0000157023101020131908021276398621
0000157033101020131909013539291899
0000157043101020131911013149314568
0000157053101020131911012639420587
0000157063101020131913013004611774
0000157073101020131925012927233588
0000157103101020132059013376192544
0000157113111020130506012665679584
0000157123111020130626020466240621
0000157133111020130631012380368696
0000157143111020130633012205010834
0000157153111020130633012283093173
0000157163111020130634010806432478
0000157173111020130634019041967640
0000157183111020130635013038415587
0000157193111020130635012874710565
0000157203111020130636013399818628
0000157213111020130637012217205015
0000157223111020130641012669459589
0000157233111020130641016858183737
0000157243111020130644013140229819
0000157253111020130646012420191392
0000157263111020130647012413560914
0000157273111020130647012803294585
0000157283111020130647012631701560
0000157293111020130647012895683621
0000157303111020130649010835704782
0000157313111020130650013046039548
0000157323111020130652012524710469
0000157333111020130653013084099625
0000157343111020130654013248782608
0000157353111020130700012728405605
0000157363111020130700010838900388
0000157373111020130700012231550387
0000157383111020130701015791665273
0000157393111020130701012936845604
0000157403111020130701013164628640
0000157413111020130704017052988427
0000157423111020130704013374125602
0000157433111020130704012661269543
0000157443111020130706016122910130
0000157453111020130706012927233588
0000157463111020130707013346754544
0000157473111020130709012757482566
0000157483111020130709013399820622
0000157493111020130710012947609605
0000157503111020130710012873083621
0000157513111020130711016376534318
0000157523111020130712020952304702
0000157533111020130714013376192544
0000157543111020130714016208144206
0000157553111020130715020701744833
0000157563111020130716011654678877
0000157573111020130717011944622610
0000157583111020130719012050966557
0000157593111020130719013149314568
0000157603111020130723020772682202
0000157613111020130723012524771913
0000157623111020130725013357590580
0000157633111020130732017011695204
0000157643111020130735012405471797
0000157653111020130756010869668991
0000157663111020130757012553505738
0000157673111020130807012693191582
0000157683111020130813013041506776
0000157693111020130814013006314629
0000157703111020130819019046485105
0000157713111020130839012785451602
0000157723111020130840020743777446
0000157733111020130853012380529975
0000157743111020130930012859880625
0000157753111020131302010655549258
0000157943111020131524011003117915
0000157953111020131636011003117915
0000157963111020131706013006314629
0000157973111020131745012380529975
0000157983111020131805020743777446
0000157993111020131820010317389669
0000158003111020131839012623253546
0000158013111020131846013212714629
0000158023111020131847013291902601
0000158033111020131847016142646632
0000158043111020131853017011695204
0000158053111020131855012044963525
0000158063111020131855013038415587
0000158073111020131857013357590580
0000158083111020131858012500104593
0000158093111020131901013374125602
0000158103111020131903010655549258
0000158113111020131904012693191582
0000158123111020131908012413560914
0000158133111020131910013248782608
0000158143111020131911013046039548
0000158153111020131919012803294585
0000158163111020131922017018588144
0000158173111020131927019043666206
0000158183111020131935013017729256
0000158193111020131943012859880625
0000158203121020130627013326968603
0000158213121020130634016208144206
0000158223121020130641013401856544
0000158233121020130641013092165623
0000158243121020130641012961225584
0000158253121020130642012732960545
0000158263121020130643012623253546
0000158273121020130644012118526735
0000158283121020130645012803294585
0000158293121020130648010828829354
0000158303121020130650012380368696
0000158313121020130651013373887606
0000158323121020130654012339029866
0000158333121020130655013399820622
0000158343121020130655016878309477
0000158353121020130656019041967640
0000158363121020130656015791665273
0000158373121020130656013291902601
0000158403121020130658019036783529
0000158413121020130658017052988427
0000158423121020130658010835704782
0000158433121020130659012794272626
0000158443121020130659013352140587
0000158453121020130659013076381589
0000158463121020130700012757482566
0000158473121020130700013346754544
0000158483121020130700013140229819
0000158493121020130700013164628640
0000158503121020130700012873083621
0000158513121020130701012858334589
0000158523121020130701011654678877
0000158533121020130703020039123345
0000158543121020130704011003117915
0000158553121020130705012044963525
0000158563121020130705016376534318
0000158573121020130706012993986548
0000158583121020130706010317389669
0000158593121020130708012661269543
0000158603121020130709010838900388
0000158613121020130711016492265719
0000158623121020130713012231550387
0000158633121020130713011683118841
0000158643121020130714012947609605
0000158653121020130715013539291899
0000158663121020130715012895683621
0000158673121020130716012500104593
0000158683121020130716016142646632
0000158693121020130717012685349563
0000158703121020130718020934729829
0000158713121020130718012812312604
0000158723121020130720021276398621
0000158733121020130727020039123345
0000158743121020130729013212714629
0000158753121020130730017018588144
0000158763121020130731019043666206
0000158773121020130731020952304702
0000158783121020130732020754725094
0000158793121020130734013402197560
0000158803121020130741012217205015
0000158813121020130749012970390126
0000158823121020130749013798509491
0000158833121020130803013017729256
0000158843121020130816012524771913
0000158853121020130829013283327563
0000158863121020130829013041506776
0000158873121020131314019037005449
0000158883121020131831012217098308
0000158893121020131834012020036845
0000158903121020131837013076381589
0000158913121020131840012961225584
0000158923121020131841013346296589
0000158933121020131845013149314568
0000158943121020131845012728405605
0000158953121020131845013373887606
0000158963121020131849013092165623
0000158973121020131852013402197560
0000158983121020131852019029489475
0000158993121020131852013401856544
0000159003121020131854020039123345
0000159013121020131900013539291899
0000159023121020131901012454218331
0000159033121020131902021276398621
0000159043121020131905012936845604
0000159053121020131907011003117915
0000159063121020131908012993986548
0000159073121020131915012803294585
0000159083121020131916012524710469
0000159093121020131921020701744833
0000159103121020131934010655549258
0000159113121020131937013283327563
0000159123121020131938012970390126
0000159133121020131938013798509491
0000159143121020131939013041506776
0000159153121020131942012524771913
0000159163121020131943019038956404
0000159173121020131948013357590580
0000159183131020130628013326968603
0000159193131020130639011003117915
0000159203131020130640017052989172
0000159213131020130640019007017139
0000159223131020130640013005905585
0000159233131020130641010527433389
0000159243131020130646012413560914
0000159253131020130646012803294585
0000159263131020130651012758032564
0000159273131020130652012217098308
0000159283131020130653012217098308
0000159293131020130653012533475302
0000159303131020130653018054860639
0000159313131020130654013357590580
0000159323131020130655013382154586
0000159333131020130656019029489475
0000159343131020130657010828829354
0000159353131020130657013046039548
0000159363131020130659012936845604
0000159373131020130700013352140587
0000159383131020130700016492265719
0000159393131020130700013346296589
0000159403131020130700012732960545
0000159413131020130701012732960545
0000159423131020130702012858334589
0000159433131020130703012947609605
0000159443131020130704013149314568
0000159453131020130704012728405605
0000159463131020130704012524710469
0000159473131020130705012289002323
0000159483131020130708012020036845
0000159493131020130708016878309477
0000159503131020130708016878309477
0000159513131020130712012927233588
0000159523131020130713011992128116
0000159533131020130713019037005449
0000159543131020130714020701744833
0000159553131020130715020934729829
0000159563131020130716012454218331
0000159573131020130720012794272626
0000159583131020130721012812312604
0000159593131020130722016448703463
0000159603131020130723010721813515
0000159613131020130726011654678877
0000159623131020130727010655549258
0000159633131020130727012970390126
0000159643131020130728013004611774
0000159653131020130729012685349563
0000159663131020130730012118526735
0000159673131020130733012837622585
0000159683131020130734017061378415
0000159693131020130752012339029866
0000159703131020130827013038415587
0000159713131020130829012524771913
0000159723131020130919016208356130
0000159753131020131153011688548208
0000159783131020131206012933889589
0000159793131020131840013017729256
0000159803131020131843019034961365
0000159813131020131844015771897276
0000159823131020131845013291902601
0000159833131020131846016142646632
0000159843131020131848012044963525
0000159853131020131848013402197560
0000159863131020131849013212714629
0000159873131020131849011941618680
0000159883131020131855013038415587
0000159893131020131857019038956404
0000159903131020131900012413560914
0000159913131020131900012803294585
0000159923131020131902012933889589
0000159933131020131905011992128116
0000159943131020131913012524771913
0000159953131020131918012947609605
0000159963131020131922010655549258
0000159973141020130624018054860639
0000159983141020130625012380368696
0000159993141020130632012818433543
0000160003141020130635012296236172
0000160013141020130641011683118841
0000160023141020130642020039123345
0000160033141020130645013401856544
0000160043141020130646019007017139
0000160053141020130646012288594359
0000160063141020130648013346296589
0000160073141020130648016603477395
0000160083141020130648013390734545
0000160093141020130649012122582660
0000160103141020130650021276398621
0000160113141020130650021276398621
0000160123141020130650019034961365
0000160133141020130651011003117915
0000160143141020130651011944622610
0000160153141020130652013005905585
0000160163141020130654012680592583
0000160173141020130654029357346210
0000160183141020130655012217098308
0000160193141020130656013539291899
0000160203141020130656013065699604
0000160213141020130659013373887606
0000160223141020130700013046039548
0000160233141020130700013291902601
0000160243141020130700017052989172
0000160253141020130700013374125602
0000160263141020130701017038951392
0000160273141020130701010527433389
0000160283141020130701012339082694
0000160293141020130702016142646632
0000160303141020130702013017729256
0000160313141020130702012420468106
0000160323141020130703016448703463
0000160333141020130703010721813515
0000160343141020130703011981248743
0000160353141020130704013392216606
0000160363141020130704012758032564
0000160373141020130704013357590580
0000160383141020130706013092165623
0000160393141020130707013402196564
0000160403141020130707012044963525
0000160413141020130709012289002323
0000160423141020130710012207928529
0000160433141020130710013212714629
0000160443141020130714013004611774
0000160453141020130716012339608424
0000160463141020130723013382154586
0000160473141020130724012927233588
0000160483141020130724013402197560
0000160493141020130726016208356130
0000160503141020130726017061378415
0000160513141020130727010655549258
0000160523141020130729012533475302
0000160533141020130730011688548208
0000160543141020130731010527926512
0000160553141020130734012837622585
0000160563141020130736019038266807
0000160573141020130740015771897276
0000160583141020130741012970390126
0000160593141020130741011941618680
0000160603141020130742019036783529
0000160613141020130750013302922549
0000160623141020130755013006314629
0000160633141020130826020743777446
0000160643141020130839012693191582
0000160653141020130848012785451602
0000160663141020130941016881368098
0000160673141020130945012859880625
0000160693141020131656013006314629
0000160703141020131716012380529975
0000160713141020131724016881368098
0000160723141020131725012785451602
0000160733141020131804012859880625
0000160753141020131843013076381589
0000160773141020131844010073623102
0000160793141020131846012728405605
0000160803141020131848012020036845
0000160813141020131849020743777446
0000160823141020131851013092165623
0000160833141020131856013401856544
0000160843141020131858012420468106
0000160853141020131900019036783529
0000160863141020131901012936845604
0000160873141020131901021276398621
0000160883141020131902013373887606
0000160893141020131903013374125602
0000160903141020131903019029489475
0000160913141020131903019038266807
0000160923141020131904012693191582
0000160933141020131904013149314568
0000160943141020131905013302922549
0000160953141020131905013539291899
0000160963141020131906019043666206
0000160973141020131906011941618680
0000160983141020131907012454218331
0000160993141020131908013798509491
0000161003141020131910012380368696
0000161013141020131913012524710469
0000161023141020131913013357590580
0000161033141020131917011683118841
0000161043141020131917012288594359
0000161053141020131919019034961365
0000161063141020131945010073623102
0000161073151020130614012247648861
0000161083151020130619010888024522
0000161093151020130633012892596582
0000161103151020130636013392216606
0000161113151020130636012207928529
0000161123151020130636012207928529
0000161133151020130637013038415587
0000161143151020130638013076381589
0000161153151020130639013197083562
0000161163151020130640011960956730
0000161173151020130641012222310859
0000161183151020130642013399818628
0000161193151020130643013402197560
0000161203151020130645012803294585
0000161213151020130646012413560914
0000161223151020130648013384922602
0000161233151020130649012818433543
0000161243151020130649012425122747
0000161253151020130651017038951392
0000161263151020130652013065699604
0000161273151020130654019039881556
0000161283151020130654019034961365
0000161293151020130655019029489475
0000161303151020130656012296236172
0000161313151020130658012524710469
0000161323151020130658012933889589
0000161333151020130658019040413080
0000161343151020130659012020036845
0000161353151020130659029357346210
0000161363151020130700012936845604
0000161373151020130700016896299712
0000161383151020130700010073623102
0000161393151020130701013046039548
0000161403151020130702012456807261
0000161413151020130702012122582660
0000161423151020130703019012055809
0000161433151020130705013402196564
0000161443151020130705017018588144
0000161453151020130706012339367125
0000161463151020130707013248782608
0000161473151020130707013248782608
0000161483151020130707013012687547
0000161493151020130708011944622610
0000161503151020130708013798509491
0000161513151020130708011941618680
0000161523151020130709016603477395
0000161533151020130710012454218331
0000161543151020130712019043666206
0000161553151020130713013149314568
0000161563151020130713013390734545
0000161573151020130714011981248743
0000161583151020130715010962863294
0000161593151020130715012947609605
0000161603151020130717016492265719
0000161613151020130718012339608424
0000161623151020130718013346296589
0000161633151020130720010527926512
0000161643151020130720012680592583
0000161653151020130721013357590580
0000161663151020130740019032620714
0000161673151020130746012727871602
0000161683151020130811013006314629
0000161693151020130836012785451602
0000161703151020130836020743777446
0000161713151020130904019023980118
0000161723151020131004012859880625
0000161733151020131655013006314629
0000161743151020131756020743777446
0000161753151020131832013017729256
0000161763151020131832012623253546
0000161773151020131835012859880625
0000161783151020131842013291902601
0000161793151020131843013212714629
0000161803151020131844016142646632
0000161813151020131847012044963525
0000161823151020131855019032620714
0000161833151020131900013038415587
0000161843151020131900012413560914
0000161853151020131901012933889589
0000161863151020131901012803294585
0000161873151020131905012231550387
0000161883151020131905013248782608
0000161893151020131907019038956404
0000161903151020131907010962863294
0000161913151020131909013357590580
0000161923151020131916019012055809
0000161933151020131924013380966583
0000161943151020131926012873083621
0000161953161020130615012669459589
0000161963161020130621011978389269
0000161973161020130629012050966557
0000161983161020130632010888024522
0000161993161020130635013305497547
0000162003161020130639013380966583
0000162013161020130641013399818628
0000162023161020130642012631701560
0000162033161020130648012339029866
0000162043161020130649011683118841
0000162053161020130649016858183737
0000162063161020130650012874710565
0000162073161020130651013401856544
0000162083161020130653010806432478
0000162093161020130653020772682202
0000162103161020130654012288594359
0000162113161020130656015791665273
0000162123161020130658013347106627
0000162133161020130658020466240621
0000162143161020130658013029222623
0000162153161020130658012222310859
0000162163161020130659013384922602
0000162173161020130659013084099625
0000162183161020130700012892596582
0000162193161020130700013092165623
0000162203161020130700016142646632
0000162213161020130701021276398621
0000162223161020130701012044963525
0000162233161020130705013004611774
0000162243161020130705012420191392
0000162253161020130705013291902601
0000162263161020130706012623253546
0000162273161020130707012727871602
0000162283161020130707013012687547
0000162293161020130709012947609605
0000162303161020130711016896299712
0000162313161020130711013212714629
0000162323161020130712012553505738
0000162333161020130712013373887606
0000162343161020130713012339367125
0000162353161020130715012425122747
0000162363161020130717011960956730
0000162373161020130719012456807261
0000162383161020130719013389117562
0000162393161020130721011992128116
0000162403161020130725019023980118
0000162413161020130725019038956404
0000162423161020130726011961954197
0000162433161020130726011961954197
0000162443161020130727019039881556
0000162453161020130729012247648861
0000162463161020130733013041506776
0000162473161020130734017018588144
0000162483161020130734010869668991
0000162493161020130740013539291899
0000162503161020130755012405471797
0000162513161020130800013017729256
0000162523161020130801013006314629
0000162533161020130802019040413080
0000162543161020130813013402197560
0000162553161020130825020743777446
0000162563161020130826013197083562
0000162573161020130828012524771913
0000162583161020130845012380529975
0000162593161020130930012859880625
0000162603161020131322016881368098
0000162613161020131710013006314629
0000162623161020131738012380529975
0000162633161020131755012927233588
0000162643161020131759020743777446
0000162653161020131804012859880625
0000162663161020131834013122293586
0000162673161020131839012020036845
0000162683161020131844013149314568
0000162693161020131847012728405605
0000162703161020131847012728405605
0000162713161020131847011683118841
0000162723161020131848013373887606
0000162733161020131849013092165623
0000162743161020131851012288594359
0000162753161020131851020701744833
0000162763161020131854013539291899
0000162773161020131900011961954197
0000162783161020131900011992128116
0000162793161020131901013401856544
0000162803161020131901012454218331
0000162813161020131907012524710469
0000162823161020131908012936845604
0000162833161020131909012231550387
0000162843161020131912013380966583
0000162853161020131914021276398621
0000162863161020131916012524771913
0000162873161020131917010073623102
0000162883161020131921013041506776
0000162893161020131926012639420587
0000162903161020131956019023980118
0000162913161020132027016881368098
0000162923161020132223013004611774
0000162933171020130626012757482566
0000162943171020130632012380368696
0000162953171020130634019041967640
0000162963171020130636013046039548
0000162973171020130636013140229819
0000162983171020130637012631701560
0000162993171020130638013399818628
0000163003171020130639010835704782
0000163013171020130641019023980118
0000163023171020130642013038415587
0000163033171020130644012874710565
0000163043171020130645012803294585
0000163053171020130645012413560914
0000163063171020130645012895683621
0000163073171020130647010852446559
0000163083171020130650016858183737
0000163093171020130650010869668991
0000163103171020130650012669459589
0000163113171020130650012217205015
0000163123171020130651012405471797
0000163133171020130651012405471797
0000163143171020130652020772682202
0000163153171020130654013164628640
0000163163171020130654012447688387
0000163173171020130654012283093173
0000163183171020130656012933889589
0000163193171020130657012728405605
0000163203171020130658012430741220
0000163213171020130658015791665273
0000163223171020130658012524710469
0000163233171020130659017052988427
0000163243171020130700013346754544
0000163253171020130700016376534318
0000163263171020130700013084099625
0000163273171020130701012936845604
0000163283171020130701013389117562
0000163293171020130702012205010834
0000163303171020130702020039123345
0000163313171020130703013029222623
0000163323171020130705012339029866
0000163333171020130706012050966557
0000163343171020130709012927233588
0000163353171020130709012500104593
0000163363171020130709012020036845
0000163373171020130710012454218331
0000163383171020130710013399820622
0000163393171020130710016122910130
0000163403171020130710020466240621
0000163413171020130711013347106627
0000163423171020130711013149314568
0000163433171020130712013380966583
0000163443171020130713010073623102
0000163453171020130713012420191392
0000163463171020130714013122293586
0000163473171020130715013305497547
0000163483171020130716020701744833
0000163493171020130718010806432478
0000163503171020130723016208144206
0000163513171020130729012553505738
0000163523171020130737019038266807
0000163533171020130743013224770588
0000163543171020130751012524771913
0000163553171020130802013006314629
0000163563171020130845019042161348
0000163573171020130850012785451602
0000163583171020130858012639420587
0000163593171020130918019032620714
0000163603171020130950016881368098
0000163613171020131000012859880625
0000163623171020131245016881368098
0000163633171020131613011978389269
0000163643171020131707013006314629
0000163653171020131815019032620714
0000163663171020131833012623253546
0000163673171020131838012859880625
0000163683171020131846016142646632
0000163693171020131857013291902601
0000163703171020131857013212714629
0000163713171020131859010852446559
0000163723171020131859013017729256
0000163733171020131900013038415587
0000163743171020131900012933889589
0000163753171020131900013224770588
0000163763171020131904019046485105
0000163773171020131905012803294585
0000163783171020131906012413560914
0000163793171020131907012044963525
0000163803171020131911019042161348
0000163813171020131912019038266807
0000163823171020131945012665679584
0000163833171020131947013376192544
0000163843171020132136013046039548
0000163853181020130514012665679584
0000163863181020130545013399818628
0000163873181020130547016122910130
0000163883181020130628013026939608
0000163893181020130630016208144206
0000163903181020130630012895683621
0000163913181020130636012961225584
0000163923181020130637013092165623
0000163933181020130640012205010834
0000163943181020130641010838900388
0000163953181020130644016878309477
0000163963181020130645013326968603
0000163973181020130645013401856544
0000163983181020130646012712212608
0000163993181020130647012757482566
0000164003181020130647010835704782
0000164013181020130648013346754544
0000164023181020130651011683118841
0000164033181020130652010828829354
0000164043181020130652012623253546
0000164053181020130653012794272626
0000164063181020130655020039123345
0000164073181020130656019046485105
0000164083181020130657012288594359
0000164093181020130657012661269543
0000164103181020130657013399820622
0000164113181020130658012380368696
0000164123181020130658016142646632
0000164133181020130659021276398621
0000164143181020130659012118526735
0000164153181020130700020934729829
0000164163181020130701013291902601
0000164173181020130701013017729256
0000164183181020130701013017729256
0000164193181020130701013017729256
0000164203181020130702011654678877
0000164213181020130702019041967640
0000164223181020130703013352140587
0000164233181020130703016492265719
0000164243181020130703012044963525
0000164253181020130703013164628640
0000164263181020130705017052988427
0000164273181020130705016376534318
0000164283181020130709012858334589
0000164293181020130710013373887606
0000164303181020130715013212714629
0000164313181020130715013140229819
0000164323181020130715012873083621
0000164333181020130716020952304702
0000164343181020130717012685349563
0000164353181020130717013376192544
0000164363181020130718012500104593
0000164373181020130718012430741220
0000164383181020130718012430741220
0000164393181020130723012447688387
0000164403181020130724013539291899
0000164413181020130726012812312604
0000164423181020130728013357590580
0000164433181020130731012217205015
0000164443181020130732013374125602
0000164453181020130735012283093173
0000164463181020130740017011695204
0000164473181020130743012524771913
0000164483181020130750013006314629
0000164493181020130829012693191582
0000164503181020130831012380529975
0000164513181020130831012380529975
0000164523181020130845012785451602
0000164533181020130857013041506776
0000164543181020130859020743777446
0000164553181020131716013006314629
0000164563181020131717011683118841
0000164573181020131759012380529975
0000164583181020131838010317389669
0000164593181020131843012020036845
0000164603181020131843016603477395
0000164613181020131847013092165623
0000164623181020131852012288594359
0000164633181020131852017011695204
0000164643181020131853013149314568
0000164653181020131855013373887606
0000164663181020131858013041506776
0000164673181020131859012728405605
0000164683181020131900012936845604
0000164693181020131901013539291899
0000164703181020131905012454218331
0000164713181020131906013401856544
0000164723181020131906012693191582
0000164733181020131909013357590580
0000164743181020131911013402197560
0000164753181020131912012524710469
0000164763181020131916017018588144
0000164773181020131917020701744833
0000164783181020131921021276398621
0000164793181020131921020743777446
0000164803181020131925013374125602
0000164813181020131925019043666206
0000164823181020132035019036783529
0000164833191020130619011688548208
0000164843191020130626012623253546
0000164853191020130630013026939608
0000164863191020130641017052989172
0000164873191020130644019007017139
0000164883191020130645012803294585
0000164893191020130645012413560914
0000164903191020130646012732960545
0000164913191020130647012217098308
0000164923191020130647012927233588
0000164933191020130648012533475302
0000164943191020130648013382154586
0000164953191020130649020754725094
0000164963191020130650013122293586
0000164973191020130651010527433389
0000164983191020130653012961225584
0000164993191020130655013038415587
0000165003191020130655012933889589
0000165013191020130655012794272626
0000165023191020130656016208356130
0000165033191020130657010838900388
0000165043191020130658012118526735
0000165053191020130700010828829354
0000165063191020130700010317389669
0000165073191020130700012936845604
0000165083191020130700012289002323
0000165093191020130700017061378415
0000165103191020130700012661269543
0000165113191020130701012661269543
0000165123191020130701012661269543
0000165133191020130702016603477395
0000165143191020130702012812312604
0000165153191020130702020934729829
0000165163191020130702016878309477
0000165173191020130703012993986548
0000165183191020130703016492265719
0000165193191020130705012454218331
0000165203191020130706019036783529
0000165213191020130706020701744833
0000165223191020130707011654678877
0000165233191020130707017018588144
0000165243191020130707012873083621
0000165253191020130707012020036845
0000165263191020130710016448703463
0000165273191020130710016448703463
0000165283191020130711012728405605
0000165293191020130712013352140587
0000165303191020130712013326968603
0000165313191020130713013004611774
0000165323191020130714019026624789
0000165333191020130715012883520560
0000165343191020130715019043666206
0000165353191020130715010721813515
0000165363191020130718012712212608
0000165373191020130719012858334589
0000165383191020130720020952304702
0000165393191020130721012524710469
0000165403191020130721013149314568
0000165413191020130733013798509491
0000165423191020130734012970390126
0000165433191020130743012685349563
0000165443191020130819012524771913
0000165453191020130842013283327563
0000165463191020131836013346296589
0000165473191020131848013291902601
0000165483191020131851016142646632
0000165493191020131852012044963525
0000165503191020131854013402197560
0000165513191020131857012837622585
0000165523191020131900012933889589
0000165533191020131900013038415587
0000165543191020131901013212714629
0000165553191020131901012413560914
0000165563191020131901012803294585
0000165573191020131911013283327563
0000165583191020131913012883520560
0000165593191020131913013798509491
0000165603191020131913012970390126
0000165613191020131924013149314568
0000165623191020131925013389117562
0000165633191020131930013634667248
0000165643191020131959010655549258
0000165653201020130159012524771913
0000165663201020130542013065699604
0000165673201020130543013401856544
0000165683201020130548012122582660
0000165693201020130548020466240621
0000165703201020130549013092165623
0000165713201020130550019007017139
0000165723201020130551011683118841
0000165733201020130552012758032564
0000165743201020130554019039881556
0000165753201020130555012231550387
0000165763201020130556012288594359
0000165773201020130600012680592583
0000165783201020130600017052989172
0000165793201020130602017061378415
0000165803201020130602013291902601
0000165813201020130602019029489475
0000165823201020130602016142646632
0000165833201020130603012217098308
0000165843201020130603012623253546
0000165853201020130603012296236172
0000165863201020130603013539291899
0000165873201020130604012947609605
0000165883201020130605016208356130
0000165893201020130606012044963525
0000165903201020130607010721813515
0000165913201020130608013392216606
0000165923201020130611012339082694
0000165933201020130611012339608424
0000165943201020130612020469791483
0000165953201020130612021276398621
0000165963201020130614019026624789
0000165973201020130614018054860639
0000165983201020130617013346296589
0000165993201020130617013346296589
0000166003201020130617012837622585
0000166013201020130618013212714629
0000166023201020130620013373887606
0000166033201020130621012732960545
0000166043201020130623013149314568
0000166053201020130624016448703463
0000166063201020130625012927233588
0000166073201020130626011941618680
0000166083201020130626011992128116
0000166093201020130627010655549258
0000166103201020130628012533475302
0000166113201020130634012289002323
0000166123201020130636011688548208
0000166133201020130640013122293586
0000166143201020130646012970390126
0000166153201020130647013389117562
0000166163201020130648010527433389
0000166173201020130649012993986548
0000166183201020130655010527926512
0000166193201020130701020039123345
0000166203201020130702012207928529
0000170253201020131805015771897276
0000170263201020131830012020036845
0000170273201020131842012728405605
0000170283201020131842013539291899
0000170293201020131843012454218331
0000170303201020131844021276398621
0000170313201020131844013092165623
0000170323201020131850012288594359
0000170333201020131853011992128116
0000170343201020131853013401856544
0000170353201020131853013373887606
0000170363201020131855012524710469
0000170373201020131857012936845604
0000170383201020131905011683118841
0000170393201020131909019034961365
0000170403201020131913013017729256
0000170413201020131926010655549258
0000170423201020131931013634667248
0000170433201020132033020701744833
0000170443211020130553015771897276
0000170453211020130608012247648861
0000170463211020130618010888024522
0000170473211020130625012818433543
0000170483211020130625012207928529
0000170493211020130629013046039548
0000170503211020130636012456807261
0000170513211020130639012803294585
0000170523211020130639012413560914
0000170533211020130641012222310859
0000170543211020130641019040413080
0000170553211020130642020039123345
0000170563211020130644012231550387
0000170573211020130648018054860639
0000170583211020130650013384922602
0000170593211020130651012933889589
0000170603211020130653012728405605
0000170613211020130653011944622610
0000170623211020130653017038951392
0000170633211020130654012837622585
0000170643211020130655012680592583
0000170653211020130656012524710469
0000170663211020130658013197083562
0000170673211020130658013402196564
0000170683211020130658011981248743
0000170693211020130659012339367125
0000170703211020130700012936845604
0000170713211020130700013065699604
0000170723211020130701016896299712
0000170733211020130702013346296589
0000170743211020130702016603477395
0000170753211020130703020469791483
0000170763211020130706012339082694
0000170773211020130706012425122747
0000170783211020130706012947609605
0000170793211020130706010802122423
0000170803211020130707012020036845
0000170813211020130707011941618680
0000170823211020130708019029489475
0000170833211020130708029357346210
0000170843211020130708013357590580
0000170853211020130709012758032564
0000170863211020130710012420468106
0000170873211020130710013392216606
0000170883211020130711012454218331
0000170893211020130712019034961365
0000170903211020130714012122582660
0000170913211020130715011960956730
0000170923211020130715020701744833
0000170933211020130717013017729256
0000170943211020130719020466240621
0000170953211020130721012339608424
0000170963211020130722012727871602
0000170973211020130725019039881556
0000170983211020130729019038266807
0000170993211020130729012296236172
0000171003211020130733010527926512
0000171013211020130735019036783529
0000171023211020130742013302922549
0000171033211020130743010655549258
0000171043211020130748013038415587
0000171053211020130814020743777446
0000171063211020130825012693191582
0000171073211020130847012785451602
0000171083211020130851012859880625
0000171093211020131357020743777446
0000171103211020131703012785451602
0000171113211020131703012380529975
0000171123211020131811012859880625
0000171133211020131816012623253546
0000171143211020131836013382154586
0000171153211020131844013291902601
0000171163211020131845016142646632
0000171173211020131846013212714629
0000171183211020131846013212714629
0000171193211020131846012044963525
0000171203211020131847013017729256
0000171213211020131851013046039548
0000171223211020131851012420468106
0000171233211020131851012420468106
0000171243211020131852012803294585
0000171253211020131855019034961365
0000171263211020131858012413560914
0000171273211020131900013038415587
0000171283211020131900012933889589
0000171293211020131900019036783529
0000171303211020131901013798509491
0000171313211020131901019043666206
0000171323211020131903019038266807
0000171333211020131905013357590580
0000171343211020131905012837622585
0000171353211020131907012947609605
0000171363211020131912013402197560
0000171373211020131913012693191582
0000171383211020131920013302922549
0000171393221020130621012669459589
0000171403221020130626020772682202
0000171413221020130632013539291899
0000171423221020130637012050966557
0000171433221020130639012288594359
0000171443221020130640012892596582
0000171453221020130642012631701560
0000171463221020130642019037005449
0000171473221020130642013401856544
0000171483221020130643013092165623
0000171493221020130644013084099625
0000171503221020130645010852446559
0000171513221020130648011683118841
0000171523221020130649013029222623
0000171533221020130652012623253546
0000171543221020130652010806432478
0000171553221020130654010962863294
0000171563221020130654012874710565
0000171573221020130654012818433543
0000171583221020130655019012055809
0000171593221020130656016858183737
0000171603221020130656013291902601
0000171613221020130658013373887606
0000171623221020130658019034961365
0000171633221020130658020466240621
0000171643221020130659013012687547
0000171653221020130700013384922602
0000171663221020130700012727871602
0000171673221020130700012044963525
0000171683221020130702012553505738
0000171693221020130702012420191392
0000171703221020130703013017729256
0000171713221020130703016142646632
0000171723221020130703017038951392
0000171733221020130706013357590580
0000171743221020130707017018588144
0000171753221020130708012222310859
0000171763221020130708016896299712
0000171773221020130710019043666206
0000171783221020130710013798509491
0000171793221020130710011944622610
0000171803221020130711012639420587
0000171813221020130711013402196564
0000171823221020130712013212714629
0000171833221020130713012339029866
0000171843221020130713021276398621
0000171853221020130713013382154586
0000171863221020130713010888024522
0000171873221020130716011981248743
0000171883221020130720012247648861
0000171893221020130720029357346210
0000171903221020130720013389117562
0000171913221020130726013004611774
0000171923221020130726012405471797
0000171933221020130732013197083562
0000171943221020130735011960956730
0000171953221020130738010869668991
0000171963221020130752012328105922
0000171973221020130758013402197560
0000171983221020130801019040413080
0000171993221020130802012425122747
0000172003221020130802012456807261
0000172013221020130807012339367125
0000172023221020130812013006314629
0000172033221020130812010802122423
0000172043221020130827020743777446
0000172053221020130856019023980118
0000172063221020130859012785451602
0000172073221020130933012859880625
0000172083221020131658013006314629
0000172093221020131700012859880625
0000172103221020131715012380529975
0000172113221020131716012785451602
0000172123221020131745020743777446
0000172133221020131822012339029866
0000172143221020131836012020036845
0000172153221020131839013092165623
0000172163221020131842012728405605
0000172173221020131849021276398621
0000172183221020131849012288594359
0000172193221020131849014674478274
0000172203221020131849013373887606
0000172213221020131849013357590580
0000172223221020131851013401856544
0000172233221020131851019038956404
0000172243221020131854013389117562
0000172253221020131856010852446559
0000172263221020131857012454218331
0000172273221020131858011654678877
0000172283221020131858012524710469
0000172293221020131859012936845604
0000172303221020131901012639420587
0000172313221020131901012328105922
0000172323221020131901013149314568
0000172333221020131902010962863294
0000172343221020131904011683118841
0000172353221020131906013539291899
0000172363221020131911013380966583
0000172373221020131932020701744833
0000172383231020130613012380368696
0000172393231020130620011978389269
0000172403231020130628013140229819
0000172413231020130631013305497547
0000172423231020130638013046039548
0000172433231020130641012803294585
0000172443231020130641012413560914
0000172453231020130642010835704782
0000172463231020130647013164628640
0000172473231020130647012933889589
0000172483231020130647012712212608
0000172493231020130648012669459589
0000172503231020130649012895683621
0000172513231020130650016858183737
0000172523231020130651012231550387
0000172533231020130654017052988427
0000172543231020130654019041967640
0000172553231020130654012430741220
0000172563231020130655019012055809
0000172573231020130656020466240621
0000172583231020130656012631701560
0000172593231020130657012217205015
0000172603231020130700013012687547
0000172613231020130700012892596582
0000172623231020130700016208144206
0000172633231020130700012874710565
0000172643231020130701019038956404
0000172653231020130702012757482566
0000172663231020130702010869668991
0000172673231020130702020701744833
0000172683231020130702013149314568
0000172693231020130703012420191392
0000172703231020130703010806432478
0000172713231020130703012500104593
0000172723231020130703019037005449
0000172733231020130704012936845604
0000172743231020130704016122910130
0000172753231020130704012020036845
0000172763231020130705013004611774
0000172773231020130707012524710469
0000172783231020130707011654678877
0000172793231020130708013399820622
0000172803231020130708013347106627
0000172813231020130710013084099625
0000172823231020130710013346754544
0000172833231020130713016376534318
0000172843231020130714012454218331
0000172853231020130715012553505738
0000172863231020130715013038415587
0000172873231020130716011961954197
0000172883231020130716014674478274
0000172893231020130719020772682202
0000172903231020130721011992128116
0000172913231020130724013029222623
0000172923231020130726013380966583
0000172933231020130727012405471797
0000172943231020130743013389117562
0000172953231020130744019023980118
0000172963231020130750017018588144
0000172973231020130755013006314629
0000172983231020130829012380529975
0000172993231020130906020743777446
0000173003231020130911012524771913
0000173013231020130943012859880625
0000173023231020131713013006314629
0000173033231020131757020743777446
0000173043231020131759012859880625
0000173053231020131843013212714629
0000173063231020131844012623253546
0000173073231020131845012044963525
0000173083231020131846013291902601
0000173093231020131851016142646632
0000173103231020131852019023980118
0000173113231020131854013017729256
0000173123231020131857012380529975
0000173133231020131900011961954197
0000173143231020131900012933889589
0000173153231020131900013038415587
0000173163231020131900012803294585
0000173173231020131900012413560914
0000173183231020131901011992128116
0000173193231020131912012524771913
0000173203231020131915012757482566
0000173213231020131915013380966583
0000173223231020131916012895683621
0000173233231020131916019040413080
0000173243231020131922012639420587
0000173253231020131937013046039548
0000173263231020131943013402197560
0000173273241020130616016122910130
0000173283241020130620012639420587
0000173293241020130620013326968603
0000173303241020130630016208144206
0000173313241020130632013092165623
0000173323241020130635012447688387
0000173333241020130638013399818628
0000173343241020130639013401856544
0000173353241020130641016878309477
0000173363241020130642013539291899
0000173373241020130642010852446559
0000173383241020130645013373887606
0000173393241020130646017052988427
0000173403241020130647013164628640
0000173413241020130649012118526735
0000173423241020130649012961225584
0000173433241020130650012430741220
0000173443241020130651011683118841
0000173453241020130651013076381589
0000173463241020130653011944622610
0000173473241020130653010828829354
0000173483241020130654012283093173
0000173493241020130654013374125602
0000173503241020130655012288594359
0000173513241020130656012623253546
0000173523241020130658013026939608
0000173533241020130658013399820622
0000173543241020130659011654678877
0000173553241020130700013352140587
0000173563241020130700016142646632
0000173573241020130700013140229819
0000173583241020130701013291902601
0000173593241020130702012217205015
0000173603241020130702016376534318
0000173613241020130702019041967640
0000173623241020130703013305497547
0000173633241020130703012044963525
0000173643241020130703019040413080
0000173653241020130704019023980118
0000173663241020130706012380368696
0000173673241020130708013380966583
0000173683241020130709012712212608
0000173693241020130710021276398621
0000173703241020130711013346754544
0000173713241020130711012205010834
0000173723241020130711016492265719
0000173733241020130711010835704782
0000173743241020130713013389117562
0000173753241020130714012231550387
0000173763241020130716013212714629
0000173773241020130721012500104593
0000173783241020130722013017729256
0000173793241020130723020934729829
0000173803241020130725012873083621
0000173813241020130727012794272626
0000173823241020130733013347106627
0000173833241020130750019038266807
0000173843241020130812013224770588
0000173853241020130840012524771913
0000173863241020130842019042161348
0000173873241020130851012785451602
0000173883241020130851020743777446
0000173893241020130854013402197560
0000173903241020130855012812312604
0000173913241020130938012859880625
0000173963241020131553012118526735
0000173973241020131631011978389269
0000173983241020131721012785451602
0000173993241020131754020743777446
0000174003241020131822013076381589
0000174013241020131847019046485105
0000174023241020131848011683118841
0000174033241020131852012020036845
0000174043241020131853013539291899
0000174053241020131855012728405605
0000174063241020131855010852446559
0000174073241020131859013092165623
0000174083241020131900013401856544
0000174093241020131900012873083621
0000174103241020131900013224770588
0000174113241020131900013373887606
0000174123241020131902012936845604
0000174133241020131902012288594359
0000174143241020131903012454218331
0000174153241020131903019038266807
0000174163241020131906019042161348
0000174173241020131908016603477395
0000174183241020131908013149314568
0000174193241020131909012524710469
0000174203241020131909013374125602
0000174213241020131910020469791483
0000174223241020131914021276398621
0000174233241020131916012665679584
0000174243241020131932013026939608
0000174253241020131955013376192544
0000174263251020130525012665679584
0000174273251020130625013326968603
0000174283251020130635010527433389
0000174293251020130638012217098308
0000174303251020130644013399818628
0000174313251020130647012413560914
0000174323251020130647012803294585
0000174333251020130648012205010834
0000174343251020130655013046039548
0000174353251020130655012961225584
0000174363251020130656012883520560
0000174373251020130656012533475302
0000174383251020130656019007017139
0000174393251020130658012289002323
0000174403251020130658016208356130
0000174413251020130658013038415587
0000174423251020130659017052989172
0000174433251020130700013382154586
0000174443251020130700013149314568
0000174453251020130700012794272626
0000174463251020130701012837622585
0000174473251020130701016878309477
0000174483251020130703012936845604
0000174493251020130703020466240621
0000174503251020130703015791665273
0000174513251020130704016492265719
0000174523251020130704012524710469
0000174533251020130707012661269543
0000174543251020130708012020036845
0000174553251020130708012812312604
0000174563251020130709013352140587
0000174573251020130709012933889589
0000174583251020130712013004611774
0000174593251020130712012420191392
0000174603251020130713012728405605
0000174613251020130713010838900388
0000174623251020130713020952304702
0000174633251020130714013376192544
0000174643251020130715012283093173
0000174653251020130715010828829354
0000174663251020130716020469791483
0000174673251020130720012454218331
0000174683251020130722012685349563
0000174693251020130722011944622610
0000174703251020130723020934729829
0000174713251020130724010721813515
0000174723251020130725011654678877
0000174733251020130730012447688387
0000174743251020130733013357590580
0000174753251020130733011688548208
0000174763251020130734017011695204
0000174773251020130751012524771913
0000174783251020130803013006314629
0000174793251020130808019036783529
0000174803251020130809019046485105
0000174813251020130816012288806798
0000174843251020130822020771573531
0000174873251020130825012252619335
0000174883251020130840013041506776
0000174893251020130841012380529975
0000174903251020130856012785451602
0000174913251020130935012859880625
0000174923251020130941020743777446
0000174933251020131047012873083621
